/home/danielacabiddu/Devel/src/MATRAC/test/tuttomatrac/apps/build-mokupUI-Desktop_Qt_6_2_0_GCC_64bit-Release/MATRAC_Session_2022-07-22.13-05-42/porto_grid.mesh
56995 1658495422 0 7 $GNGGA,131024.000,4423.79619,N,00855.74282,E,1,15,0.7,-14.3,M,44.7,M,,*5A
56996 1658495423 0 3 2.741 0.005
56997 1658495423 0 1 0.882
57004 1658495425 0 7 $GNGGA,131027.000,4423.79573,N,00855.74391,E,1,15,0.7,-13.7,M,44.7,M,,*56
57005 1658495426 0 1 1.051
57008 1658495427 0 5 0.06
57009 1658495427 0 6 0.12
57010 1658495427 0 8 4.997 12.266 11.91
57011 1658495427 0 0 27.42 8.22 105.8 67.78 132.8 8.17 14.8 0.0 279.4 3.19 46.12 1.1
57014 1658495429 0 1 0.879
57015 1658495430 0 3 2.742 0.005
57023 1658495432 0 1 1.699
57024 1658495432 0 3 2.742 0.005
57031 1658495434 0 7 $GNGGA,131036.000,4423.79414,N,00855.74906,E,1,14,0.7,-15.1,M,44.7,M,,*53
57032 1658495435 0 1 0.831
57033 1658495436 0 3 2.742 0.005
57037 1658495436 0 8 4.997 12.276 11.89
57038 1658495436 0 0 27.50 8.22 105.8 67.78 132.7 8.16 14.8 0.0 278.5 3.20 46.12 1.1
57039 1658495436 0 7 $GNGGA,131037.000,4423.79410,N,00855.74955,E,1,14,0.7,-15.3,M,44.7,M,,*52
57040 1658495438 0 7 $GNGGA,131039.000,4423.79400,N,00855.75013,E,1,15,0.7,-14.9,M,44.7,M,,*5D
57041 1658495438 0 3 2.742 0.005
57042 1658495439 0 1 0.786
57048 1658495440 0 7 $GNGGA,131040.000,4423.79401,N,00855.75049,E,1,15,0.7,-14.9,M,44.7,M,,*5D
57049 1658495441 0 1 0.840
57050 1658495442 0 3 2.742 0.005
57051 1658495442 0 4 2.577 1.586
57052 1658495442 0 5 0.06
57053 1658495442 0 6 0.11
57058 1658495444 0 3 2.742 0.005
57065 1658495445 0 7 $GNGGA,131046.000,4423.79364,N,00855.75344,E,1,15,0.7,-15.0,M,44.7,M,,*59
57066 1658495447 0 7 $GNGGA,131048.000,4423.79363,N,00855.75465,E,1,15,0.7,-14.9,M,44.7,M,,*5C
57068 1658495448 0 3 2.742 0.005
57069 1658495448 0 4 2.577 1.588
57076 1658495450 0 3 2.742 0.005
57077 1658495450 0 1 0.855
57078 1658495451 0 4 2.577 1.586
57079 1658495451 0 5 0.06
57080 1658495451 0 6 0.12
57085 1658495453 0 1 1.022
57090 1658495454 0 8 4.997 12.276 11.91
57091 1658495455 0 0 27.38 8.22 105.9 67.79 132.7 8.17 14.9 0.0 279.9 3.26 46.13 1.1
57092 1658495455 0 7 $GNGGA,131055.000,4423.79302,N,00855.75786,E,1,15,0.7,-14.5,M,44.7,M,,*55
57094 1658495456 0 1 0.844
57095 1658495457 0 3 2.742 0.005
57102 1658495458 0 7 $GNGGA,131100.000,4423.79261,N,00855.75822,E,1,15,0.7,-14.0,M,44.7,M,,*54
57103 1658495459 0 1 1.666
57105 1658495460 0 4 2.578 1.588
57106 1658495460 0 5 0.06
57107 1658495460 0 6 0.12
57111 1658495462 0 1 0.820
57112 1658495463 0 3 2.742 0.005
57119 1658495464 0 7 $GNGGA,131106.000,4423.79179,N,00855.76022,E,1,15,0.7,-14.6,M,44.7,M,,*55
57121 1658495465 0 1 0.838
57122 1658495466 0 4 2.577 1.586
57129 1658495468 0 1 0.808
57132 1658495469 0 5 0.06
57133 1658495469 0 6 0.12
57134 1658495469 0 8 4.997 12.069 11.89
57135 1658495469 0 0 27.41 8.22 105.9 67.83 132.7 8.17 14.8 0.0 279.0 3.31 46.16 1.1
57138 1658495471 0 3 2.742 0.005
57139 1658495471 0 1 0.823
57146 1658495474 0 7 $GNGGA,131115.000,4423.79119,N,00855.76213,E,1,15,0.7,-13.6,M,44.7,M,,*56
57147 1658495474 0 1 0.834
57148 1658495475 0 3 2.742 0.006
57154 1658495476 0 7 $GNGGA,131116.000,4423.79106,N,00855.76248,E,1,15,0.7,-13.7,M,44.7,M,,*54
57155 1658495476 0 7 $GNGGA,131118.000,4423.79096,N,00855.76337,E,1,15,0.7,-13.8,M,44.7,M,,*54
57156 1658495477 0 1 0.821
57157 1658495478 0 3 2.742 0.005
57158 1658495478 0 4 2.577 1.586
57161 1658495478 0 8 4.997 12.069 11.91
57162 1658495478 0 0 27.39 8.22 106.0 67.84 132.8 8.18 14.8 0.0 278.6 3.29 46.17 1.1
57163 1658495478 0 7 $GNGGA,131119.000,4423.79095,N,00855.76389,E,1,15,0.7,-13.6,M,44.7,M,,*5D
57165 1658495480 0 1 0.872
57166 1658495481 0 3 2.742 0.005
57172 1658495482 0 7 $GNGGA,131122.000,4423.79071,N,00855.76514,E,1,15,0.7,-13.5,M,44.7,M,,*5E
57173 1658495483 0 1 0.868
57175 1658495484 0 4 2.578 1.586
57176 1658495484 0 5 0.06
57177 1658495484 0 6 0.12
57182 1658495486 0 1 1.533
57187 1658495487 0 8 4.997 12.266 11.89
57188 1658495487 0 0 27.43 8.22 106.0 67.81 132.9 8.18 14.8 0.0 277.8 3.31 46.15 1.1
57189 1658495487 0 7 $GNGGA,131128.000,4423.79026,N,00855.76730,E,1,15,0.7,-12.6,M,44.7,M,,*50
57191 1658495489 0 1 0.821
57192 1658495490 0 3 2.742 0.005
57199 1658495491 0 7 $GNGGA,131133.000,4423.79005,N,00855.76915,E,1,15,0.7,-12.4,M,44.7,M,,*50
57202 1658495493 0 4 2.578 1.583
57203 1658495493 0 5 0.06
57204 1658495493 0 6 0.11
57209 1658495495 0 1 0.799
57218 1658495498 0 3 2.742 0.005
57219 1658495498 0 1 0.836
57226 1658495500 0 7 $GNGGA,131142.000,4423.79045,N,00855.77186,E,1,15,0.7,-14.6,M,44.7,M,,*55
57227 1658495501 0 1 0.799
57229 1658495502 0 4 2.577 1.586
57230 1658495502 0 5 0.06
57235 1658495504 0 1 0.841
57240 1658495505 0 8 4.997 12.276 11.89
57241 1658495505 0 0 27.42 8.22 106.1 67.73 133.0 8.19 14.8 0.0 277.2 3.30 46.09 1.1
57242 1658495505 0 7 $GNGGA,131146.000,4423.79062,N,00855.77357,E,1,15,0.7,-16.5,M,44.7,M,,*5B
57244 1658495507 0 1 0.835
57245 1658495508 0 3 2.742 0.005
57246 1658495508 0 4 2.577 1.583
57252 1658495509 0 7 $GNGGA,131151.000,4423.79078,N,00855.77468,E,1,15,0.7,-17.1,M,44.7,M,,*58
57253 1658495510 0 1 0.790
57255 1658495511 0 4 2.577 1.588
57256 1658495511 0 5 0.06
57257 1658495511 0 6 0.11
57262 1658495513 0 1 1.485
57271 1658495516 0 1 0.822
57272 1658495517 0 3 2.742 0.005
57277 1658495519 0 7 $GNGGA,131200.000,4423.79064,N,00855.77725,E,1,15,0.7,-16.2,M,44.7,M,,*5A
57278 1658495519 0 3 2.742 0.005
57280 1658495520 0 4 2.577 1.588
57281 1658495520 0 5 0.07
57287 1658495522 0 1 0.758
57292 1658495523 0 8 4.997 12.266 11.89
57293 1658495524 0 0 27.34 8.22 106.1 67.70 133.1 8.21 14.8 0.0 278.9 3.30 46.06 1.1
57295 1658495525 0 3 2.742 0.005
57296 1658495525 0 1 0.777
57303 1658495527 0 7 $GNGGA,131209.000,4423.79057,N,00855.77961,E,1,15,0.7,-14.6,M,44.7,M,,*5B
57304 1658495528 0 1 0.726
57307 1658495529 0 5 0.08
57308 1658495529 0 6 0.11
57309 1658495529 0 8 4.997 12.266 11.89
57310 1658495529 0 0 27.33 8.22 106.2 67.75 133.1 8.21 14.8 0.0 278.8 3.31 46.11 1.1
57313 1658495531 0 3 2.742 0.005
57314 1658495531 0 1 0.772
57321 1658495533 0 7 $GNGGA,131215.000,4423.79047,N,00855.78037,E,1,15,0.7,-15.2,M,44.7,M,,*57
57322 1658495534 0 1 0.836
57323 1658495535 0 3 2.742 0.005
57324 1658495535 0 4 2.577 1.588
57330 1658495536 0 7 $GNGGA,131218.000,4423.79037,N,00855.78043,E,1,15,0.7,-15.2,M,44.7,M,,*5E
57331 1658495537 0 1 0.771
57332 1658495538 0 3 2.742 0.005
57336 1658495538 0 8 4.997 12.266 11.89
57337 1658495538 0 0 27.32 8.22 106.2 67.74 133.2 8.21 14.8 0.0 277.6 3.30 46.10 1.1
57338 1658495538 0 7 $GNGGA,131219.000,4423.79033,N,00855.78045,E,1,15,0.7,-15.1,M,44.7,M,,*5E
57340 1658495540 0 1 1.433
57341 1658495541 0 3 2.742 0.005
57348 1658495542 0 7 $GNGGA,131224.000,4423.79012,N,00855.78084,E,1,15,0.7,-14.9,M,44.7,M,,*57
57349 1658495543 0 1 0.761
57351 1658495544 0 4 2.577 1.586
57357 1658495546 0 3 2.742 0.005
57363 1658495547 0 0 27.31 8.22 106.3 67.81 133.3 8.22 14.8 0.0 277.9 3.31 46.15 1.1
57364 1658495547 0 7 $GNGGA,131228.000,4423.78989,N,00855.78165,E,1,15,0.7,-14.4,M,44.7,M,,*52
57365 1658495548 0 7 $GNGGA,131230.000,4423.78979,N,00855.78177,E,1,15,0.7,-14.3,M,44.7,M,,*50
57366 1658495549 0 1 0.739
57367 1658495550 0 3 2.742 0.005
57375 1658495552 0 3 2.742 0.005
57376 1658495552 0 1 0.786
57377 1658495553 0 4 2.577 1.588
57378 1658495553 0 5 0.07
57384 1658495555 0 1 0.709
57391 1658495556 0 7 $GNGGA,131237.000,4423.78954,N,00855.78227,E,1,15,0.7,-13.9,M,44.7,M,,*53
57392 1658495557 0 7 $GNGGA,131239.000,4423.78948,N,00855.78247,E,1,15,0.7,-13.8,M,44.7,M,,*57
57393 1658495558 0 3 2.742 0.005
57394 1658495559 0 1 0.818
57401 1658495560 0 7 $GNGGA,131242.000,4423.78942,N,00855.78273,E,1,15,0.7,-13.6,M,44.7,M,,*58
57402 1658495561 0 1 0.799
57405 1658495562 0 5 0.07
57411 1658495564 0 1 0.805
57415 1658495565 0 6 0.11
57416 1658495566 0 8 4.997 12.266 11.91
57417 1658495566 0 0 27.30 8.22 106.3 67.74 133.4 8.23 14.7 0.0 277.4 3.32 46.10 1.1
57418 1658495566 0 7 $GNGGA,131246.000,4423.78935,N,00855.78332,E,1,15,0.7,-13.4,M,44.7,M,,*5A
57419 1658495567 0 1 1.441
57420 1658495568 0 3 2.742 0.005
57427 1658495569 0 7 $GNGGA,131251.000,4423.78918,N,00855.78376,E,1,15,0.7,-13.1,M,44.7,M,,*56
57428 1658495570 0 1 0.750
57431 1658495571 0 5 0.07
57432 1658495571 0 6 0.11
57433 1658495571 0 8 4.997 12.266 11.91
57437 1658495573 0 3 2.742 0.005
57438 1658495574 0 1 0.761
57445 1658495575 0 7 $GNGGA,131257.000,4423.78909,N,00855.78425,E,1,15,0.7,-12.9,M,44.7,M,,*58
57446 1658495576 0 1 0.753
57447 1658495577 0 3 2.742 0.005
57448 1658495577 0 4 2.578 1.611
57454 1658495578 0 7 $GNGGA,131300.000,4423.78905,N,00855.78445,E,1,15,0.7,-12.7,M,44.7,M,,*5F
57455 1658495579 0 3 2.741 0.005
57459 1658495580 0 6 0.11
57460 1658495580 0 8 4.997 12.079 11.89
57461 1658495580 0 0 27.33 8.22 106.4 67.79 133.6 8.24 14.7 0.0 276.0 3.32 46.13 1.1
57462 1658495580 0 7 $GNGGA,131301.000,4423.78905,N,00855.78453,E,1,15,0.7,-12.6,M,44.7,M,,*58
57463 1658495581 0 7 $GNGGA,131303.000,4423.78905,N,00855.78470,E,1,14,0.8,-12.5,M,44.7,M,,*56
57464 1658495582 0 1 0.713
57465 1658495583 0 3 2.742 0.005
57472 1658495584 0 7 $GNGGA,131306.000,4423.78905,N,00855.78496,E,1,14,0.8,-12.4,M,44.7,M,,*5A
57474 1658495586 0 1 0.804
57475 1658495586 0 4 2.577 1.621
57481 1658495588 0 1 0.859
57486 1658495589 0 8 4.997 12.069 11.89
57487 1658495589 0 0 27.33 8.22 106.4 67.80 133.7 8.24 14.7 0.0 276.5 3.32 46.14 1.1
57488 1658495589 0 7 $GNGGA,131310.000,4423.78903,N,00855.78638,E,1,14,0.8,-12.1,M,44.7,M,,*58
57490 1658495592 0 1 0.783
57491 1658495592 0 3 2.742 0.005
57498 1658495594 0 7 $GNGGA,131315.000,4423.78904,N,00855.78815,E,1,15,0.7,-11.8,M,44.7,M,,*5F
57499 1658495595 0 1 1.434
57501 1658495596 0 4 2.578 1.619
57502 1658495596 0 5 0.08
57507 1658495597 0 7 $GNGGA,131318.000,4423.78890,N,00855.78951,E,1,15,0.7,-12.0,M,44.7,M,,*54
57508 1658495598 0 1 0.800
57509 1658495598 0 3 2.742 0.005
57514 1658495599 0 0 27.32 8.22 106.4 67.80 133.7 8.25 14.7 0.0 275.9 3.31 46.14 1.1
57515 1658495599 0 7 $GNGGA,131319.000,4423.78883,N,00855.78979,E,1,15,0.7,-11.9,M,44.7,M,,*57
57517 1658495601 0 3 2.742 0.005
57518 1658495601 0 1 0.829
57525 1658495603 0 7 $GNGGA,131324.000,4423.78847,N,00855.79115,E,1,15,0.7,-11.7,M,44.7,M,,*5C
57526 1658495604 0 1 0.779
57528 1658495605 0 4 2.577 1.613
57529 1658495605 0 5 0.08
57530 1658495605 0 6 0.11
57531 1658495605 0 8 4.997 12.266 11.91
57533 1658495605 0 7 $GNGGA,131325.000,4423.78842,N,00855.79132,E,1,15,0.7,-11.7,M,44.7,M,,*5D
57535 1658495607 0 3 2.742 0.005
57536 1658495607 0 1 0.837
57541 1658495609 0 0 27.32 8.22 106.5 67.73 133.8 8.25 14.7 0.0 275.7 3.32 46.08 1.1
57542 1658495609 0 7 $GNGGA,131328.000,4423.78838,N,00855.79185,E,1,15,0.7,-11.5,M,44.7,M,,*53
57543 1658495610 0 1 0.706
57544 1658495610 0 3 2.742 0.005
57551 1658495612 0 7 $GNGGA,131333.000,4423.78820,N,00855.79273,E,1,15,0.7,-11.2,M,44.7,M,,*5D
57556 1658495614 0 6 0.11
57557 1658495614 0 8 4.997 12.257 11.89
57558 1658495614 0 0 27.31 8.22 106.5 67.72 133.8 8.25 14.7 0.0 275.8 3.30 46.08 1.1
57559 1658495614 0 7 $GNGGA,131334.000,4423.78817,N,00855.79291,E,1,15,0.7,-11.2,M,44.7,M,,*52
57561 1658495616 0 1 0.915
57562 1658495616 0 3 2.742 0.005
57569 1658495618 0 7 $GNGGA,131339.000,4423.78801,N,00855.79356,E,1,15,0.7,-11.0,M,44.7,M,,*50
57570 1658495619 0 1 0.817
57572 1658495620 0 4 2.577 1.586
57578 1658495621 0 7 $GNGGA,131342.000,4423.78795,N,00855.79381,E,1,15,0.7,-10.9,M,44.7,M,,*5C
57579 1658495622 0 1 1.489
57585 1658495623 0 0 27.31 8.22 106.6 67.74 133.8 8.26 14.7 0.0 275.2 3.30 46.10 1.1
57586 1658495623 0 7 $GNGGA,131343.000,4423.78793,N,00855.79386,E,1,15,0.7,-10.9,M,44.7,M,,*5C
57587 1658495624 0 7 $GNGGA,131345.000,4423.78785,N,00855.79397,E,1,15,0.7,-10.9,M,44.7,M,,*5D
57588 1658495625 0 1 0.779
57596 1658495627 0 7 $GNGGA,131348.000,4423.78779,N,00855.79415,E,1,15,0.7,-10.8,M,44.7,M,,*5F
57597 1658495628 0 3 2.742 0.005
57598 1658495628 0 1 0.824
57599 1658495629 0 4 2.577 1.586
57605 1658495631 0 1 0.796
57611 1658495632 0 0 27.31 8.22 106.5 67.71 133.9 8.26 14.7 0.0 275.7 3.33 46.07 1.1
57612 1658495632 0 7 $GNGGA,131352.000,4423.78773,N,00855.79455,E,1,15,0.7,-10.7,M,44.7,M,,*55
57613 1658495633 0 7 $GNGGA,131354.000,4423.78769,N,00855.79503,E,1,15,0.7,-10.7,M,44.7,M,,*5A
57614 1658495634 0 3 2.742 0.005
57615 1658495634 0 1 0.842
57623 1658495637 0 1 0.748
57625 1658495638 0 4 2.576 1.586
57626 1658495638 0 2 0.07060000 5.68279981 1.69400000 0.04370000 2.70609998 0.00480000 0.07760000 0.31279997 1.00000000 83.63899993
57631 1658495640 0 3 2.742 0.005
57637 1658495641 0 0 27.32 8.22 106.7 67.73 134.0 8.26 14.7 0.0 275.4 3.33 46.09 1.1
57638 1658495641 0 7 $GNGGA,131401.000,4423.78792,N,00855.79623,E,1,15,0.7,-10.6,M,44.7,M,,*59
57640 1658495643 0 1 0.895
57641 1658495643 0 3 2.742 0.005
57648 1658495645 0 7 $GNGGA,131406.000,4423.78794,N,00855.79734,E,1,15,0.7,-10.1,M,44.7,M,,*58
57649 1658495646 0 1 0.782
57658 1658495649 0 1 1.451
57664 1658495650 0 0 27.31 8.22 106.7 67.76 134.0 8.27 14.7 0.0 275.5 3.30 46.11 1.1
57665 1658495650 0 7 $GNGGA,131410.000,4423.78782,N,00855.79833,E,1,15,0.7,-10.2,M,44.7,M,,*53
57667 1658495652 0 1 0.807
57668 1658495652 0 3 2.742 0.005
57676 1658495655 0 3 2.742 0.005
57678 1658495656 0 4 2.577 1.581
57679 1658495656 0 5 0.08
57685 1658495658 0 3 2.742 0.005
57690 1658495659 0 0 27.31 8.22 106.7 67.77 134.1 8.27 14.7 0.0 275.4 3.29 46.12 1.1
57691 1658495659 0 7 $GNGGA,131419.000,4423.78713,N,00855.80120,E,1,15,0.7,-10.5,M,44.7,M,,*58
57693 1658495661 0 3 2.741 0.005
57694 1658495661 0 1 0.777
57701 1658495663 0 7 $GNGGA,131424.000,4423.78666,N,00855.80444,E,1,15,0.7,-10.5,M,44.7,M,,*52
57702 1658495664 0 1 0.691
57704 1658495665 0 4 2.577 1.581
57705 1658495665 0 5 0.09
57706 1658495665 0 6 0.11
57711 1658495667 0 3 2.742 0.005
57719 1658495669 0 7 $GNGGA,131430.000,4423.78612,N,00855.80838,E,1,15,0.7,-9.5,M,44.7,M,,*6B
57721 1658495670 0 3 2.741 0.005
57723 1658495671 0 5 0.09
57728 1658495672 0 7 $GNGGA,131433.000,4423.78592,N,00855.81026,E,1,15,0.7,-9.0,M,44.7,M,,*60
57729 1658495673 0 1 0.753
57733 1658495674 0 6 0.11
57734 1658495674 0 8 4.997 12.276 11.89
57735 1658495674 0 0 27.31 8.22 106.7 67.70 134.1 8.28 14.7 0.0 275.2 3.26 46.06 1.1
57736 1658495674 0 7 $GNGGA,131434.000,4423.78593,N,00855.81061,E,1,15,0.7,-8.8,M,44.7,M,,*6C
57737 1658495675 0 7 $GNGGA,131436.000,4423.78576,N,00855.81188,E,1,15,0.7,-8.0,M,44.7,M,,*6B
57738 1658495676 0 1 1.340
57740 1658495677 0 4 2.578 1.576
57744 1658495677 0 0 27.30 8.22 106.7 67.72 134.1 8.28 14.7 0.0 275.1 3.27 46.08 1.1
57745 1658495678 0 7 $GNGGA,131437.000,4423.78567,N,00855.81233,E,1,15,0.7,-8.0,M,44.7,M,,*69
57746 1658495679 0 1 0.726
57754 1658495681 0 7 $GNGGA,131442.000,4423.78615,N,00855.81506,E,1,15,0.7,-8.7,M,44.7,M,,*6B
57764 1658495685 0 1 0.676
57772 1658495687 0 7 $GNGGA,131448.000,4423.78645,N,00855.81888,E,1,15,0.7,-5.2,M,44.7,M,,*67
57773 1658495688 0 3 2.742 0.005
57774 1658495688 0 1 0.700
57781 1658495690 0 7 $GNGGA,131451.000,4423.78655,N,00855.81993,E,1,15,0.7,-4.4,M,44.7,M,,*62
57782 1658495691 0 1 0.570
57786 1658495692 0 6 0.12
57787 1658495692 0 8 4.997 12.257 11.89
57788 1658495692 0 0 27.29 8.22 106.6 67.75 134.2 8.28 14.8 0.0 275.3 3.23 46.10 1.1
57793 1658495695 0 4 2.576 1.578
57794 1658495695 0 5 0.09
57799 1658495696 0 7 $GNGGA,131457.000,4423.78767,N,00855.82311,E,1,15,0.7,-2.9,M,44.7,M,,*6C
57800 1658495697 0 1 0.694
57802 1658495698 0 4 2.577 1.578
57808 1658495700 0 1 0.682
57814 1658495701 0 0 27.29 8.22 106.6 67.71 134.3 8.29 14.8 0.0 275.1 3.21 46.07 1.1
57815 1658495701 0 7 $GNGGA,131501.000,4423.78861,N,00855.82492,E,1,15,0.7,-3.3,M,44.7,M,,*60
57816 1658495702 0 7 $GNGGA,131503.000,4423.78893,N,00855.82598,E,1,15,0.7,-3.5,M,44.7,M,,*62
57817 1658495703 0 1 1.302
57818 1658495703 0 3 2.742 0.005
57825 1658495705 0 7 $GNGGA,131506.000,4423.78967,N,00855.82771,E,1,15,0.7,-3.2,M,44.7,M,,*6F
57826 1658495706 0 1 0.692
57828 1658495707 0 4 2.576 1.576
57829 1658495707 0 5 0.09
57830 1658495707 0 6 0.12
57831 1658495707 0 8 4.997 12.266 11.89
57835 1658495709 0 3 2.742 0.005
57836 1658495709 0 1 0.681
57843 1658495711 0 7 $GNGGA,131512.000,4423.79167,N,00855.83025,E,1,15,0.7,-4.0,M,44.7,M,,*61
57846 1658495713 0 4 2.576 1.576
57852 1658495714 0 7 $GNGGA,131515.000,4423.79298,N,00855.83099,E,1,15,0.7,-4.5,M,44.7,M,,*67
57855 1658495716 0 4 2.576 1.576
57856 1658495716 0 5 0.09
57857 1658495716 0 6 0.12
57858 1658495716 0 8 4.997 12.069 11.89
57861 1658495718 0 1 0.519
57862 1658495719 0 3 2.742 0.005
57867 1658495720 0 0 27.29 8.22 106.4 67.70 134.4 8.29 14.8 0.0 274.0 3.13 46.07 1.1
57868 1658495720 0 7 $GNGGA,131519.000,4423.79507,N,00855.83152,E,1,15,0.7,-5.0,M,44.7,M,,*68
57869 1658495721 0 3 2.741 0.005
57870 1658495721 0 1 0.673
57877 1658495723 0 7 $GNGGA,131524.000,4423.79750,N,00855.83226,E,1,15,0.7,-4.4,M,44.7,M,,*63
57880 1658495725 0 4 2.576 1.576
57881 1658495725 0 5 0.09
57887 1658495727 0 1 0.665
57894 1658495729 0 7 $GNGGA,131528.000,4423.79920,N,00855.83308,E,1,15,0.7,-5.0,M,44.7,M,,*6E
57895 1658495729 0 7 $GNGGA,131530.000,4423.80013,N,00855.83338,E,1,15,0.7,-4.4,M,44.7,M,,*6E
57896 1658495730 0 1 1.328
57897 1658495731 0 3 2.741 0.005
57904 1658495732 0 7 $GNGGA,131533.000,4423.80158,N,00855.83309,E,1,15,0.7,-4.1,M,44.7,M,,*64
57905 1658495733 0 1 0.647
57911 1658495735 0 0 27.34 8.22 106.4 67.76 134.4 8.29 14.8 0.0 273.1 3.11 46.11 1.1
57914 1658495736 0 1 0.639
57920 1658495737 0 7 $GNGGA,131537.000,4423.80357,N,00855.83235,E,1,15,0.7,-4.0,M,44.7,M,,*62
57921 1658495738 0 7 $GNGGA,131539.000,4423.80455,N,00855.83157,E,1,15,0.7,-4.0,M,44.7,M,,*6E
57922 1658495739 0 1 0.591
57923 1658495740 0 3 2.741 0.005
57930 1658495741 0 7 $GNGGA,131542.000,4423.80591,N,00855.83026,E,1,15,0.7,-4.0,M,44.7,M,,*6C
57931 1658495742 0 3 2.741 0.005
57934 1658495743 0 5 0.09
57935 1658495743 0 6 0.12
57936 1658495743 0 8 4.997 12.266 11.91
57937 1658495743 0 0 27.30 8.22 106.3 67.68 134.4 8.30 14.9 0.0 274.0 3.06 46.05 1.1
57940 1658495745 0 1 0.557
57941 1658495746 0 3 2.740 0.005
57948 1658495747 0 7 $GNGGA,131548.000,4423.80827,N,00855.82723,E,1,15,0.7,-4.2,M,44.7,M,,*67
57949 1658495748 0 3 2.740 0.005
57950 1658495748 0 1 0.609
57957 1658495750 0 7 $GNGGA,131551.000,4423.80971,N,00855.82546,E,1,15,0.7,-3.8,M,44.7,M,,*61
57958 1658495751 0 1 0.816
57959 1658495752 0 3 2.740 0.005
57963 1658495752 0 8 4.997 12.276 11.89
57964 1658495752 0 0 27.29 8.22 106.2 67.77 134.5 8.30 14.8 0.0 273.5 2.96 46.12 1.1
57965 1658495752 0 7 $GNGGA,131552.000,4423.81004,N,00855.82470,E,1,15,0.7,-3.8,M,44.7,M,,*6C
57966 1658495753 0 7 $GNGGA,131554.000,4423.81063,N,00855.82292,E,1,15,0.7,-4.0,M,44.7,M,,*6E
57967 1658495754 0 1 0.654
57968 1658495755 0 3 2.740 0.005
57975 1658495757 0 1 1.302
57976 1658495758 0 3 2.740 0.005
57977 1658495758 0 6 0.12
57978 1658495758 0 2 0.06380000 5.58169984 1.62230005 0.04289999 2.77870011 0.00430000 0.07540000 0.28259997 1.00000000 84.06500244
57984 1658495761 0 4 2.575 1.586
57985 1658495761 0 5 0.09
57987 1658495761 0 8 4.997 12.276 11.91
57988 1658495761 0 0 27.43 8.22 106.1 67.76 134.5 8.28 14.6 0.0 272.8 2.88 46.10 1.1
57991 1658495763 0 1 0.639
57998 1658495765 0 7 $GNGGA,131606.000,4423.81336,N,00855.81705,E,1,15,0.7,-3.0,M,44.7,M,,*66
57999 1658495766 0 1 0.641
58001 1658495767 0 4 2.574 1.591
58002 1658495767 0 5 0.09
58003 1658495767 0 6 0.12
58016 1658495771 0 7 $GNGGA,131612.000,4423.81392,N,00855.81249,E,1,15,0.7,-3.4,M,44.7,M,,*64
58017 1658495772 0 1 0.556
58018 1658495773 0 3 2.738 0.005
58025 1658495774 0 7 $GNGGA,131615.000,4423.81403,N,00855.80974,E,1,15,0.7,-3.7,M,44.7,M,,*6B
58027 1658495775 0 1 0.613
58028 1658495776 0 4 2.575 1.593
58029 1658495776 0 5 0.09
58035 1658495779 0 3 2.738 0.005
58039 1658495779 0 8 4.997 12.276 11.89
58040 1658495779 0 0 27.65 8.22 105.8 67.76 134.6 8.25 14.7 0.0 268.6 2.65 46.10 1.1
58041 1658495779 0 7 $GNGGA,131619.000,4423.81408,N,00855.80659,E,1,15,0.7,-3.5,M,44.7,M,,*6E
58042 1658495780 0 7 $GNGGA,131621.000,4423.81410,N,00855.80469,E,1,15,0.7,-3.5,M,44.7,M,,*6D
58043 1658495781 0 1 0.594
58044 1658495782 0 3 2.738 0.005
58051 1658495783 0 7 $GNGGA,131624.000,4423.81400,N,00855.80189,E,1,15,0.7,-3.3,M,44.7,M,,*64
58052 1658495784 0 1 1.260
58054 1658495785 0 4 2.573 1.596
58055 1658495785 0 5 0.10
58061 1658495787 0 1 0.593
58068 1658495788 0 7 $GNGGA,131628.000,4423.81355,N,00855.79777,E,1,15,0.7,-3.4,M,44.7,M,,*69
58069 1658495789 0 7 $GNGGA,131630.000,4423.81340,N,00855.79578,E,1,15,0.7,-3.5,M,44.7,M,,*68
58070 1658495790 0 3 2.737 0.005
58071 1658495790 0 1 0.640
58078 1658495792 0 7 $GNGGA,131633.000,4423.81307,N,00855.79291,E,1,15,0.7,-3.3,M,44.7,M,,*6E
58079 1658495793 0 1 0.719
58082 1658495794 0 5 0.09
58083 1658495794 0 6 0.13
58084 1658495794 0 8 4.997 12.266 11.89
58085 1658495794 0 0 27.67 8.22 105.6 67.79 134.3 8.23 14.8 0.0 269.7 2.41 46.12 1.1
58088 1658495796 0 3 2.733 0.005
58089 1658495796 0 1 0.688
58095 1658495798 0 7 $GNGGA,131637.000,4423.81263,N,00855.78894,E,1,15,0.7,-3.0,M,44.7,M,,*64
58096 1658495799 0 1 0.619
58104 1658495801 0 7 $GNGGA,131642.000,4423.81216,N,00855.78395,E,1,15,0.7,-2.7,M,44.7,M,,*68
58105 1658495802 0 3 2.731 0.005
58108 1658495803 0 5 0.09
58109 1658495803 0 6 0.13
58110 1658495803 0 8 4.997 12.276 11.91
58111 1658495803 0 0 27.67 8.22 105.4 67.75 134.1 8.22 14.9 0.0 271.2 2.31 46.09 1.1
58114 1658495805 0 1 0.849
58115 1658495806 0 3 2.733 0.005
58122 1658495807 0 7 $GNGGA,131648.000,4423.81179,N,00855.77766,E,1,15,0.7,-2.5,M,44.7,M,,*6D
58124 1658495809 0 3 2.734 0.005
58125 1658495809 0 4 2.574 1.591
58131 1658495810 0 7 $GNGGA,131651.000,4423.81171,N,00855.77448,E,1,15,0.7,-2.2,M,44.7,M,,*65
58132 1658495811 0 1 1.304
58135 1658495812 0 5 0.09
58136 1658495812 0 6 0.13
58137 1658495812 0 8 4.997 12.266 11.89
58141 1658495814 0 1 0.644
58149 1658495816 0 7 $GNGGA,131657.000,4423.81158,N,00855.76817,E,1,15,0.7,-1.1,M,44.7,M,,*6F
58150 1658495817 0 3 2.732 0.005
58151 1658495817 0 1 0.611
58158 1658495820 0 1 0.580
58163 1658495821 0 8 4.997 12.079 11.87
58164 1658495821 0 0 27.90 8.21 105.2 67.94 133.2 8.13 14.9 0.0 271.1 2.25 46.23 1.1
58165 1658495821 0 7 $GNGGA,131701.000,4423.81198,N,00855.76357,E,1,15,0.7,-0.6,M,44.7,M,,*68
58167 1658495823 0 3 2.733 0.005
58168 1658495823 0 1 0.649
58175 1658495825 0 7 $GNGGA,131706.000,4423.81272,N,00855.75851,E,1,15,0.7,-0.5,M,44.7,M,,*65
58176 1658495826 0 1 0.545
58177 1658495827 0 3 2.732 0.005
58178 1658495827 0 4 2.573 1.591
58179 1658495827 0 5 0.09
58180 1658495827 0 6 0.13
58185 1658495829 0 3 2.733 0.005
58192 1658495830 0 7 $GNGGA,131710.000,4423.81323,N,00855.75469,E,1,15,0.7,-0.1,M,44.7,M,,*64
58193 1658495831 0 7 $GNGGA,131712.000,4423.81353,N,00855.75286,E,1,15,0.7,-0.1,M,44.7,M,,*66
58195 1658495833 0 3 2.732 0.005
58202 1658495834 0 7 $GNGGA,131715.000,4423.81415,N,00855.74969,E,1,15,0.7,0.2,M,44.7,M,,*41
58203 1658495835 0 1 0.614
58206 1658495836 0 5 0.10
58207 1658495836 0 6 0.13
58208 1658495836 0 8 4.997 12.079 11.89
58212 1658495838 0 1 1.107
58213 1658495839 0 3 2.732 0.005
58219 1658495840 0 7 $GNGGA,131719.000,4423.81501,N,00855.74540,E,1,15,0.7,0.1,M,44.7,M,,*4D
58220 1658495841 0 1 0.603
58221 1658495842 0 3 2.732 0.005
58227 1658495843 0 7 $GNGGA,131722.000,4423.81575,N,00855.74212,E,1,15,0.7,0.3,M,44.7,M,,*44
58228 1658495843 0 7 $GNGGA,131724.000,4423.81626,N,00855.73979,E,1,15,0.7,0.7,M,44.7,M,,*42
58233 1658495845 0 6 0.13
58234 1658495845 0 8 4.997 12.257 11.91
58235 1658495845 0 0 27.96 8.21 104.8 67.90 130.6 7.97 15.0 0.0 277.6 2.14 46.20 1.2
58236 1658495845 0 7 $GNGGA,131725.000,4423.81659,N,00855.73871,E,1,15,0.7,1.0,M,44.7,M,,*44
58238 1658495847 0 1 0.495
58239 1658495848 0 3 2.730 0.005
58246 1658495849 0 7 $GNGGA,131730.000,4423.81758,N,00855.73330,E,1,15,0.7,1.5,M,44.7,M,,*4B
58249 1658495851 0 4 2.574 1.593
58256 1658495853 0 1 0.447
58262 1658495854 0 0 28.05 8.21 104.7 67.89 129.9 7.92 15.0 0.0 279.3 2.12 46.19 1.2
58263 1658495855 0 7 $GNGGA,131734.000,4423.81843,N,00855.72847,E,1,15,0.7,0.8,M,44.7,M,,*4C
58265 1658495856 0 3 2.731 0.005
58266 1658495857 0 1 0.582
58273 1658495858 0 7 $GNGGA,131739.000,4423.81921,N,00855.72266,E,1,15,0.7,0.4,M,44.7,M,,*41
58274 1658495859 0 1 0.611
58276 1658495860 0 4 2.575 1.593
58277 1658495860 0 5 0.09
58278 1658495860 0 6 0.13
58283 1658495863 0 3 2.733 0.005
58284 1658495863 0 4 2.573 1.593
58288 1658495863 0 0 27.90 8.21 104.5 67.92 129.3 7.89 15.1 0.0 287.8 2.16 46.22 1.2
58289 1658495864 0 7 $GNGGA,131743.000,4423.81972,N,00855.71775,E,1,15,0.7,-0.4,M,44.7,M,,*63
58290 1658495865 0 1 1.093
58291 1658495866 0 3 2.732 0.005
58298 1658495867 0 7 $GNGGA,131748.000,4423.81981,N,00855.71198,E,1,15,0.7,-0.3,M,44.7,M,,*66
58299 1658495868 0 1 0.548
58300 1658495869 0 3 2.731 0.005
58301 1658495869 0 4 2.575 1.591
58302 1658495869 0 5 0.09
58303 1658495869 0 6 0.13
58304 1658495869 0 8 4.997 12.266 11.89
58306 1658495869 0 7 $GNGGA,131749.000,4423.81973,N,00855.71077,E,1,15,0.7,-0.1,M,44.7,M,,*68
58308 1658495871 0 3 2.730 0.005
58309 1658495872 0 1 0.564
58316 1658495873 0 7 $GNGGA,131754.000,4423.81959,N,00855.70571,E,1,15,0.7,-0.1,M,44.7,M,,*6E
58318 1658495875 0 3 2.730 0.005
58325 1658495877 0 3 2.729 0.005
58326 1658495878 0 1 0.576
58329 1658495878 0 7 $GNGGA,131758.000,4423.81935,N,00855.70136,E,1,15,0.7,0.2,M,44.7,M,,*41
58330 1658495878 0 7 $GNGGA,131759.000,4423.81928,N,00855.70013,E,1,15,0.7,0.1,M,44.7,M,,*49
58332 1658495880 0 1 0.522
58333 1658495881 0 3 2.730 0.005
58341 1658495884 0 1 0.633
58342 1658495884 0 4 2.575 1.593
58349 1658495886 0 1 0.704
58355 1658495887 0 0 27.90 8.21 104.4 67.81 129.5 7.91 15.1 0.0 296.4 1.99 46.13 1.2
58356 1658495887 0 7 $GNGGA,131807.000,4423.81890,N,00855.69139,E,1,15,0.7,-1.1,M,44.7,M,,*62
58357 1658495888 0 7 $GNGGA,131809.000,4423.81880,N,00855.68947,E,1,15,0.7,-1.3,M,44.7,M,,*6F
58358 1658495889 0 1 0.662
58359 1658495890 0 3 2.724 0.005
58366 1658495891 0 7 $GNGGA,131812.000,4423.81794,N,00855.68642,E,1,15,0.7,-0.6,M,44.7,M,,*61
58367 1658495892 0 1 1.170
58368 1658495893 0 3 2.725 0.005
58369 1658495893 0 4 2.574 1.601
58370 1658495893 0 5 0.12
58376 1658495895 0 1 0.624
58380 1658495896 0 6 0.13
58381 1658495896 0 8 4.997 12.266 11.89
58382 1658495897 0 0 27.82 8.21 104.3 67.89 129.8 7.94 15.1 0.0 299.6 1.99 46.19 1.2
58383 1658495897 0 7 $GNGGA,131816.000,4423.81717,N,00855.68253,E,1,15,0.7,-0.4,M,44.7,M,,*68
58384 1658495898 0 3 2.731 0.005
58385 1658495899 0 1 0.691
58392 1658495900 0 7 $GNGGA,131821.000,4423.81660,N,00855.67734,E,1,15,0.7,-0.2,M,44.7,M,,*60
58393 1658495901 0 1 0.704
58395 1658495902 0 4 2.575 1.596
58396 1658495902 0 5 0.11
58397 1658495902 0 6 0.13
58398 1658495902 0 8 4.997 12.266 11.89
58402 1658495904 0 3 2.732 0.005
58403 1658495905 0 1 0.656
58410 1658495906 0 7 $GNGGA,131827.000,4423.81631,N,00855.67128,E,1,15,0.7,-0.1,M,44.7,M,,*6A
58412 1658495908 0 3 2.732 0.005
58422 1658495911 0 4 2.575 1.596
58423 1658495911 0 5 0.08
58424 1658495911 0 6 0.13
58429 1658495913 0 1 0.745
58430 1658495914 0 3 2.736 0.005
58437 1658495915 0 7 $GNGGA,131836.000,4423.81806,N,00855.66178,E,1,15,0.7,-0.3,M,44.7,M,,*66
58438 1658495916 0 1 0.680
58439 1658495917 0 3 2.735 0.005
58446 1658495919 0 1 1.161
58447 1658495920 0 3 2.736 0.005
58450 1658495920 0 6 0.13
58451 1658495920 0 8 4.997 12.276 11.89
58452 1658495920 0 0 27.84 8.21 104.0 67.79 130.5 7.98 15.0 0.0 299.6 2.34 46.12 1.2
58453 1658495920 0 7 $GNGGA,131840.000,4423.81894,N,00855.65775,E,1,15,0.7,0.5,M,44.7,M,,*4F
58455 1658495922 0 1 0.675
58456 1658495923 0 3 2.735 0.005
58464 1658495925 0 3 2.735 0.005
58465 1658495926 0 1 0.684
58466 1658495926 0 4 2.575 1.596
58467 1658495926 0 5 0.06
58473 1658495928 0 1 0.685
58474 1658495929 0 3 2.734 0.005
58478 1658495929 0 8 4.997 12.276 11.91
58479 1658495929 0 0 27.83 8.21 104.0 67.77 130.9 8.01 15.1 0.0 304.0 2.27 46.10 1.2
58480 1658495930 0 7 $GNGGA,131849.000,4423.82053,N,00855.64807,E,1,15,0.7,1.2,M,44.7,M,,*4B
58481 1658495931 0 3 2.734 0.005
58482 1658495932 0 1 0.698
58487 1658495933 0 0 27.75 8.22 103.9 67.86 131.2 8.03 15.1 0.0 306.6 2.26 46.17 1.2
58489 1658495934 0 1 0.662
58491 1658495935 0 4 2.575 1.596
58492 1658495935 0 5 0.06
58493 1658495935 0 6 0.13
58494 1658495935 0 8 4.997 12.266 11.89
58498 1658495937 0 3 2.733 0.005
58499 1658495938 0 1 0.695
58505 1658495939 0 7 $GNGGA,131858.000,4423.82201,N,00855.63820,E,1,15,0.7,1.2,M,44.7,M,,*4C
58506 1658495940 0 1 0.771
58507 1658495941 0 3 2.732 0.005
58514 1658495942 0 7 $GNGGA,131903.000,4423.82263,N,00855.63221,E,1,15,0.7,0.7,M,44.7,M,,*48
58515 1658495943 0 1 0.717
58518 1658495944 0 5 0.06
58519 1658495944 0 6 0.13
58520 1658495944 0 8 4.997 12.276 11.89
58521 1658495944 0 0 27.69 8.22 103.8 67.80 131.3 8.05 15.1 0.0 308.5 2.19 46.13 1.2
58522 1658495945 0 7 $GNGGA,131904.000,4423.82266,N,00855.63103,E,1,15,0.7,0.5,M,44.7,M,,*4B
58524 1658495946 0 1 1.235
58525 1658495947 0 3 2.731 0.005
58532 1658495949 0 1 0.688
58533 1658495950 0 3 2.728 0.005
58535 1658495950 0 5 0.06
58542 1658495953 0 1 0.723
58543 1658495953 0 4 2.573 1.581
58544 1658495953 0 5 0.06
58545 1658495953 0 6 0.13
58546 1658495953 0 8 4.997 12.276 11.89
58547 1658495953 0 0 27.66 8.22 103.8 67.80 131.3 8.05 15.1 0.0 309.1 2.08 46.13 1.2
58550 1658495955 0 1 0.667
58551 1658495956 0 3 2.728 0.005
58552 1658495956 0 4 2.574 1.579
58558 1658495957 0 7 $GNGGA,131918.000,4423.82347,N,00855.61468,E,1,15,0.7,-0.4,M,44.7,M,,*62
58559 1658495958 0 3 2.724 0.005
58560 1658495959 0 1 0.718
58567 1658495960 0 7 $GNGGA,131921.000,4423.82348,N,00855.61137,E,1,15,0.7,-0.2,M,44.7,M,,*6E
58568 1658495961 0 1 0.697
58572 1658495962 0 6 0.13
58573 1658495962 0 8 4.997 12.257 11.89
58574 1658495962 0 0 27.68 8.22 103.6 67.77 131.4 8.06 15.1 0.0 304.6 1.99 46.11 1.2
58576 1658495963 0 7 $GNGGA,131924.000,4423.82336,N,00855.60791,E,1,15,0.7,-0.6,M,44.7,M,,*6D
58577 1658495964 0 3 2.718 0.005
58578 1658495965 0 1 0.695
58585 1658495966 0 7 $GNGGA,131927.000,4423.82326,N,00855.60420,E,1,15,0.7,-1.6,M,44.7,M,,*67
58586 1658495967 0 1 0.777
58587 1658495968 0 3 2.722 0.005
58588 1658495968 0 4 2.573 1.581
58594 1658495970 0 1 0.676
58599 1658495971 0 8 4.997 12.266 11.89
58600 1658495971 0 0 27.86 8.21 103.6 67.79 131.6 8.04 15.1 0.0 302.2 1.95 46.11 1.2
58601 1658495972 0 7 $GNGGA,131931.000,4423.82331,N,00855.59964,E,1,15,0.7,-1.7,M,44.7,M,,*60
58602 1658495972 0 7 $GNGGA,131933.000,4423.82328,N,00855.59728,E,1,15,0.7,-1.9,M,44.7,M,,*62
58603 1658495973 0 1 1.187
58604 1658495974 0 3 2.721 0.005
58611 1658495975 0 7 $GNGGA,131936.000,4423.82328,N,00855.59386,E,1,15,0.7,-1.8,M,44.7,M,,*66
58612 1658495976 0 1 0.668
58613 1658495977 0 3 2.718 0.005
58614 1658495977 0 4 2.573 1.581
58615 1658495977 0 5 0.07
58616 1658495977 0 6 0.08
58622 1658495980 0 1 0.696
58629 1658495981 0 7 $GNGGA,131942.000,4423.82365,N,00855.58659,E,1,15,0.7,-1.7,M,44.7,M,,*65
58630 1658495982 0 1 0.681
58631 1658495983 0 3 2.720 0.005
58638 1658495984 0 7 $GNGGA,131945.000,4423.82354,N,00855.58303,E,1,15,0.7,-2.3,M,44.7,M,,*6D
58639 1658495985 0 3 2.720 0.005
58641 1658495986 0 4 2.573 1.586
58642 1658495986 0 5 0.11
58643 1658495986 0 6 0.11
58647 1658495988 0 1 0.639
58648 1658495989 0 3 2.722 0.005
58653 1658495990 0 0 27.75 8.22 103.4 67.79 131.7 8.06 15.1 0.0 304.2 1.97 46.12 1.2
58654 1658495990 0 7 $GNGGA,131949.000,4423.82408,N,00855.57836,E,1,15,0.7,-1.9,M,44.7,M,,*64
58655 1658495991 0 3 2.723 0.005
58656 1658495992 0 1 0.713
58663 1658495993 0 7 $GNGGA,131954.000,4423.82477,N,00855.57268,E,1,15,0.7,-2.3,M,44.7,M,,*68
58664 1658495994 0 1 0.762
58666 1658495995 0 4 2.573 1.581
58667 1658495995 0 5 0.11
58670 1658495995 0 0 27.77 8.21 103.4 67.78 131.7 8.06 15.1 0.0 303.5 2.09 46.11 1.2
58671 1658495996 0 7 $GNGGA,131955.000,4423.82484,N,00855.57169,E,1,15,0.7,-2.1,M,44.7,M,,*65
58672 1658495997 0 1 0.649
58678 1658495999 0 7 $GNGGA,132000.000,4423.82593,N,00855.56637,E,1,15,0.7,-1.8,M,44.7,M,,*6F
58679 1658496000 0 1 1.197
58680 1658496001 0 3 2.731 0.005
58687 1658496002 0 7 $GNGGA,132003.000,4423.82652,N,00855.56304,E,1,15,0.7,-1.2,M,44.7,M,,*6D
58688 1658496003 0 1 0.742
58690 1658496004 0 4 2.573 1.581
58691 1658496004 0 5 0.10
58696 1658496006 0 3 2.734 0.005
58697 1658496007 0 1 0.712
58703 1658496008 0 7 $GNGGA,132007.000,4423.82749,N,00855.55843,E,1,15,0.7,-0.5,M,44.7,M,,*6F
58704 1658496008 0 7 $GNGGA,132009.000,4423.82763,N,00855.55609,E,1,15,0.7,-0.9,M,44.7,M,,*65
58706 1658496010 0 3 2.736 0.005
58713 1658496012 0 3 2.736 0.005
58714 1658496013 0 1 0.620
58716 1658496013 0 5 0.10
58717 1658496013 0 6 0.12
58718 1658496013 0 8 4.997 12.276 11.89
58719 1658496013 0 0 27.69 8.22 103.3 67.81 131.6 8.06 15.0 0.0 305.2 2.31 46.14 1.2
58722 1658496015 0 1 0.666
58723 1658496016 0 3 2.736 0.005
58724 1658496016 0 4 2.573 1.583
58731 1658496018 0 3 2.735 0.005
58732 1658496019 0 1 0.734
58739 1658496021 0 1 0.632
58743 1658496022 0 6 0.11
58744 1658496022 0 8 4.997 12.276 11.91
58745 1658496022 0 0 27.75 8.21 103.3 67.95 131.5 8.05 15.0 0.0 299.9 2.32 46.24 1.2
58748 1658496024 0 1 0.685
58749 1658496025 0 3 2.735 0.005
58755 1658496026 0 7 $GNGGA,132025.000,4423.82635,N,00855.53815,E,1,15,0.7,-2.0,M,44.7,M,,*67
58756 1658496027 0 1 1.151
58763 1658496029 0 7 $GNGGA,132028.000,4423.82577,N,00855.53513,E,1,15,0.7,-2.1,M,44.7,M,,*65
58764 1658496030 0 1 0.642
58768 1658496031 0 6 0.11
58769 1658496031 0 8 4.997 12.266 11.89
58770 1658496031 0 0 27.74 8.22 103.3 67.83 131.5 8.05 15.1 0.0 301.9 2.25 46.15 1.2
58772 1658496033 0 3 2.732 0.005
58773 1658496034 0 1 0.556
58778 1658496035 0 0 27.85 8.22 103.2 67.85 131.5 8.04 15.0 0.0 295.5 2.24 46.16 1.2
58782 1658496037 0 3 2.732 0.005
58783 1658496037 0 4 2.573 1.578
58790 1658496040 0 1 0.521
58793 1658496040 0 6 0.11
58794 1658496040 0 8 4.997 12.266 11.89
58795 1658496040 0 0 27.99 8.21 103.2 67.88 131.4 8.01 15.0 0.0 295.1 2.17 46.18 1.2
58796 1658496041 0 7 $GNGGA,132040.000,4423.82303,N,00855.52236,E,1,15,0.7,-3.1,M,44.7,M,,*6E
58797 1658496042 0 1 0.468
58805 1658496045 0 3 2.729 0.005
58806 1658496046 0 1 0.487
58807 1658496046 0 4 2.573 1.578
58808 1658496046 0 5 0.07
58813 1658496048 0 1 0.485
58814 1658496049 0 3 2.730 0.005
58819 1658496049 0 0 28.13 8.21 103.2 68.00 131.2 7.98 15.0 0.0 294.7 2.11 46.27 1.2
58820 1658496050 0 7 $GNGGA,132049.000,4423.82098,N,00855.51298,E,1,15,0.7,-3.9,M,44.7,M,,*69
58821 1658496051 0 1 0.505
58828 1658496053 0 7 $GNGGA,132052.000,4423.82025,N,00855.50996,E,1,15,0.7,-4.0,M,44.7,M,,*6F
58829 1658496054 0 1 0.906
58830 1658496055 0 3 2.725 0.005
58831 1658496055 0 4 2.573 1.576
58832 1658496055 0 5 0.08
58838 1658496057 0 1 0.396
58844 1658496059 0 0 28.16 8.21 103.1 67.85 130.8 7.96 15.0 0.0 292.5 2.03 46.15 1.2
58845 1658496059 0 7 $GNGGA,132058.000,4423.81852,N,00855.50315,E,1,15,0.7,-3.8,M,44.7,M,,*60
58846 1658496060 0 3 2.728 0.005
58847 1658496061 0 1 0.354
58854 1658496063 0 1 0.368
58855 1658496064 0 3 2.727 0.005
58856 1658496064 0 4 2.573 1.578
58857 1658496064 0 5 0.08
58866 1658496067 0 6 0.12
58867 1658496067 0 8 4.997 12.295 11.89
58868 1658496068 0 0 28.15 8.21 103.1 68.05 130.1 7.91 15.1 0.0 301.3 2.02 46.31 1.2
58870 1658496069 0 1 0.278
58871 1658496070 0 3 2.723 0.005
58877 1658496071 0 7 $GNGGA,132110.000,4423.81584,N,00855.48871,E,1,15,0.7,-4.4,M,44.7,M,,*60
58878 1658496072 0 3 2.725 0.005
58879 1658496073 0 1 0.376
58880 1658496073 0 4 2.575 1.578
58881 1658496073 0 5 0.08
58882 1658496073 0 6 0.12
58886 1658496075 0 1 0.387
58893 1658496077 0 7 $GNGGA,132116.000,4423.81488,N,00855.48220,E,1,15,0.7,-2.6,M,44.7,M,,*61
58894 1658496078 0 1 0.305
58895 1658496079 0 3 2.728 0.005
58902 1658496081 0 1 0.835
58904 1658496082 0 4 2.573 1.583
58905 1658496082 0 5 0.08
58906 1658496082 0 6 0.12
58907 1658496082 0 8 4.997 12.285 11.89
58910 1658496084 0 1 0.270
58911 1658496085 0 3 2.728 0.005
58917 1658496086 0 7 $GNGGA,132125.000,4423.81291,N,00855.47164,E,1,15,0.7,-2.0,M,44.7,M,,*65
58918 1658496087 0 3 2.725 0.005
58919 1658496088 0 1 0.281
58925 1658496089 0 7 $GNGGA,132128.000,4423.81278,N,00855.46842,E,1,15,0.7,-2.3,M,44.7,M,,*60
58926 1658496090 0 1 0.288
58929 1658496091 0 5 0.08
58930 1658496091 0 6 0.12
58931 1658496091 0 8 4.997 12.295 11.89
58932 1658496091 0 0 28.30 8.21 103.1 68.07 127.7 7.74 15.1 0.0 307.5 2.05 46.32 1.2
58934 1658496093 0 3 2.730 0.005
58935 1658496094 0 1 0.331
58940 1658496095 0 0 28.25 8.21 103.1 68.11 127.2 7.72 15.1 0.0 308.5 2.07 46.35 1.2
58942 1658496096 0 1 0.259
58943 1658496097 0 3 2.729 0.005
58950 1658496099 0 3 2.729 0.005
58951 1658496100 0 1 0.303
58953 1658496100 0 5 0.08
58954 1658496100 0 6 0.12
58955 1658496100 0 8 4.997 12.295 11.89
58956 1658496100 0 0 28.24 8.21 103.1 67.98 126.6 7.68 15.0 0.0 308.0 2.04 46.25 1.2
58958 1658496102 0 1 0.360
58959 1658496103 0 3 2.728 0.005
58966 1658496105 0 1 0.327
58967 1658496106 0 3 2.727 0.005
58968 1658496106 0 4 2.576 1.583
58974 1658496108 0 1 0.947
58975 1658496109 0 3 2.729 0.005
58980 1658496109 0 0 28.29 8.21 103.2 68.06 125.7 7.63 15.1 0.0 312.1 2.09 46.31 1.2
58981 1658496110 0 7 $GNGGA,132149.000,4423.81443,N,00855.44315,E,1,15,0.7,-1.6,M,44.7,M,,*64
58982 1658496111 0 1 0.288
58983 1658496112 0 3 2.729 0.005
58989 1658496113 0 7 $GNGGA,132152.000,4423.81495,N,00855.43971,E,1,15,0.7,-1.5,M,44.7,M,,*69
58990 1658496114 0 3 2.730 0.005
58991 1658496115 0 1 0.312
58992 1658496115 0 4 2.576 1.591
58993 1658496115 0 5 0.08
58994 1658496115 0 6 0.12
58996 1658496115 0 0 28.17 8.21 103.3 68.02 125.5 7.62 15.2 0.0 317.1 2.06 46.29 1.2
58998 1658496117 0 1 0.319
59002 1658496118 0 7 $GNGGA,132158.000,4423.81648,N,00855.43284,E,1,15,0.7,-0.3,M,44.7,M,,*67
59003 1658496119 0 7 $GNGGA,132200.000,4423.81697,N,00855.43035,E,1,15,0.7,-0.6,M,44.7,M,,*66
59004 1658496120 0 3 2.729 0.005
59005 1658496121 0 1 0.353
59012 1658496123 0 1 0.254
59014 1658496124 0 4 2.576 1.588
59015 1658496124 0 5 0.08
59016 1658496124 0 6 0.12
59021 1658496127 0 1 0.364
59026 1658496128 0 0 28.14 8.21 103.4 67.94 125.4 7.63 15.2 0.0 320.2 2.10 46.22 1.2
59027 1658496128 0 7 $GNGGA,132207.000,4423.81884,N,00855.42107,E,1,15,0.7,-1.9,M,44.7,M,,*62
59028 1658496129 0 1 0.560
59029 1658496130 0 3 2.731 0.005
59035 1658496131 0 7 $GNGGA,132210.000,4423.81964,N,00855.41725,E,1,15,0.7,-2.2,M,44.7,M,,*66
59036 1658496132 0 1 0.367
59037 1658496133 0 3 2.730 0.005
59039 1658496133 0 5 0.08
59040 1658496133 0 6 0.12
59041 1658496133 0 8 4.997 12.295 11.89
59042 1658496133 0 0 28.13 8.21 103.5 67.94 125.5 7.63 15.2 0.0 321.2 2.03 46.22 1.2
59044 1658496135 0 1 1.122
59050 1658496137 0 0 27.92 8.21 103.5 68.10 125.6 7.66 15.3 0.0 329.9 2.02 46.35 1.2
59051 1658496137 0 7 $GNGGA,132216.000,4423.82083,N,00855.40977,E,1,15,0.7,-2.8,M,44.7,M,,*61
59052 1658496138 0 1 0.286
59053 1658496139 0 3 2.723 0.005
59060 1658496141 0 3 2.727 0.005
59061 1658496142 0 1 0.318
59063 1658496142 0 5 0.08
59064 1658496142 0 6 0.12
59065 1658496142 0 8 4.997 12.304 11.89
59066 1658496142 0 0 28.18 8.21 103.5 68.03 125.7 7.64 15.2 0.0 323.6 1.97 46.29 1.2
59068 1658496144 0 1 0.302
59069 1658496145 0 3 2.724 0.005
59076 1658496147 0 3 2.724 0.005
59077 1658496148 0 1 0.317
59084 1658496150 0 1 0.250
59087 1658496151 0 5 0.08
59088 1658496151 0 6 0.12
59089 1658496151 0 8 4.997 12.304 11.91
59090 1658496151 0 0 28.17 8.21 103.6 67.97 125.8 7.65 15.2 0.0 323.1 1.91 46.24 1.2
59099 1658496155 0 7 $GNGGA,132234.000,4423.82405,N,00855.38667,E,1,15,0.7,-3.4,M,44.7,M,,*67
59100 1658496156 0 1 0.465
59101 1658496157 0 3 2.719 0.005
59108 1658496159 0 1 0.296
59112 1658496160 0 6 0.12
59113 1658496160 0 8 4.997 12.332 11.91
59114 1658496160 0 0 28.22 8.21 103.7 67.98 125.8 7.64 15.2 0.0 324.5 1.88 46.25 1.2
59116 1658496162 0 1 0.950
59117 1658496163 0 3 2.720 0.005
59118 1658496163 0 4 2.573 1.618
59124 1658496165 0 1 0.295
59125 1658496166 0 3 2.717 0.005
59132 1658496168 0 3 2.712 0.005
59133 1658496169 0 1 0.325
59135 1658496169 0 5 0.10
59136 1658496169 0 6 0.12
59137 1658496169 0 8 4.997 12.332 11.91
59138 1658496169 0 0 28.28 8.21 103.7 67.93 125.8 7.64 15.1 0.0 324.3 1.80 46.21 1.2
59140 1658496171 0 1 0.253
59141 1658496172 0 3 2.715 0.005
59146 1658496173 0 0 28.30 8.21 103.6 67.99 125.9 7.63 15.1 0.0 323.9 1.82 46.26 1.2
59148 1658496174 0 3 2.715 0.005
59156 1658496177 0 1 0.193
59160 1658496178 0 6 0.12
59161 1658496178 0 8 4.997 12.332 11.89
59162 1658496179 0 0 28.33 8.21 103.8 68.03 125.9 7.63 15.1 0.0 323.3 1.73 46.28 1.2
59164 1658496180 0 3 2.699 0.005
59165 1658496181 0 1 0.297
59172 1658496183 0 1 0.426
59173 1658496184 0 3 2.704 0.005
59180 1658496186 0 1 0.288
59184 1658496187 0 6 0.12
59185 1658496187 0 8 4.997 12.332 11.89
59186 1658496187 0 0 28.28 8.21 103.8 67.97 125.9 7.64 15.2 0.0 327.6 1.66 46.24 1.2
59188 1658496189 0 1 0.975
59189 1658496190 0 3 2.700 0.005
59195 1658496191 0 7 $GNGGA,132310.000,4423.82368,N,00855.34098,E,1,15,0.7,-3.7,M,44.7,M,,*65
59196 1658496192 0 1 0.299
59197 1658496192 0 3 2.700 0.005
59199 1658496193 0 5 0.09
59200 1658496193 0 6 0.12
59205 1658496195 0 1 0.286
59209 1658496196 0 8 4.997 12.144 11.89
59210 1658496196 0 0 28.24 8.21 103.9 67.96 125.9 7.64 15.1 0.0 329.8 1.63 46.24 1.2
59211 1658496196 0 7 $GNGGA,132316.000,4423.82395,N,00855.33313,E,1,15,0.7,-3.4,M,44.7,M,,*65
59212 1658496198 0 1 0.266
59213 1658496198 0 3 2.696 0.005
59220 1658496201 0 3 2.695 0.005
59221 1658496201 0 1 0.286
59222 1658496202 0 4 2.573 1.606
59223 1658496202 0 5 0.08
59228 1658496204 0 1 0.242
59234 1658496205 0 0 28.18 8.21 104.0 68.01 125.8 7.65 15.1 0.0 333.1 1.64 46.27 1.2
59235 1658496205 0 7 $GNGGA,132325.000,4423.82481,N,00855.32096,E,1,15,0.7,-2.8,M,44.7,M,,*65
59236 1658496207 0 3 2.695 0.005
59237 1658496207 0 1 0.290
59243 1658496208 0 7 $GNGGA,132328.000,4423.82511,N,00855.31661,E,1,15,0.7,-3.0,M,44.7,M,,*64
59244 1658496210 0 1 0.435
59246 1658496211 0 4 2.573 1.598
59247 1658496211 0 5 0.08
59248 1658496211 0 6 0.12
59252 1658496213 0 1 0.299
59259 1658496214 0 7 $GNGGA,132334.000,4423.82616,N,00855.30902,E,1,15,0.7,-2.4,M,44.7,M,,*63
59260 1658496216 0 1 0.968
59261 1658496216 0 3 2.695 0.005
59268 1658496219 0 1 0.250
59269 1658496219 0 3 2.700 0.005
59271 1658496220 0 5 0.08
59272 1658496220 0 6 0.12
59273 1658496220 0 8 4.997 12.332 11.89
59274 1658496220 0 0 28.24 8.21 104.1 67.97 125.8 7.64 15.2 0.0 333.1 1.59 46.24 1.2
59277 1658496222 0 1 0.256
59283 1658496223 0 7 $GNGGA,132343.000,4423.82751,N,00855.29657,E,1,15,0.7,-0.7,M,44.7,M,,*67
59284 1658496225 0 1 0.268
59285 1658496225 0 3 2.700 0.005
59290 1658496226 0 0 28.22 8.21 104.3 67.97 125.8 7.64 15.1 0.0 335.3 1.63 46.24 1.2
59292 1658496228 0 3 2.699 0.005
59293 1658496228 0 1 0.324
59295 1658496229 0 5 0.09
59296 1658496229 0 6 0.12
59297 1658496229 0 8 4.997 12.332 11.89
59298 1658496229 0 0 28.21 8.21 104.2 68.04 125.8 7.64 15.2 0.0 334.3 1.63 46.30 1.2
59301 1658496231 0 3 2.699 0.005
59307 1658496232 0 7 $GNGGA,132352.000,4423.82945,N,00855.28358,E,1,15,0.7,-1.7,M,44.7,M,,*66
59308 1658496234 0 3 2.698 0.005
59309 1658496234 0 1 0.334
59317 1658496237 0 1 0.534
59322 1658496238 0 7 $GNGGA,132359.000,4423.83090,N,00855.27395,E,1,15,0.7,-2.8,M,44.7,M,,*6F
59323 1658496239 0 7 $GNGGA,132400.000,4423.83119,N,00855.27259,E,1,15,0.7,-2.9,M,44.7,M,,*64
59332 1658496243 0 1 0.981
59333 1658496243 0 3 2.700 0.005
59334 1658496244 0 4 2.573 1.598
59340 1658496246 0 1 0.306
59348 1658496249 0 3 2.703 0.005
59349 1658496249 0 1 0.283
59354 1658496250 0 0 28.21 8.21 104.4 68.07 125.8 7.64 15.1 0.0 338.2 1.73 46.32 1.2
59356 1658496252 0 1 0.286
59357 1658496252 0 3 2.703 0.005
59358 1658496253 0 4 2.573 1.623
59369 1658496256 0 8 4.997 12.323 11.91
59370 1658496256 0 0 28.19 8.21 104.5 67.99 125.8 7.64 15.1 0.0 334.8 1.71 46.26 1.2
59371 1658496256 0 7 $GNGGA,132416.000,4423.83506,N,00855.25126,E,1,15,0.7,-1.8,M,44.7,M,,*62
59372 1658496258 0 1 0.259
59373 1658496258 0 3 2.706 0.005
59380 1658496261 0 3 2.704 0.005
59382 1658496262 0 4 2.573 1.626
59389 1658496264 0 1 0.517
59395 1658496265 0 0 28.15 8.21 104.6 68.09 125.8 7.65 15.2 0.0 337.8 1.68 46.34 1.2
59396 1658496266 0 7 $GNGGA,132425.000,4423.83725,N,00855.23993,E,1,15,0.7,-0.7,M,44.7,M,,*6F
59397 1658496267 0 1 0.358
59398 1658496267 0 3 2.703 0.005
59405 1658496269 0 7 $GNGGA,132429.000,4423.83813,N,00855.23403,E,1,15,0.7,-1.1,M,44.7,M,,*6A
59406 1658496270 0 1 1.006
59407 1658496270 0 3 2.700 0.005
59408 1658496271 0 4 2.572 1.628
59409 1658496271 0 5 0.10
59410 1658496271 0 6 0.12
59414 1658496273 0 1 0.380
59420 1658496274 0 0 28.13 8.21 104.7 68.00 125.9 7.66 15.2 0.0 339.2 1.64 46.27 1.2
59421 1658496274 0 7 $GNGGA,132434.000,4423.83923,N,00855.22759,E,1,15,0.7,-1.4,M,44.7,M,,*6C
59423 1658496276 0 1 0.389
59430 1658496278 0 7 $GNGGA,132438.000,4423.84035,N,00855.22223,E,1,15,0.7,-1.1,M,44.7,M,,*64
59431 1658496279 0 1 0.349
59432 1658496279 0 3 2.693 0.005
59433 1658496280 0 4 2.572 1.628
59434 1658496280 0 5 0.10
59435 1658496280 0 6 0.12
59441 1658496282 0 1 0.403
59447 1658496283 0 7 $GNGGA,132443.000,4423.84141,N,00855.21554,E,1,15,0.7,-0.7,M,44.7,M,,*69
59448 1658496284 0 7 $GNGGA,132444.000,4423.84171,N,00855.21422,E,1,15,0.7,-0.7,M,44.7,M,,*6D
59449 1658496285 0 1 0.365
59450 1658496285 0 3 2.703 0.005
59457 1658496287 0 7 $GNGGA,132447.000,4423.84263,N,00855.21003,E,1,15,0.7,-0.8,M,44.7,M,,*66
59458 1658496288 0 3 2.699 0.005
59459 1658496288 0 1 0.391
59461 1658496289 0 5 0.09
59462 1658496289 0 6 0.12
59463 1658496289 0 8 4.997 12.332 11.89
59464 1658496289 0 0 28.04 8.21 104.8 67.94 125.9 7.67 15.2 0.0 339.4 1.65 46.22 1.2
59466 1658496290 0 7 $GNGGA,132450.000,4423.84350,N,00855.20600,E,1,15,0.7,-0.9,M,44.7,M,,*64
59467 1658496291 0 1 0.560
59468 1658496291 0 3 2.700 0.005
59474 1658496292 0 7 $GNGGA,132452.000,4423.84405,N,00855.20336,E,1,15,0.7,-0.9,M,44.7,M,,*61
59475 1658496294 0 1 0.375
59476 1658496294 0 3 2.698 0.005
59484 1658496297 0 1 1.044
59490 1658496298 0 0 28.15 8.21 104.9 68.04 126.1 7.67 15.2 0.0 337.0 1.65 46.30 1.2
59491 1658496298 0 7 $GNGGA,132458.000,4423.84561,N,00855.19561,E,1,15,0.7,-2.1,M,44.7,M,,*6C
59492 1658496299 0 7 $GNGGA,132459.000,4423.84591,N,00855.19415,E,1,15,0.7,-2.4,M,44.7,M,,*65
59493 1658496300 0 1 0.392
59495 1658496301 0 4 2.572 1.619
59501 1658496302 0 7 $GNGGA,132502.000,4423.84683,N,00855.19005,E,1,15,0.7,-2.9,M,44.7,M,,*62
59502 1658496303 0 3 2.699 0.005
59504 1658496304 0 4 2.572 1.621
59505 1658496304 0 5 0.09
59506 1658496304 0 6 0.12
59512 1658496306 0 3 2.699 0.005
59514 1658496307 0 5 0.09
59516 1658496307 0 8 4.997 12.332 11.89
59517 1658496307 0 0 28.11 8.21 105.0 67.96 126.2 7.68 15.1 0.0 335.9 1.59 46.24 1.2
59518 1658496307 0 7 $GNGGA,132507.000,4423.84843,N,00855.18343,E,1,15,0.7,-3.0,M,44.7,M,,*6D
59520 1658496309 0 7 $GNGGA,132510.000,4423.84942,N,00855.17928,E,1,15,0.7,-2.9,M,44.7,M,,*6B
59521 1658496309 0 3 2.700 0.005
59522 1658496309 0 1 0.409
59528 1658496311 0 7 $GNGGA,132511.000,4423.84965,N,00855.17794,E,1,15,0.7,-2.7,M,44.7,M,,*68
59529 1658496312 0 1 0.346
59530 1658496312 0 3 2.704 0.005
59538 1658496315 0 1 0.407
59543 1658496316 0 8 4.997 12.144 11.89
59544 1658496316 0 0 28.29 8.21 105.0 67.92 126.4 7.67 15.0 0.0 331.9 1.70 46.20 1.2
59545 1658496316 0 7 $GNGGA,132516.000,4423.85073,N,00855.17135,E,1,15,0.7,-2.0,M,44.7,M,,*6A
59546 1658496317 0 7 $GNGGA,132517.000,4423.85109,N,00855.16994,E,1,15,0.7,-1.9,M,44.7,M,,*6F
59547 1658496318 0 1 0.543
59548 1658496318 0 3 2.700 0.005
59555 1658496320 0 7 $GNGGA,132520.000,4423.85214,N,00855.16574,E,1,15,0.7,-2.1,M,44.7,M,,*6D
59556 1658496321 0 1 0.408
59558 1658496322 0 4 2.573 1.618
59559 1658496322 0 5 0.09
59565 1658496324 0 1 1.039
59572 1658496325 0 7 $GNGGA,132525.000,4423.85378,N,00855.15867,E,1,15,0.7,-2.2,M,44.7,M,,*6C
59573 1658496326 0 7 $GNGGA,132526.000,4423.85405,N,00855.15744,E,1,15,0.7,-2.4,M,44.7,M,,*6A
59574 1658496327 0 1 0.437
59575 1658496327 0 3 2.704 0.005
59582 1658496329 0 7 $GNGGA,132529.000,4423.85487,N,00855.15371,E,1,15,0.7,-2.4,M,44.7,M,,*6D
59583 1658496330 0 7 $GNGGA,132531.000,4423.85540,N,00855.15102,E,1,15,0.7,-2.4,M,44.7,M,,*68
59584 1658496330 0 3 2.701 0.005
59585 1658496330 0 1 0.383
59587 1658496331 0 5 0.09
59588 1658496331 0 6 0.12
59589 1658496331 0 8 4.997 12.323 11.91
59592 1658496333 0 1 0.378
59593 1658496333 0 3 2.693 0.005
59600 1658496335 0 7 $GNGGA,132535.000,4423.85646,N,00855.14583,E,1,15,0.7,-2.1,M,44.7,M,,*60
59601 1658496336 0 7 $GNGGA,132537.000,4423.85694,N,00855.14335,E,1,15,0.7,-1.8,M,44.7,M,,*6C
59602 1658496336 0 3 2.703 0.005
59603 1658496336 0 1 0.431
59604 1658496337 0 4 2.573 1.623
59610 1658496339 0 1 0.347
59615 1658496340 0 8 4.997 12.332 11.89
59616 1658496340 0 0 28.15 8.21 105.3 67.99 126.7 7.71 15.2 0.0 336.9 1.85 46.26 1.2
59617 1658496340 0 7 $GNGGA,132540.000,4423.85775,N,00855.13970,E,1,15,0.7,-2.0,M,44.7,M,,*65
59618 1658496342 0 3 2.723 0.005
59619 1658496342 0 1 0.448
