/home/danielacabiddu/Devel/src/MATRAC/test/tuttomatrac/apps/build-mokupUI-Desktop_Qt_6_2_0_GCC_64bit-Release/MATRAC_Session_2022-07-22.13-05-42/porto_grid.mesh
59626 1658496344 0 7 $GNGGA,132544.000,4423.85873,N,00855.13533,E,1,15,0.7,-1.9,M,44.7,M,,*69
59627 1658496345 0 1 0.601
59628 1658496345 0 3 2.730 0.005
59629 1658496346 0 4 2.574 1.621
59630 1658496346 0 5 0.10
59631 1658496346 0 6 0.12
59632 1658496346 0 8 4.997 12.304 11.89
59633 1658496346 0 0 28.13 8.21 105.3 67.96 126.8 7.71 15.2 0.0 334.3 2.03 46.24 1.2
59634 1658496346 0 7 $GNGGA,132546.000,4423.85916,N,00855.13312,E,1,15,0.7,-2.0,M,44.7,M,,*66
59635 1658496348 0 1 0.449
59636 1658496349 0 3 2.735 0.005
59637 1658496349 0 4 2.575 1.621
59638 1658496349 0 5 0.09
59639 1658496349 0 6 0.12
59640 1658496349 0 8 4.997 12.323 11.89
59641 1658496349 0 0 28.13 8.21 105.4 68.00 126.8 7.71 15.3 0.0 334.1 2.14 46.27 1.2
59642 1658496349 0 7 $GNGGA,132549.000,4423.85971,N,00855.12978,E,1,15,0.7,-2.0,M,44.7,M,,*6F
59643 1658496350 0 7 $GNGGA,132550.000,4423.85997,N,00855.12877,E,1,15,0.7,-2.0,M,44.7,M,,*61
59644 1658496351 0 1 1.135
59645 1658496351 0 3 2.737 0.005
59651 1658496352 0 7 $GNGGA,132552.000,4423.86040,N,00855.12678,E,1,15,0.7,-2.1,M,44.7,M,,*63
59652 1658496353 0 7 $GNGGA,132553.000,4423.86054,N,00855.12580,E,1,15,0.7,-2.1,M,44.7,M,,*63
59653 1658496354 0 7 $GNGGA,132555.000,4423.86076,N,00855.12386,E,1,15,0.7,-1.8,M,44.7,M,,*6F
59654 1658496354 0 3 2.738 0.005
59660 1658496356 0 7 $GNGGA,132556.000,4423.86082,N,00855.12293,E,1,15,0.7,-1.6,M,44.7,M,,*6C
59661 1658496357 0 7 $GNGGA,132558.000,4423.86100,N,00855.12166,E,1,15,0.7,-1.5,M,44.7,M,,*63
59666 1658496359 0 7 $GNGGA,132600.000,4423.86134,N,00855.12000,E,1,15,0.7,-1.8,M,44.7,M,,*66
59667 1658496360 0 7 $GNGGA,132601.000,4423.86161,N,00855.11896,E,1,15,0.7,-1.9,M,44.7,M,,*62
59668 1658496360 0 3 2.740 0.005
59674 1658496362 0 7 $GNGGA,132602.000,4423.86183,N,00855.11806,E,1,15,0.7,-1.8,M,44.7,M,,*65
59676 1658496363 0 7 $GNGGA,132604.000,4423.86199,N,00855.11608,E,1,15,0.7,-2.2,M,44.7,M,,*61
59683 1658496366 0 7 $GNGGA,132607.000,4423.86201,N,00855.11286,E,1,15,0.7,-3.4,M,44.7,M,,*65
59687 1658496367 0 5 0.09
59688 1658496367 0 6 0.14
59689 1658496367 0 8 4.997 12.341 11.89
59692 1658496369 0 7 $GNGGA,132610.000,4423.86237,N,00855.11001,E,1,15,0.7,-4.0,M,44.7,M,,*68
59693 1658496369 0 3 2.743 0.005
59694 1658496369 0 1 0.707
59700 1658496371 0 7 $GNGGA,132611.000,4423.86249,N,00855.10897,E,1,15,0.7,-4.1,M,44.7,M,,*67
59701 1658496372 0 7 $GNGGA,132613.000,4423.86263,N,00855.10688,E,1,15,0.7,-4.1,M,44.7,M,,*6D
59702 1658496373 0 3 2.743 0.005
59709 1658496375 0 7 $GNGGA,132616.000,4423.86312,N,00855.10422,E,1,15,0.7,-3.8,M,44.7,M,,*63
59714 1658496376 0 8 4.997 12.332 11.89
59715 1658496376 0 0 27.58 8.22 105.7 67.86 127.3 7.81 15.2 0.0 296.0 2.81 46.18 1.2
59716 1658496377 0 7 $GNGGA,132617.000,4423.86324,N,00855.10338,E,1,15,0.7,-3.7,M,44.7,M,,*64
59717 1658496378 0 1 1.380
59718 1658496378 0 3 2.743 0.005
59725 1658496380 0 7 $GNGGA,132620.000,4423.86359,N,00855.10100,E,1,15,0.7,-4.4,M,44.7,M,,*67
59726 1658496381 0 7 $GNGGA,132622.000,4423.86365,N,00855.09957,E,1,15,0.7,-4.7,M,44.7,M,,*6B
59728 1658496382 0 4 2.576 1.656
59729 1658496382 0 5 0.09
59730 1658496382 0 6 0.12
59734 1658496384 0 3 2.743 0.005
59735 1658496384 0 1 0.708
59739 1658496385 0 8 4.997 12.332 11.89
59740 1658496385 0 0 27.59 8.22 105.8 67.73 127.5 7.83 15.0 0.0 287.4 2.91 46.08 1.1
59741 1658496386 0 7 $GNGGA,132625.000,4423.86395,N,00855.09684,E,1,15,0.7,-4.9,M,44.7,M,,*6C
59742 1658496387 0 1 0.722
59743 1658496387 0 3 2.743 0.005
59750 1658496389 0 7 $GNGGA,132629.000,4423.86448,N,00855.09358,E,1,15,0.7,-4.8,M,44.7,M,,*62
59751 1658496390 0 7 $GNGGA,132631.000,4423.86456,N,00855.09218,E,1,15,0.7,-4.3,M,44.7,M,,*6A
59752 1658496390 0 3 2.743 0.005
59753 1658496390 0 1 0.714
59754 1658496391 0 4 2.576 1.656
59755 1658496391 0 5 0.08
59756 1658496391 0 6 0.12
59760 1658496393 0 7 $GNGGA,132634.000,4423.86487,N,00855.09034,E,1,15,0.7,-4.1,M,44.7,M,,*6D
59761 1658496393 0 3 2.743 0.005
59767 1658496395 0 7 $GNGGA,132635.000,4423.86498,N,00855.08971,E,1,15,0.7,-4.0,M,44.7,M,,*6A
59768 1658496396 0 7 $GNGGA,132637.000,4423.86503,N,00855.08831,E,1,15,0.7,-3.9,M,44.7,M,,*60
59769 1658496396 0 3 2.743 0.005
59770 1658496397 0 1 0.745
59777 1658496399 0 7 $GNGGA,132640.000,4423.86525,N,00855.08648,E,1,15,0.7,-3.3,M,44.7,M,,*6E
59781 1658496400 0 6 0.12
59782 1658496400 0 8 4.997 12.323 11.89
59783 1658496400 0 0 27.63 8.22 106.0 67.88 128.1 7.86 14.8 0.0 284.7 3.04 46.19 1.1
59784 1658496401 0 7 $GNGGA,132641.000,4423.86540,N,00855.08588,E,1,15,0.7,-3.0,M,44.7,M,,*60
59785 1658496402 0 7 $GNGGA,132643.000,4423.86560,N,00855.08479,E,1,15,0.7,-2.6,M,44.7,M,,*68
59786 1658496402 0 1 0.728
59793 1658496404 0 7 $GNGGA,132644.000,4423.86570,N,00855.08416,E,1,15,0.7,-2.5,M,44.7,M,,*64
59794 1658496404 0 7 $GNGGA,132645.000,4423.86574,N,00855.08359,E,1,15,0.7,-2.4,M,44.7,M,,*6C
59795 1658496405 0 7 $GNGGA,132646.000,4423.86593,N,00855.08264,E,1,15,0.7,-2.2,M,44.7,M,,*6F
59796 1658496405 0 1 1.375
59801 1658496406 0 8 4.997 12.341 11.91
59802 1658496406 0 0 27.68 8.22 106.0 67.90 128.4 7.87 14.7 0.0 284.5 3.09 46.20 1.1
59803 1658496407 0 7 $GNGGA,132647.000,4423.86599,N,00855.08209,E,1,15,0.7,-2.1,M,44.7,M,,*6C
59804 1658496408 0 7 $GNGGA,132649.000,4423.86609,N,00855.08168,E,1,15,0.7,-2.3,M,44.7,M,,*6E
59805 1658496408 0 3 2.743 0.005
59809 1658496409 0 8 4.997 12.332 11.91
59810 1658496409 0 0 27.63 8.22 106.1 67.99 128.6 7.88 14.8 0.0 285.5 3.11 46.28 1.1
59811 1658496410 0 7 $GNGGA,132650.000,4423.86625,N,00855.08093,E,1,15,0.7,-2.3,M,44.7,M,,*6D
59812 1658496411 0 7 $GNGGA,132652.000,4423.86640,N,00855.07959,E,1,15,0.7,-2.0,M,44.7,M,,*6F
59813 1658496411 0 3 2.743 0.005
59819 1658496413 0 0 27.70 8.22 106.1 67.85 128.8 7.89 14.7 0.0 282.8 3.13 46.17 1.1
59820 1658496413 0 7 $GNGGA,132653.000,4423.86648,N,00855.07901,E,1,15,0.7,-1.9,M,44.7,M,,*61
59821 1658496414 0 7 $GNGGA,132655.000,4423.86641,N,00855.07808,E,1,15,0.7,-1.5,M,44.7,M,,*6A
59822 1658496414 0 1 0.675
59824 1658496415 0 4 2.576 1.656
59825 1658496415 0 5 0.08
59830 1658496417 0 7 $GNGGA,132658.000,4423.86667,N,00855.07648,E,1,15,0.7,-1.1,M,44.7,M,,*6D
59831 1658496417 0 3 2.744 0.005
59836 1658496418 0 0 27.70 8.22 106.1 67.94 129.8 7.95 14.8 0.0 283.9 3.15 46.24 1.1
59837 1658496419 0 7 $GNGGA,132659.000,4423.86680,N,00855.07584,E,1,15,0.7,-1.1,M,44.7,M,,*66
59838 1658496420 0 7 $GNGGA,132701.000,4423.86696,N,00855.07496,E,1,15,0.7,-1.2,M,44.7,M,,*6C
59839 1658496420 0 1 0.677
59840 1658496421 0 3 2.744 0.005
59846 1658496422 0 7 $GNGGA,132702.000,4423.86707,N,00855.07449,E,1,15,0.7,-1.4,M,44.7,M,,*62
59847 1658496422 0 7 $GNGGA,132703.000,4423.86723,N,00855.07385,E,1,15,0.7,-1.4,M,44.7,M,,*62
59848 1658496423 0 7 $GNGGA,132704.000,4423.86735,N,00855.07333,E,1,15,0.7,-1.5,M,44.7,M,,*6E
59849 1658496423 0 3 2.744 0.005
59855 1658496424 0 0 27.71 8.22 106.1 67.78 129.8 7.96 14.8 0.0 282.9 3.18 46.11 1.1
59858 1658496426 0 1 0.891
59859 1658496426 0 3 2.744 0.005
59865 1658496427 0 7 $GNGGA,132707.000,4423.86761,N,00855.07160,E,1,15,0.7,-1.9,M,44.7,M,,*64
59866 1658496428 0 7 $GNGGA,132708.000,4423.86769,N,00855.07109,E,1,15,0.7,-1.9,M,44.7,M,,*6C
59867 1658496429 0 7 $GNGGA,132710.000,4423.86778,N,00855.06995,E,1,15,0.7,-2.1,M,44.7,M,,*62
59868 1658496429 0 1 0.737
59869 1658496430 0 3 2.744 0.005
59875 1658496431 0 7 $GNGGA,132711.000,4423.86775,N,00855.06934,E,1,15,0.7,-2.2,M,44.7,M,,*66
59876 1658496432 0 7 $GNGGA,132713.000,4423.86785,N,00855.06826,E,1,15,0.7,-2.4,M,44.7,M,,*6F
59877 1658496432 0 1 1.339
59879 1658496433 0 4 2.576 1.651
59880 1658496433 0 5 0.07
59881 1658496433 0 6 0.12
59882 1658496433 0 8 4.997 12.341 11.89
59885 1658496435 0 7 $GNGGA,132716.000,4423.86811,N,00855.06650,E,1,15,0.7,-2.5,M,44.7,M,,*66
59886 1658496435 0 1 0.716
59891 1658496436 0 8 4.997 12.154 11.87
59893 1658496437 0 7 $GNGGA,132717.000,4423.86830,N,00855.06597,E,1,15,0.7,-2.5,M,44.7,M,,*6C
59894 1658496438 0 7 $GNGGA,132719.000,4423.86864,N,00855.06488,E,1,15,0.7,-2.7,M,44.7,M,,*6E
59895 1658496438 0 3 2.744 0.005
59896 1658496439 0 1 0.716
59904 1658496441 0 7 $GNGGA,132722.000,4423.86891,N,00855.06361,E,1,15,0.7,-2.3,M,44.7,M,,*68
59905 1658496441 0 1 0.684
59910 1658496442 0 8 4.997 12.323 11.89
59912 1658496443 0 7 $GNGGA,132723.000,4423.86900,N,00855.06317,E,1,15,0.7,-2.3,M,44.7,M,,*61
59914 1658496444 0 7 $GNGGA,132725.000,4423.86932,N,00855.06225,E,1,15,0.7,-2.3,M,44.7,M,,*66
59915 1658496444 0 3 2.744 0.005
59916 1658496445 0 1 0.726
59922 1658496446 0 7 $GNGGA,132726.000,4423.86939,N,00855.06190,E,1,15,0.7,-2.5,M,44.7,M,,*65
59923 1658496447 0 7 $GNGGA,132728.000,4423.86961,N,00855.06148,E,1,15,0.7,-2.7,M,44.7,M,,*61
59924 1658496447 0 1 0.619
59925 1658496448 0 3 2.744 0.005
59934 1658496450 0 3 2.744 0.005
59935 1658496451 0 1 0.744
59936 1658496451 0 4 2.577 1.648
59937 1658496451 0 5 0.07
59938 1658496451 0 6 0.12
59939 1658496451 0 8 4.997 12.323 11.89
59943 1658496453 0 7 $GNGGA,132734.000,4423.87015,N,00855.05946,E,1,15,0.7,-3.6,M,44.7,M,,*62
59944 1658496453 0 1 0.873
59951 1658496455 0 7 $GNGGA,132735.000,4423.87017,N,00855.05885,E,1,15,0.7,-3.6,M,44.7,M,,*6F
59952 1658496456 0 7 $GNGGA,132737.000,4423.87023,N,00855.05770,E,1,15,0.7,-3.9,M,44.7,M,,*60
59953 1658496456 0 1 0.685
59954 1658496457 0 3 2.744 0.005
59955 1658496457 0 4 2.578 1.643
59962 1658496459 0 1 1.440
59971 1658496462 0 7 $GNGGA,132743.000,4423.87067,N,00855.05513,E,1,15,0.7,-3.0,M,44.7,M,,*6D
59978 1658496464 0 7 $GNGGA,132744.000,4423.87078,N,00855.05473,E,1,15,0.7,-2.8,M,44.7,M,,*6A
59979 1658496464 0 7 $GNGGA,132745.000,4423.87096,N,00855.05432,E,1,15,0.7,-2.5,M,44.7,M,,*63
59980 1658496465 0 7 $GNGGA,132746.000,4423.87098,N,00855.05430,E,1,15,0.7,-2.5,M,44.7,M,,*6C
59982 1658496466 0 4 2.578 1.621
59983 1658496466 0 5 0.07
59988 1658496467 0 7 $GNGGA,132748.000,4423.87103,N,00855.05425,E,1,15,0.7,-2.4,M,44.7,M,,*64
59995 1658496469 0 0 27.66 8.22 106.5 67.77 129.5 7.94 14.9 0.0 282.7 3.26 46.10 1.1
59996 1658496470 0 7 $GNGGA,132750.000,4423.87121,N,00855.05350,E,1,15,0.7,-2.4,M,44.7,M,,*68
59997 1658496471 0 7 $GNGGA,132752.000,4423.87145,N,00855.05257,E,1,15,0.7,-2.4,M,44.7,M,,*6E
59998 1658496471 0 3 2.744 0.005
60004 1658496472 0 1 0.975
60005 1658496473 0 7 $GNGGA,132753.000,4423.87149,N,00855.05205,E,1,15,0.7,-2.5,M,44.7,M,,*65
60006 1658496474 0 7 $GNGGA,132755.000,4423.87173,N,00855.05089,E,1,15,0.7,-2.6,M,44.7,M,,*6F
60007 1658496475 0 4 2.577 1.631
60008 1658496475 0 5 0.07
60013 1658496477 0 7 $GNGGA,132758.000,4423.87179,N,00855.04975,E,1,15,0.7,-2.9,M,44.7,M,,*6C
60014 1658496477 0 1 1.064
60021 1658496479 0 7 $GNGGA,132759.000,4423.87173,N,00855.04941,E,1,15,0.7,-2.8,M,44.7,M,,*61
60022 1658496480 0 7 $GNGGA,132801.000,4423.87206,N,00855.04829,E,1,15,0.7,-2.5,M,44.7,M,,*60
60023 1658496480 0 1 0.911
60024 1658496481 0 3 2.744 0.005
60030 1658496482 0 7 $GNGGA,132802.000,4423.87211,N,00855.04785,E,1,15,0.7,-2.2,M,44.7,M,,*6B
60031 1658496482 0 7 $GNGGA,132803.000,4423.87210,N,00855.04747,E,1,15,0.7,-2.1,M,44.7,M,,*66
60032 1658496483 0 7 $GNGGA,132804.000,4423.87217,N,00855.04706,E,1,15,0.7,-2.2,M,44.7,M,,*60
60033 1658496483 0 1 1.554
60035 1658496484 0 4 2.578 1.631
60036 1658496484 0 0 27.45 8.22 106.5 67.85 129.6 7.97 14.9 0.0 285.7 3.27 46.18 1.1
60037 1658496484 0 5 0.07
60042 1658496486 0 7 $GNGGA,132807.000,4423.87240,N,00855.04586,E,1,15,0.7,-1.4,M,44.7,M,,*6E
60043 1658496486 0 1 0.994
60049 1658496488 0 8 4.997 12.332 11.89
60050 1658496488 0 7 $GNGGA,132808.000,4423.87249,N,00855.04544,E,1,15,0.7,-1.1,M,44.7,M,,*63
60051 1658496488 0 7 $GNGGA,132809.000,4423.87268,N,00855.04506,E,1,15,0.7,-0.8,M,44.7,M,,*6F
60053 1658496489 0 3 2.743 0.005
60062 1658496492 0 7 $GNGGA,132813.000,4423.87280,N,00855.04453,E,1,15,0.7,-0.8,M,44.7,M,,*63
60067 1658496493 0 5 0.06
60068 1658496493 0 6 0.12
60070 1658496494 0 7 $GNGGA,132814.000,4423.87285,N,00855.04404,E,1,15,0.7,-1.0,M,44.7,M,,*6A
60072 1658496495 0 7 $GNGGA,132816.000,4423.87307,N,00855.04317,E,1,15,0.7,-0.7,M,44.7,M,,*60
60073 1658496495 0 3 2.743 0.005
60077 1658496496 0 5 0.06
60079 1658496496 0 8 4.997 12.332 11.89
60084 1658496498 0 3 2.743 0.005
60092 1658496501 0 7 $GNGGA,132822.000,4423.87317,N,00855.04254,E,1,15,0.7,-0.6,M,44.7,M,,*61
60097 1658496502 0 5 0.06
60098 1658496502 0 6 0.12
60099 1658496502 0 8 4.997 12.332 11.89
60102 1658496504 0 7 $GNGGA,132825.000,4423.87331,N,00855.04127,E,1,15,0.7,-1.0,M,44.7,M,,*62
60103 1658496504 0 1 1.096
60110 1658496506 0 7 $GNGGA,132826.000,4423.87344,N,00855.04096,E,1,15,0.7,-1.1,M,44.7,M,,*69
60111 1658496506 0 7 $GNGGA,132827.000,4423.87357,N,00855.04060,E,1,15,0.7,-1.1,M,44.7,M,,*63
60112 1658496507 0 7 $GNGGA,132828.000,4423.87370,N,00855.04018,E,1,15,0.7,-1.1,M,44.7,M,,*66
60113 1658496507 0 1 0.958
60117 1658496508 0 5 0.07
60118 1658496508 0 6 0.12
60119 1658496508 0 8 4.997 12.341 11.89
60122 1658496510 0 7 $GNGGA,132831.000,4423.87390,N,00855.03922,E,1,15,0.7,-1.0,M,44.7,M,,*66
60123 1658496510 0 1 1.605
60127 1658496511 0 5 0.07
60128 1658496511 0 6 0.12
60129 1658496511 0 8 4.997 12.341 11.89
60130 1658496512 0 7 $GNGGA,132832.000,4423.87388,N,00855.03913,E,1,15,0.7,-1.0,M,44.7,M,,*6E
60132 1658496513 0 7 $GNGGA,132834.000,4423.87397,N,00855.03851,E,1,15,0.7,-1.3,M,44.7,M,,*62
60133 1658496513 0 1 0.910
60137 1658496514 0 5 0.07
60140 1658496515 0 7 $GNGGA,132835.000,4423.87406,N,00855.03788,E,1,15,0.7,-1.3,M,44.7,M,,*67
60141 1658496515 0 7 $GNGGA,132836.000,4423.87418,N,00855.03725,E,1,15,0.7,-1.4,M,44.7,M,,*6B
60142 1658496516 0 7 $GNGGA,132837.000,4423.87436,N,00855.03674,E,1,15,0.7,-1.7,M,44.7,M,,*60
60143 1658496516 0 3 2.743 0.005
60144 1658496516 0 1 0.933
60145 1658496517 0 4 2.577 1.631
60146 1658496517 0 0 27.49 8.22 106.7 67.86 130.0 7.99 14.8 0.0 279.3 3.28 46.18 1.1
60152 1658496519 0 7 $GNGGA,132840.000,4423.87437,N,00855.03630,E,1,15,0.7,-1.7,M,44.7,M,,*61
60153 1658496519 0 1 0.867
60157 1658496520 0 5 0.06
60158 1658496520 0 6 0.12
60159 1658496520 0 8 4.997 12.332 11.89
60163 1658496522 0 3 2.743 0.005
60170 1658496524 0 7 $GNGGA,132844.000,4423.87512,N,00855.03388,E,1,15,0.7,-1.4,M,44.7,M,,*66
60171 1658496524 0 7 $GNGGA,132845.000,4423.87535,N,00855.03341,E,1,15,0.7,-1.4,M,44.7,M,,*67
60179 1658496527 0 7 $GNGGA,132847.000,4423.87586,N,00855.03272,E,1,15,0.7,-1.3,M,44.7,M,,*6B
60181 1658496528 0 7 $GNGGA,132849.000,4423.87596,N,00855.03255,E,1,15,0.7,-1.3,M,44.7,M,,*61
60182 1658496528 0 3 2.743 0.005
60188 1658496530 0 7 $GNGGA,132850.000,4423.87596,N,00855.03253,E,1,15,0.7,-1.2,M,44.7,M,,*6E
60189 1658496530 0 7 $GNGGA,132851.000,4423.87612,N,00855.03209,E,1,15,0.7,-0.9,M,44.7,M,,*65
60190 1658496531 0 7 $GNGGA,132852.000,4423.87602,N,00855.03145,E,1,15,0.7,-1.7,M,44.7,M,,*63
60191 1658496531 0 3 2.743 0.005
60197 1658496533 0 7 $GNGGA,132853.000,4423.87608,N,00855.03085,E,1,15,0.7,-2.1,M,44.7,M,,*60
60198 1658496533 0 7 $GNGGA,132854.000,4423.87623,N,00855.03032,E,1,15,0.7,-2.4,M,44.7,M,,*67
60200 1658496534 0 3 2.743 0.005
60202 1658496535 0 0 27.53 8.22 106.8 67.86 130.3 8.00 14.8 0.0 277.2 3.23 46.18 1.1
60203 1658496535 0 5 0.06
60204 1658496535 0 6 0.12
60205 1658496535 0 8 4.997 12.360 11.91
60209 1658496537 0 7 $GNGGA,132858.000,4423.87748,N,00855.02774,E,1,15,0.7,-2.8,M,44.7,M,,*6F
60210 1658496537 0 1 0.939
60215 1658496538 0 6 0.12
60217 1658496539 0 7 $GNGGA,132859.000,4423.87784,N,00855.02712,E,1,15,0.7,-2.9,M,44.7,M,,*6F
60218 1658496539 0 7 $GNGGA,132900.000,4423.87806,N,00855.02633,E,1,15,0.7,-3.1,M,44.7,M,,*6C
60219 1658496540 0 7 $GNGGA,132901.000,4423.87833,N,00855.02552,E,1,15,0.7,-3.2,M,44.7,M,,*6C
60221 1658496540 0 3 2.743 0.005
60228 1658496543 0 7 $GNGGA,132904.000,4423.87878,N,00855.02350,E,1,15,0.7,-3.5,M,44.7,M,,*65
60233 1658496544 0 5 0.06
60234 1658496544 0 6 0.12
60238 1658496546 0 7 $GNGGA,132907.000,4423.87920,N,00855.02132,E,1,15,0.7,-4.4,M,44.7,M,,*6A
60239 1658496546 0 1 1.571
60246 1658496548 0 7 $GNGGA,132908.000,4423.87940,N,00855.02057,E,1,15,0.7,-4.6,M,44.7,M,,*63
60247 1658496548 0 7 $GNGGA,132909.000,4423.87954,N,00855.01990,E,1,15,0.7,-4.5,M,44.7,M,,*65
60248 1658496549 0 7 $GNGGA,132910.000,4423.87972,N,00855.01927,E,1,15,0.7,-4.5,M,44.7,M,,*65
60249 1658496549 0 1 0.917
60250 1658496549 0 3 2.743 0.005
60251 1658496550 0 4 2.577 1.621
60252 1658496550 0 0 27.60 8.22 106.9 67.73 130.6 8.02 14.8 0.0 274.2 3.17 46.07 1.1
60258 1658496552 0 7 $GNGGA,132913.000,4423.88008,N,00855.01778,E,1,15,0.7,-5.2,M,44.7,M,,*6F
60259 1658496552 0 3 2.743 0.005
60265 1658496553 0 8 4.997 12.332 11.89
60275 1658496556 0 8 4.997 12.154 11.89
60276 1658496557 0 7 $GNGGA,132917.000,4423.88028,N,00855.01547,E,1,15,0.7,-6.3,M,44.7,M,,*65
60277 1658496558 0 7 $GNGGA,132919.000,4423.88039,N,00855.01401,E,1,15,0.7,-6.6,M,44.7,M,,*6D
60278 1658496558 0 3 2.743 0.005
60280 1658496559 0 4 2.576 1.621
60281 1658496559 0 0 27.58 8.22 106.9 67.74 130.8 8.04 14.8 0.0 275.8 3.15 46.09 1.1
60287 1658496561 0 7 $GNGGA,132922.000,4423.88100,N,00855.01149,E,1,15,0.7,-6.6,M,44.7,M,,*67
60288 1658496561 0 1 0.843
60293 1658496562 0 6 0.12
60294 1658496562 0 8 4.997 12.323 11.89
60295 1658496563 0 7 $GNGGA,132923.000,4423.88109,N,00855.01063,E,1,15,0.7,-6.5,M,44.7,M,,*65
60297 1658496564 0 7 $GNGGA,132925.000,4423.88129,N,00855.00902,E,1,15,0.7,-6.4,M,44.7,M,,*6F
60298 1658496564 0 3 2.743 0.005
60299 1658496564 0 1 0.886
60301 1658496565 0 0 27.56 8.22 107.0 67.82 130.9 8.04 14.9 0.0 276.1 3.13 46.15 1.1
60306 1658496567 0 7 $GNGGA,132928.000,4423.88136,N,00855.00714,E,1,15,0.7,-6.2,M,44.7,M,,*63
60307 1658496567 0 1 1.106
60309 1658496568 0 4 2.576 1.618
60315 1658496570 0 7 $GNGGA,132931.000,4423.88163,N,00855.00510,E,1,15,0.7,-5.7,M,44.7,M,,*6B
60316 1658496570 0 1 0.977
60322 1658496571 0 8 4.997 12.332 11.89
60332 1658496574 0 8 4.997 12.323 11.89
60333 1658496575 0 7 $GNGGA,132935.000,4423.88186,N,00855.00220,E,1,15,0.7,-5.0,M,44.7,M,,*67
60334 1658496575 0 7 $GNGGA,132936.000,4423.88171,N,00855.00139,E,1,15,0.7,-4.9,M,44.7,M,,*6F
60335 1658496576 0 7 $GNGGA,132937.000,4423.88168,N,00855.00066,E,1,15,0.7,-4.9,M,44.7,M,,*6D
60336 1658496576 0 1 0.911
60338 1658496577 0 4 2.577 1.621
60339 1658496577 0 0 27.63 8.22 107.0 67.87 131.0 8.04 14.8 0.0 274.4 3.11 46.18 1.1
60344 1658496579 0 7 $GNGGA,132940.000,4423.88145,N,00854.99837,E,1,15,0.7,-4.9,M,44.7,M,,*6F
60345 1658496579 0 3 2.743 0.005
60351 1658496580 0 8 4.997 12.332 11.91
60352 1658496581 0 7 $GNGGA,132941.000,4423.88123,N,00854.99767,E,1,15,0.7,-5.0,M,44.7,M,,*6C
60353 1658496582 0 7 $GNGGA,132943.000,4423.88080,N,00854.99666,E,1,15,0.7,-4.6,M,44.7,M,,*61
60354 1658496582 0 1 0.892
60361 1658496584 0 7 $GNGGA,132944.000,4423.88090,N,00854.99606,E,1,15,0.7,-4.3,M,44.7,M,,*64
60362 1658496584 0 7 $GNGGA,132945.000,4423.88087,N,00854.99549,E,1,15,0.7,-4.0,M,44.7,M,,*68
60363 1658496585 0 7 $GNGGA,132946.000,4423.88057,N,00854.99495,E,1,15,0.7,-3.9,M,44.7,M,,*68
60366 1658496586 0 4 2.576 1.623
60367 1658496586 0 0 27.60 8.22 107.1 67.80 131.1 8.05 14.8 0.0 274.3 3.18 46.13 1.1
60368 1658496586 0 5 0.06
60369 1658496586 0 6 0.12
60373 1658496588 0 7 $GNGGA,132949.000,4423.87976,N,00854.99354,E,1,15,0.7,-3.7,M,44.7,M,,*66
60374 1658496588 0 1 0.848
60380 1658496589 0 8 4.997 12.341 11.89
60381 1658496590 0 7 $GNGGA,132950.000,4423.87943,N,00854.99299,E,1,15,0.7,-3.6,M,44.7,M,,*69
60382 1658496591 0 7 $GNGGA,132952.000,4423.87871,N,00854.99194,E,1,15,0.7,-3.4,M,44.7,M,,*67
60383 1658496591 0 3 2.743 0.005
60389 1658496592 0 8 4.997 12.332 11.91
60390 1658496593 0 7 $GNGGA,132953.000,4423.87828,N,00854.99129,E,1,15,0.7,-3.3,M,44.7,M,,*6B
60391 1658496594 0 7 $GNGGA,132955.000,4423.87702,N,00854.99052,E,1,15,0.7,-3.4,M,44.7,M,,*60
60392 1658496594 0 1 1.149
60394 1658496595 0 4 2.576 1.626
60395 1658496595 0 0 27.61 8.22 107.1 67.93 131.0 8.04 14.8 0.0 275.0 3.22 46.24 1.1
60396 1658496595 0 5 0.06
60397 1658496595 0 6 0.12
60400 1658496597 0 7 $GNGGA,132958.000,4423.87520,N,00854.98978,E,1,15,0.7,-3.3,M,44.7,M,,*68
60401 1658496597 0 1 0.976
60407 1658496598 0 8 4.997 12.332 11.89
60408 1658496599 0 7 $GNGGA,132959.000,4423.87474,N,00854.98931,E,1,15,0.7,-3.2,M,44.7,M,,*65
60409 1658496600 0 7 $GNGGA,133001.000,4423.87375,N,00854.98869,E,1,15,0.7,-2.9,M,44.7,M,,*60
60410 1658496600 0 1 1.613
60411 1658496600 0 3 2.743 0.005
60412 1658496601 0 0 27.62 8.22 107.2 67.86 131.0 8.04 14.8 0.0 275.1 3.13 46.18 1.1
60418 1658496602 0 7 $GNGGA,133003.000,4423.87279,N,00854.98798,E,1,15,0.7,-2.8,M,44.7,M,,*6F
60419 1658496603 0 7 $GNGGA,133004.000,4423.87229,N,00854.98789,E,1,15,0.7,-2.8,M,44.7,M,,*6D
60425 1658496604 0 6 0.12
60426 1658496604 0 8 4.997 12.332 11.91
60427 1658496605 0 7 $GNGGA,133005.000,4423.87179,N,00854.98774,E,1,15,0.7,-2.9,M,44.7,M,,*69
60428 1658496606 0 7 $GNGGA,133007.000,4423.87091,N,00854.98745,E,1,15,0.7,-2.6,M,44.7,M,,*61
60429 1658496606 0 3 2.743 0.005
60436 1658496608 0 7 $GNGGA,133008.000,4423.87048,N,00854.98728,E,1,15,0.7,-2.5,M,44.7,M,,*62
60440 1658496609 0 3 2.743 0.005
60441 1658496610 0 0 27.60 8.22 107.3 67.85 131.0 8.04 14.9 0.0 274.8 3.15 46.17 1.1
60448 1658496612 0 7 $GNGGA,133013.000,4423.86825,N,00854.98736,E,1,15,0.7,-2.1,M,44.7,M,,*61
60449 1658496612 0 3 2.743 0.005
60453 1658496613 0 5 0.06
60454 1658496613 0 6 0.12
60455 1658496613 0 8 4.997 12.332 11.89
60457 1658496615 0 7 $GNGGA,133016.000,4423.86648,N,00854.98757,E,1,15,0.7,-1.6,M,44.7,M,,*62
60458 1658496615 0 1 0.943
60465 1658496617 0 7 $GNGGA,133017.000,4423.86588,N,00854.98757,E,1,15,0.7,-1.4,M,44.7,M,,*6E
60466 1658496618 0 7 $GNGGA,133019.000,4423.86472,N,00854.98777,E,1,15,0.7,-1.1,M,44.7,M,,*63
60467 1658496618 0 3 2.743 0.005
60469 1658496619 0 0 27.61 8.22 107.3 67.88 130.9 8.03 14.7 0.0 273.8 2.99 46.19 1.1
60470 1658496619 0 4 2.576 1.616
60475 1658496620 0 7 $GNGGA,133021.000,4423.86323,N,00854.98822,E,1,15,0.7,-1.0,M,44.7,M,,*65
60476 1658496621 0 7 $GNGGA,133022.000,4423.86255,N,00854.98843,E,1,15,0.7,-0.8,M,44.7,M,,*68
60477 1658496621 0 1 1.146
60483 1658496622 0 8 4.997 12.332 11.89
60484 1658496623 0 7 $GNGGA,133023.000,4423.86193,N,00854.98867,E,1,15,0.7,-1.0,M,44.7,M,,*6F
60487 1658496624 0 1 0.979
60496 1658496627 0 7 $GNGGA,133028.000,4423.86063,N,00854.98982,E,1,15,0.7,-1.7,M,44.7,M,,*67
60497 1658496627 0 1 1.551
60499 1658496628 0 0 27.65 8.22 107.5 67.97 130.9 8.02 14.8 0.0 271.9 3.00 46.26 1.1
60500 1658496628 0 4 2.575 1.618
60506 1658496630 0 7 $GNGGA,133031.000,4423.85910,N,00854.99051,E,1,15,0.7,-1.3,M,44.7,M,,*63
60507 1658496630 0 1 0.925
60511 1658496631 0 5 0.06
60512 1658496631 0 6 0.12
60513 1658496631 0 8 4.997 12.332 11.91
60514 1658496632 0 7 $GNGGA,133032.000,4423.85870,N,00854.99082,E,1,15,0.7,-1.3,M,44.7,M,,*69
60517 1658496633 0 3 2.741 0.005
60518 1658496633 0 1 0.905
60523 1658496634 0 8 4.997 12.332 11.89
60525 1658496635 0 7 $GNGGA,133036.000,4423.85689,N,00854.99189,E,1,15,0.7,-1.5,M,44.7,M,,*69
60526 1658496636 0 7 $GNGGA,133037.000,4423.85655,N,00854.99217,E,1,15,0.7,-1.7,M,44.7,M,,*6F
60527 1658496636 0 1 0.917
60536 1658496639 0 7 $GNGGA,133040.000,4423.85516,N,00854.99333,E,1,15,0.7,-2.4,M,44.7,M,,*6C
60538 1658496639 0 1 1.027
60543 1658496640 0 8 4.997 12.332 11.89
60544 1658496641 0 7 $GNGGA,133041.000,4423.85467,N,00854.99370,E,1,15,0.7,-2.5,M,44.7,M,,*6C
60545 1658496641 0 7 $GNGGA,133042.000,4423.85421,N,00854.99405,E,1,15,0.7,-2.5,M,44.7,M,,*68
60546 1658496642 0 7 $GNGGA,133043.000,4423.85377,N,00854.99443,E,1,15,0.7,-2.5,M,44.7,M,,*6F
60547 1658496642 0 1 0.919
60548 1658496642 0 3 2.741 0.005
60556 1658496645 0 7 $GNGGA,133046.000,4423.85247,N,00854.99584,E,1,15,0.7,-2.5,M,44.7,M,,*62
60557 1658496645 0 3 2.740 0.005
60559 1658496646 0 0 27.60 8.22 107.6 67.79 130.9 8.03 14.8 0.0 274.1 2.74 46.12 1.1
60566 1658496648 0 7 $GNGGA,133049.000,4423.85110,N,00854.99770,E,1,15,0.7,-2.4,M,44.7,M,,*64
60571 1658496649 0 5 0.06
60572 1658496649 0 6 0.12
60574 1658496650 0 7 $GNGGA,133050.000,4423.85059,N,00854.99814,E,1,15,0.7,-2.1,M,44.7,M,,*68
60575 1658496651 0 7 $GNGGA,133052.000,4423.84967,N,00854.99917,E,1,15,0.7,-1.9,M,44.7,M,,*66
60576 1658496651 0 1 0.943
60583 1658496652 0 7 $GNGGA,133053.000,4423.84917,N,00854.99987,E,1,15,0.7,-2.0,M,44.7,M,,*63
60584 1658496653 0 7 $GNGGA,133054.000,4423.84870,N,00855.00049,E,1,15,0.7,-1.7,M,44.7,M,,*6A
60585 1658496654 0 7 $GNGGA,133055.000,4423.84842,N,00855.00101,E,1,15,0.7,-1.6,M,44.7,M,,*66
60586 1658496654 0 1 1.746
60587 1658496655 0 3 2.739 0.005
60588 1658496655 0 0 27.48 8.22 107.7 67.75 130.8 8.05 14.8 0.0 277.3 2.62 46.10 1.1
60589 1658496655 0 4 2.573 1.623
60594 1658496657 0 7 $GNGGA,133058.000,4423.84725,N,00855.00276,E,1,15,0.7,-1.5,M,44.7,M,,*65
60595 1658496657 0 1 1.021
60599 1658496658 0 5 0.06
60600 1658496658 0 6 0.13
60601 1658496658 0 8 4.997 12.210 11.89
60602 1658496659 0 7 $GNGGA,133059.000,4423.84682,N,00855.00346,E,1,15,0.7,-1.5,M,44.7,M,,*6A
60603 1658496659 0 7 $GNGGA,133100.000,4423.84644,N,00855.00419,E,1,15,0.7,-1.6,M,44.7,M,,*63
60604 1658496660 0 7 $GNGGA,133101.000,4423.84602,N,00855.00487,E,1,15,0.7,-1.5,M,44.7,M,,*64
60605 1658496660 0 1 1.019
60613 1658496663 0 7 $GNGGA,133104.000,4423.84468,N,00855.00714,E,1,15,0.7,-1.5,M,44.7,M,,*66
60614 1658496663 0 1 0.959
60617 1658496664 0 4 2.573 1.621
60618 1658496664 0 5 0.06
60619 1658496664 0 6 0.14
60620 1658496664 0 8 4.997 12.332 11.89
60623 1658496666 0 7 $GNGGA,133107.000,4423.84327,N,00855.00942,E,1,15,0.7,-1.5,M,44.7,M,,*64
60624 1658496666 0 1 0.904
60631 1658496668 0 7 $GNGGA,133108.000,4423.84275,N,00855.01018,E,1,15,0.7,-1.6,M,44.7,M,,*69
60633 1658496669 0 7 $GNGGA,133110.000,4423.84180,N,00855.01164,E,1,15,0.7,-1.9,M,44.7,M,,*6C
60635 1658496669 0 3 2.738 0.005
60636 1658496670 0 0 27.64 8.22 107.8 67.94 130.7 8.01 14.9 0.0 272.8 2.50 46.24 1.1
60645 1658496672 0 3 2.738 0.005
60649 1658496673 0 6 0.14
60650 1658496673 0 8 4.997 12.323 11.89
60651 1658496673 0 7 $GNGGA,133114.000,4423.84008,N,00855.01462,E,1,15,0.7,-2.7,M,44.7,M,,*67
60652 1658496674 0 7 $GNGGA,133115.000,4423.83969,N,00855.01539,E,1,15,0.7,-3.0,M,44.7,M,,*66
60653 1658496675 0 7 $GNGGA,133116.000,4423.83940,N,00855.01630,E,1,15,0.7,-3.5,M,44.7,M,,*61
60654 1658496675 0 1 1.042
60655 1658496675 0 3 2.738 0.005
60659 1658496676 0 6 0.13
60662 1658496677 0 7 $GNGGA,133118.000,4423.83870,N,00855.01796,E,1,15,0.7,-4.0,M,44.7,M,,*62
60663 1658496678 0 7 $GNGGA,133119.000,4423.83819,N,00855.01867,E,1,15,0.7,-4.2,M,44.7,M,,*6F
60665 1658496678 0 3 2.738 0.005
60673 1658496681 0 7 $GNGGA,133122.000,4423.83707,N,00855.02105,E,1,15,0.7,-5.0,M,44.7,M,,*6A
60674 1658496681 0 1 1.584
60676 1658496682 0 0 27.87 8.22 107.8 67.86 130.7 7.98 14.8 0.0 268.8 2.42 46.17 1.1
60679 1658496682 0 6 0.13
60680 1658496682 0 8 4.997 12.323 11.89
60683 1658496684 0 7 $GNGGA,133125.000,4423.83619,N,00855.02336,E,1,15,0.7,-4.4,M,44.7,M,,*64
60684 1658496684 0 1 1.017
60692 1658496686 0 7 $GNGGA,133127.000,4423.83563,N,00855.02492,E,1,15,0.7,-4.0,M,44.7,M,,*65
60693 1658496687 0 7 $GNGGA,133128.000,4423.83524,N,00855.02571,E,1,15,0.7,-4.0,M,44.7,M,,*65
60694 1658496687 0 1 0.957
60695 1658496688 0 3 2.738 0.005
60696 1658496688 0 0 27.97 8.21 107.9 67.89 130.7 7.97 14.9 0.0 268.0 2.42 46.19 1.2
60703 1658496690 0 7 $GNGGA,133131.000,4423.83413,N,00855.02817,E,1,15,0.7,-3.5,M,44.7,M,,*67
60704 1658496690 0 1 0.974
60710 1658496691 0 8 4.997 12.332 11.89
60711 1658496691 0 7 $GNGGA,133132.000,4423.83375,N,00855.02901,E,1,15,0.7,-3.4,M,44.7,M,,*64
60712 1658496692 0 7 $GNGGA,133133.000,4423.83336,N,00855.02985,E,1,15,0.7,-3.3,M,44.7,M,,*69
60713 1658496693 0 7 $GNGGA,133134.000,4423.83294,N,00855.03072,E,1,15,0.7,-3.3,M,44.7,M,,*67
60715 1658496693 0 3 2.738 0.005
60723 1658496696 0 7 $GNGGA,133137.000,4423.83166,N,00855.03353,E,1,15,0.7,-3.4,M,44.7,M,,*6D
60724 1658496696 0 1 0.795
60733 1658496699 0 7 $GNGGA,133140.000,4423.83056,N,00855.03614,E,1,15,0.7,-3.2,M,44.7,M,,*6F
60734 1658496699 0 1 0.919
60739 1658496700 0 6 0.13
60740 1658496701 0 8 4.997 12.332 11.89
60741 1658496701 0 7 $GNGGA,133141.000,4423.83026,N,00855.03702,E,1,15,0.7,-3.1,M,44.7,M,,*6C
60745 1658496702 0 3 2.735 0.005
60753 1658496705 0 7 $GNGGA,133146.000,4423.82842,N,00855.04133,E,1,15,0.7,-2.9,M,44.7,M,,*6A
60757 1658496706 0 4 2.573 1.611
60758 1658496706 0 5 0.06
60761 1658496707 0 7 $GNGGA,133147.000,4423.82805,N,00855.04223,E,1,15,0.7,-2.8,M,44.7,M,,*6B
60762 1658496708 0 7 $GNGGA,133149.000,4423.82716,N,00855.04392,E,1,15,0.7,-2.9,M,44.7,M,,*62
60764 1658496709 0 3 2.736 0.005
60765 1658496709 0 0 27.57 8.22 108.1 67.85 130.4 8.01 15.0 0.0 277.4 2.33 46.17 1.1
60770 1658496709 0 7 $GNGGA,133150.000,4423.82669,N,00855.04467,E,1,15,0.7,-2.9,M,44.7,M,,*6E
60771 1658496710 0 7 $GNGGA,133151.000,4423.82625,N,00855.04547,E,1,15,0.7,-2.9,M,44.7,M,,*64
60772 1658496711 0 7 $GNGGA,133152.000,4423.82572,N,00855.04627,E,1,15,0.7,-3.0,M,44.7,M,,*6B
60773 1658496711 0 1 1.009
60781 1658496714 0 7 $GNGGA,133155.000,4423.82451,N,00855.04883,E,1,15,0.7,-2.7,M,44.7,M,,*6A
60782 1658496714 0 1 0.954
60785 1658496715 0 4 2.573 1.608
60786 1658496715 0 5 0.06
60787 1658496715 0 6 0.13
60791 1658496717 0 7 $GNGGA,133158.000,4423.82328,N,00855.05144,E,1,15,0.7,-2.3,M,44.7,M,,*69
60792 1658496718 0 1 0.966
60793 1658496718 0 3 2.733 0.005
60795 1658496718 0 4 2.573 1.608
60796 1658496718 0 5 0.06
60798 1658496719 0 8 4.997 12.341 11.89
60799 1658496719 0 7 $GNGGA,133159.000,4423.82290,N,00855.05227,E,1,15,0.7,-2.2,M,44.7,M,,*6D
60803 1658496721 0 3 2.735 0.005
60804 1658496721 0 0 27.57 8.22 108.2 67.92 130.3 8.00 15.0 0.0 277.7 2.32 46.23 1.1
60811 1658496723 0 7 $GNGGA,133204.000,4423.82088,N,00855.05692,E,1,15,0.7,-2.7,M,44.7,M,,*62
60812 1658496723 0 1 0.847
60815 1658496724 0 4 2.573 1.606
60816 1658496724 0 5 0.06
60817 1658496724 0 6 0.13
60818 1658496724 0 8 4.997 12.341 11.89
60829 1658496728 0 7 $GNGGA,133208.000,4423.81926,N,00855.06036,E,1,15,0.7,-2.3,M,44.7,M,,*6F
60833 1658496730 0 3 2.733 0.005
60834 1658496730 0 0 27.52 8.22 108.3 67.87 130.2 8.00 15.0 0.0 279.4 2.33 46.19 1.1
60841 1658496732 0 7 $GNGGA,133213.000,4423.81719,N,00855.06450,E,1,15,0.7,-1.7,M,44.7,M,,*64
60842 1658496732 0 1 1.032
60851 1658496735 0 7 $GNGGA,133216.000,4423.81597,N,00855.06721,E,1,15,0.7,-1.4,M,44.7,M,,*63
60852 1658496735 0 1 1.654
60856 1658496736 0 5 0.06
60859 1658496737 0 7 $GNGGA,133217.000,4423.81560,N,00855.06809,E,1,15,0.7,-1.4,M,44.7,M,,*6F
60860 1658496737 0 7 $GNGGA,133218.000,4423.81519,N,00855.06890,E,1,15,0.7,-1.3,M,44.7,M,,*69
60861 1658496738 0 7 $GNGGA,133219.000,4423.81472,N,00855.06978,E,1,15,0.7,-1.2,M,44.7,M,,*62
60863 1658496739 0 3 2.732 0.005
60864 1658496739 0 0 27.56 8.22 108.4 67.93 130.1 7.99 15.0 0.0 275.7 2.26 46.23 1.1
60871 1658496741 0 7 $GNGGA,133222.000,4423.81358,N,00855.07243,E,1,15,0.7,-1.0,M,44.7,M,,*65
60872 1658496741 0 1 0.980
60875 1658496742 0 4 2.572 1.611
60876 1658496742 0 5 0.06
60877 1658496742 0 6 0.13
60884 1658496745 0 0 27.64 8.22 108.4 67.87 130.1 7.98 15.0 0.0 274.2 2.20 46.19 1.2
60888 1658496746 0 8 4.997 12.332 11.91
60889 1658496746 0 7 $GNGGA,133226.000,4423.81200,N,00855.07614,E,1,15,0.7,-0.9,M,44.7,M,,*63
60893 1658496748 0 3 2.732 0.005
60894 1658496748 0 0 27.66 8.22 108.4 67.85 130.1 7.98 15.0 0.0 273.2 2.21 46.17 1.2
60901 1658496750 0 7 $GNGGA,133231.000,4423.81004,N,00855.08024,E,1,15,0.7,-0.5,M,44.7,M,,*65
60902 1658496750 0 1 0.951
60905 1658496751 0 4 2.572 1.603
60906 1658496751 0 5 0.06
60911 1658496753 0 7 $GNGGA,133234.000,4423.80909,N,00855.08275,E,1,15,0.7,0.1,M,44.7,M,,*4A
60912 1658496753 0 1 1.004
60917 1658496754 0 6 0.13
60922 1658496756 0 1 1.224
60923 1658496757 0 3 2.731 0.005
60924 1658496757 0 0 27.62 8.22 108.6 67.91 130.2 7.98 15.0 0.0 275.2 2.21 46.22 1.2
60931 1658496759 0 7 $GNGGA,133240.000,4423.80684,N,00855.08810,E,1,15,0.7,0.2,M,44.7,M,,*49
60932 1658496759 0 1 1.028
60935 1658496760 0 4 2.572 1.603
60936 1658496760 0 5 0.06
60937 1658496760 0 6 0.13
60941 1658496762 0 7 $GNGGA,133243.000,4423.80584,N,00855.09090,E,1,15,0.7,0.4,M,44.7,M,,*4E
60942 1658496762 0 1 1.687
60950 1658496764 0 7 $GNGGA,133245.000,4423.80515,N,00855.09283,E,1,15,0.7,0.4,M,44.7,M,,*40
60951 1658496765 0 7 $GNGGA,133246.000,4423.80484,N,00855.09382,E,1,15,0.7,0.3,M,44.7,M,,*4D
60952 1658496765 0 1 1.018
60956 1658496766 0 5 0.06
60957 1658496766 0 6 0.13
60958 1658496766 0 8 4.997 12.341 11.89
60961 1658496768 0 7 $GNGGA,133249.000,4423.80347,N,00855.09642,E,1,15,0.7,-0.4,M,44.7,M,,*69
60962 1658496768 0 1 1.021
60965 1658496769 0 4 2.572 1.606
60966 1658496769 0 5 0.06
60967 1658496769 0 6 0.13
60968 1658496769 0 8 4.997 12.332 11.89
60971 1658496771 0 7 $GNGGA,133252.000,4423.80240,N,00855.09931,E,1,15,0.7,-0.3,M,44.7,M,,*69
60972 1658496771 0 1 0.983
60983 1658496775 0 3 2.728 0.005
60984 1658496775 0 0 27.56 8.22 108.6 67.90 130.2 7.99 15.0 0.0 275.6 2.14 46.21 1.1
60991 1658496777 0 7 $GNGGA,133258.000,4423.80052,N,00855.10526,E,1,15,0.7,-0.2,M,44.7,M,,*61
60992 1658496777 0 1 0.984
60993 1658496778 0 3 2.730 0.006
60995 1658496778 0 4 2.573 1.606
60996 1658496778 0 5 0.06
60997 1658496778 0 6 0.13
60998 1658496778 0 8 4.997 12.069 11.89
61001 1658496780 0 7 $GNGGA,133301.000,4423.79920,N,00855.10805,E,1,15,0.7,-0.7,M,44.7,M,,*6F
61002 1658496780 0 1 1.018
61010 1658496782 0 7 $GNGGA,133303.000,4423.79849,N,00855.10992,E,1,15,0.7,-0.8,M,44.7,M,,*63
61011 1658496783 0 7 $GNGGA,133304.000,4423.79825,N,00855.11091,E,1,15,0.7,-0.7,M,44.7,M,,*6A
61012 1658496783 0 1 1.224
61013 1658496784 0 3 2.732 0.005
61014 1658496784 0 0 27.69 8.22 108.6 67.92 130.2 7.98 15.0 0.0 272.2 2.15 46.22 1.2
61021 1658496786 0 7 $GNGGA,133307.000,4423.79768,N,00855.11412,E,1,15,0.7,-0.1,M,44.7,M,,*66
61022 1658496786 0 1 1.074
61024 1658496787 0 0 27.64 8.22 108.7 67.89 130.3 7.99 15.0 0.0 273.1 2.19 46.20 1.2
61027 1658496787 0 6 0.13
61028 1658496787 0 8 4.997 11.506 11.89
61029 1658496788 0 7 $GNGGA,133308.000,4423.79746,N,00855.11515,E,1,15,0.7,-0.1,M,44.7,M,,*63
61033 1658496790 0 3 2.731 0.005
61034 1658496790 0 0 27.66 8.22 108.7 67.94 130.3 7.98 15.0 0.0 271.8 2.18 46.24 1.2
61043 1658496793 0 3 2.731 0.005
61044 1658496793 0 0 28.00 8.22 108.7 67.80 130.4 7.95 14.8 0.0 258.6 2.10 46.12 1.2
61051 1658496795 0 7 $GNGGA,133316.000,4423.79519,N,00855.12325,E,1,15,0.7,0.4,M,44.7,M,,*4A
61052 1658496795 0 1 0.934
61056 1658496796 0 5 0.06
61057 1658496796 0 6 0.13
61063 1658496799 0 3 2.732 0.005
61064 1658496799 0 0 28.07 8.21 108.7 67.96 130.6 7.95 14.9 0.0 264.8 2.14 46.24 1.2
61071 1658496801 0 7 $GNGGA,133322.000,4423.79343,N,00855.12922,E,1,15,0.7,1.0,M,44.7,M,,*4C
61072 1658496801 0 1 0.875
61075 1658496802 0 4 2.573 1.598
61076 1658496802 0 5 0.06
61081 1658496804 0 7 $GNGGA,133325.000,4423.79272,N,00855.13232,E,1,15,0.7,1.3,M,44.7,M,,*40
61082 1658496804 0 1 0.896
61089 1658496806 0 7 $GNGGA,133326.000,4423.79239,N,00855.13330,E,1,15,0.7,1.5,M,44.7,M,,*49
61090 1658496806 0 7 $GNGGA,133327.000,4423.79217,N,00855.13452,E,1,15,0.7,1.6,M,44.7,M,,*44
61091 1658496807 0 7 $GNGGA,133328.000,4423.79186,N,00855.13551,E,1,15,0.7,1.6,M,44.7,M,,*42
61093 1658496808 0 3 2.730 0.005
61094 1658496808 0 0 27.94 8.22 108.8 67.98 130.6 7.97 15.0 0.0 269.4 2.10 46.26 1.2
61101 1658496810 0 7 $GNGGA,133331.000,4423.79083,N,00855.13842,E,1,15,0.7,1.3,M,44.7,M,,*44
61102 1658496810 0 1 1.023
61105 1658496811 0 4 2.572 1.598
61106 1658496811 0 5 0.06
61107 1658496811 0 6 0.13
61108 1658496811 0 8 4.997 12.332 11.89
61111 1658496813 0 7 $GNGGA,133334.000,4423.79018,N,00855.14156,E,1,15,0.7,1.5,M,44.7,M,,*4E
61116 1658496814 0 5 0.06
61117 1658496814 0 6 0.13
61118 1658496814 0 8 4.997 12.323 11.89
61119 1658496815 0 7 $GNGGA,133335.000,4423.78985,N,00855.14255,E,1,15,0.7,1.7,M,44.7,M,,*41
61120 1658496815 0 7 $GNGGA,133336.000,4423.78954,N,00855.14357,E,1,15,0.7,2.0,M,44.7,M,,*49
61121 1658496816 0 7 $GNGGA,133337.000,4423.78924,N,00855.14459,E,1,15,0.7,2.1,M,44.7,M,,*47
61123 1658496817 0 3 2.726 0.005
61124 1658496817 0 0 28.01 8.21 108.8 68.06 130.6 7.96 14.9 0.0 269.8 2.05 46.32 1.2
61131 1658496819 0 7 $GNGGA,133340.000,4423.78840,N,00855.14767,E,1,15,0.7,2.3,M,44.7,M,,*48
61132 1658496819 0 1 0.900
61135 1658496820 0 4 2.572 1.586
61136 1658496820 0 5 0.06
61137 1658496820 0 6 0.13
61138 1658496820 0 8 4.997 12.332 11.91
61141 1658496822 0 7 $GNGGA,133343.000,4423.78717,N,00855.15056,E,1,15,0.7,2.3,M,44.7,M,,*42
61142 1658496822 0 1 0.846
61150 1658496824 0 7 $GNGGA,133345.000,4423.78665,N,00855.15254,E,1,15,0.7,2.4,M,44.7,M,,*47
61151 1658496825 0 7 $GNGGA,133346.000,4423.78629,N,00855.15351,E,1,15,0.7,2.3,M,44.7,M,,*4F
61153 1658496826 0 3 2.730 0.005
61154 1658496826 0 0 27.99 8.21 108.9 67.95 130.5 7.96 15.0 0.0 273.1 2.12 46.23 1.2
61161 1658496828 0 7 $GNGGA,133349.000,4423.78521,N,00855.15620,E,1,15,0.7,2.0,M,44.7,M,,*4B
61162 1658496828 0 1 0.884
61167 1658496829 0 6 0.13
61168 1658496829 0 8 4.997 12.332 11.91
61169 1658496830 0 7 $GNGGA,133350.000,4423.78476,N,00855.15707,E,1,15,0.7,1.8,M,44.7,M,,*4F
61171 1658496831 0 7 $GNGGA,133352.000,4423.78401,N,00855.15897,E,1,15,0.7,1.6,M,44.7,M,,*45
61172 1658496831 0 1 0.848
61181 1658496834 0 7 $GNGGA,133355.000,4423.78300,N,00855.16206,E,1,15,0.7,1.6,M,44.7,M,,*45
61182 1658496834 0 1 0.863
61184 1658496835 0 0 27.90 8.22 109.0 67.94 130.4 7.96 15.0 0.0 274.6 2.12 46.23 1.2
61186 1658496835 0 5 0.06
61191 1658496837 0 7 $GNGGA,133358.000,4423.78191,N,00855.16489,E,1,15,0.7,1.8,M,44.7,M,,*4D
61195 1658496838 0 4 2.572 1.573
61196 1658496838 0 5 0.06
61204 1658496841 0 0 27.94 8.21 109.0 67.96 130.3 7.95 15.0 0.0 275.2 2.16 46.24 1.2
61211 1658496843 0 7 $GNGGA,133404.000,4423.78046,N,00855.17078,E,1,15,0.7,1.9,M,44.7,M,,*42
61215 1658496844 0 4 2.572 1.578
61216 1658496844 0 5 0.06
61221 1658496846 0 7 $GNGGA,133407.000,4423.77952,N,00855.17359,E,1,15,0.7,1.7,M,44.7,M,,*4C
61222 1658496846 0 1 0.879
61223 1658496847 0 3 2.727 0.005
61229 1658496848 0 7 $GNGGA,133408.000,4423.77934,N,00855.17462,E,1,15,0.7,1.8,M,44.7,M,,*43
61230 1658496848 0 7 $GNGGA,133409.000,4423.77906,N,00855.17560,E,1,15,0.7,1.8,M,44.7,M,,*40
61233 1658496850 0 3 2.730 0.005
61234 1658496850 0 0 28.02 8.21 109.1 67.96 130.2 7.94 15.0 0.0 275.7 2.08 46.24 1.2
61241 1658496852 0 7 $GNGGA,133413.000,4423.77815,N,00855.17969,E,1,15,0.7,2.3,M,44.7,M,,*45
61242 1658496852 0 1 0.849
61245 1658496853 0 4 2.572 1.628
61246 1658496853 0 5 0.06
61247 1658496853 0 6 0.13
61251 1658496855 0 7 $GNGGA,133416.000,4423.77730,N,00855.18258,E,1,15,0.7,2.2,M,44.7,M,,*4F
61252 1658496855 0 1 0.824
61253 1658496856 0 3 2.728 0.005
61256 1658496856 0 5 0.06
61262 1658496859 0 3 2.732 0.005
61263 1658496859 0 0 28.05 8.21 109.2 68.01 130.1 7.92 15.0 0.0 277.1 2.10 46.28 1.2
61270 1658496861 0 7 $GNGGA,133422.000,4423.77550,N,00855.18841,E,1,15,0.7,2.4,M,44.7,M,,*48
61271 1658496861 0 1 0.812
61274 1658496862 0 4 2.573 1.618
61275 1658496862 0 5 0.06
61276 1658496862 0 6 0.13
61277 1658496862 0 8 4.997 12.323 11.89
61280 1658496864 0 7 $GNGGA,133425.000,4423.77459,N,00855.19133,E,1,15,0.7,2.5,M,44.7,M,,*4B
61281 1658496864 0 1 0.805
61289 1658496866 0 7 $GNGGA,133427.000,4423.77404,N,00855.19320,E,1,15,0.7,2.6,M,44.7,M,,*42
61290 1658496867 0 7 $GNGGA,133428.000,4423.77386,N,00855.19416,E,1,15,0.7,2.8,M,44.7,M,,*4C
61295 1658496868 0 5 0.06
61296 1658496868 0 6 0.13
61297 1658496868 0 8 4.997 12.332 11.89
61300 1658496870 0 7 $GNGGA,133431.000,4423.77317,N,00855.19721,E,1,15,0.7,3.0,M,44.7,M,,*42
61301 1658496870 0 1 1.466
61304 1658496871 0 4 2.572 1.623
61305 1658496871 0 5 0.06
61306 1658496871 0 6 0.13
61307 1658496871 0 8 4.997 12.332 11.91
61310 1658496873 0 7 $GNGGA,133434.000,4423.77239,N,00855.20012,E,1,15,0.7,3.0,M,44.7,M,,*47
61311 1658496873 0 1 0.799
61319 1658496875 0 7 $GNGGA,133436.000,4423.77179,N,00855.20204,E,1,15,0.7,3.0,M,44.7,M,,*47
61320 1658496876 0 7 $GNGGA,133437.000,4423.77147,N,00855.20300,E,1,15,0.7,3.0,M,44.7,M,,*4E
61321 1658496876 0 1 0.820
61322 1658496877 0 3 2.731 0.005
61323 1658496877 0 0 27.97 8.21 109.3 68.01 129.8 7.91 15.1 0.0 282.0 2.14 46.28 1.2
61330 1658496879 0 7 $GNGGA,133440.000,4423.77068,N,00855.20590,E,1,15,0.7,3.0,M,44.7,M,,*4D
61331 1658496879 0 1 0.741
61335 1658496880 0 5 0.06
61336 1658496880 0 6 0.14
61337 1658496880 0 8 4.997 12.332 11.89
61341 1658496882 0 1 0.732
61343 1658496883 0 0 28.07 8.21 109.3 68.00 129.7 7.90 15.1 0.0 282.8 2.14 46.27 1.2
61350 1658496885 0 7 $GNGGA,133446.000,4423.76917,N,00855.21176,E,1,15,0.7,3.3,M,44.7,M,,*45
61355 1658496886 0 5 0.06
61356 1658496886 0 6 0.14
61357 1658496886 0 8 4.997 12.332 11.91
61360 1658496888 0 7 $GNGGA,133449.000,4423.76856,N,00855.21501,E,1,15,0.7,3.5,M,44.7,M,,*4C
61361 1658496888 0 1 0.765
61366 1658496889 0 6 0.14
61367 1658496889 0 8 4.997 12.332 11.91
61368 1658496890 0 7 $GNGGA,133450.000,4423.76824,N,00855.21595,E,1,15,0.7,3.3,M,44.7,M,,*4A
61370 1658496891 0 7 $GNGGA,133452.000,4423.76766,N,00855.21781,E,1,15,0.7,3.3,M,44.7,M,,*46
61371 1658496891 0 1 0.856
61380 1658496894 0 7 $GNGGA,133455.000,4423.76711,N,00855.22080,E,1,15,0.7,3.6,M,44.7,M,,*41
61381 1658496894 0 1 0.682
61383 1658496895 0 0 28.05 8.21 109.4 67.95 129.4 7.88 15.0 0.0 282.1 2.15 46.23 1.2
61384 1658496895 0 4 2.572 1.596
61385 1658496895 0 5 0.06
61390 1658496897 0 7 $GNGGA,133458.000,4423.76661,N,00855.22370,E,1,15,0.7,4.3,M,44.7,M,,*44
61395 1658496898 0 5 0.06
61396 1658496898 0 6 0.14
61397 1658496898 0 8 4.997 12.144 11.89
61398 1658496899 0 7 $GNGGA,133459.000,4423.76639,N,00855.22462,E,1,15,0.7,4.4,M,44.7,M,,*4B
61401 1658496900 0 1 0.672
61403 1658496901 0 0 28.03 8.21 109.4 68.10 129.3 7.87 15.0 0.0 286.6 2.09 46.35 1.2
61410 1658496903 0 7 $GNGGA,133504.000,4423.76491,N,00855.22939,E,1,15,0.7,4.7,M,44.7,M,,*42
61411 1658496903 0 1 0.679
61414 1658496904 0 4 2.573 1.591
61415 1658496904 0 5 0.06
61420 1658496906 0 7 $GNGGA,133507.000,4423.76391,N,00855.23232,E,1,15,0.7,4.8,M,44.7,M,,*48
61421 1658496906 0 1 0.704
61428 1658496908 0 7 $GNGGA,133508.000,4423.76361,N,00855.23314,E,1,15,0.7,4.8,M,44.7,M,,*4D
61429 1658496908 0 7 $GNGGA,133509.000,4423.76332,N,00855.23404,E,1,15,0.7,4.7,M,44.7,M,,*43
61432 1658496910 0 3 2.731 0.005
61433 1658496910 0 0 28.02 8.21 109.6 67.94 129.1 7.87 15.0 0.0 285.9 2.13 46.23 1.2
61440 1658496912 0 7 $GNGGA,133513.000,4423.76169,N,00855.23788,E,1,15,0.7,4.6,M,44.7,M,,*42
61441 1658496912 0 1 0.615
61445 1658496913 0 5 0.06
61446 1658496913 0 6 0.14
61450 1658496915 0 7 $GNGGA,133516.000,4423.76030,N,00855.24076,E,1,15,0.7,4.5,M,44.7,M,,*48
61451 1658496915 0 1 0.679
61454 1658496916 0 4 2.573 1.588
61456 1658496916 0 6 0.14
61459 1658496917 0 7 $GNGGA,133518.000,4423.75948,N,00855.24220,E,1,15,0.7,4.4,M,44.7,M,,*43
61460 1658496918 0 7 $GNGGA,133519.000,4423.75914,N,00855.24305,E,1,15,0.7,4.5,M,44.7,M,,*4C
61461 1658496918 0 1 0.738
61462 1658496919 0 3 2.731 0.005
61463 1658496919 0 0 28.01 8.21 109.6 67.96 128.9 7.86 15.1 0.0 289.0 2.16 46.24 1.2
61470 1658496921 0 7 $GNGGA,133522.000,4423.75804,N,00855.24589,E,1,15,0.7,4.6,M,44.7,M,,*45
61471 1658496921 0 1 0.690
61474 1658496922 0 4 2.572 1.591
61475 1658496922 0 5 0.06
61476 1658496922 0 6 0.14
61477 1658496922 0 8 4.997 12.323 11.91
61481 1658496924 0 1 1.290
61490 1658496927 0 7 $GNGGA,133528.000,4423.75618,N,00855.25139,E,1,15,0.7,4.8,M,44.7,M,,*4C
61491 1658496927 0 1 0.692
61492 1658496928 0 3 2.732 0.005
61500 1658496930 0 7 $GNGGA,133531.000,4423.75521,N,00855.25424,E,1,15,0.7,4.9,M,44.7,M,,*45
61501 1658496930 0 1 0.658
61505 1658496931 0 5 0.06
61506 1658496931 0 6 0.14
61507 1658496931 0 8 4.997 12.323 11.89
61514 1658496934 0 4 2.573 1.591
61515 1658496934 0 5 0.06
61516 1658496934 0 6 0.14
61517 1658496934 0 8 4.997 12.332 11.91
61519 1658496935 0 7 $GNGGA,133536.000,4423.75373,N,00855.25905,E,1,15,0.7,5.4,M,44.7,M,,*41
61521 1658496936 0 1 0.650
61522 1658496937 0 3 2.732 0.005
61523 1658496937 0 0 28.00 8.21 109.7 68.02 128.7 7.84 15.1 0.0 291.6 2.12 46.29 1.2
61530 1658496939 0 7 $GNGGA,133540.000,4423.75232,N,00855.26257,E,1,15,0.7,4.3,M,44.7,M,,*4D
61531 1658496939 0 1 0.639
61534 1658496940 0 4 2.573 1.593
61535 1658496940 0 5 0.06
61536 1658496940 0 6 0.14
61537 1658496940 0 8 4.997 12.341 11.91
61538 1658496941 0 7 $GNGGA,133541.000,4423.75204,N,00855.26360,E,1,15,0.7,4.0,M,44.7,M,,*4F
61541 1658496942 0 1 0.673
61542 1658496943 0 3 2.731 0.005
61543 1658496943 0 0 27.98 8.21 109.8 67.88 128.5 7.84 15.1 0.0 291.4 2.14 46.18 1.2
61550 1658496945 0 7 $GNGGA,133546.000,4423.75038,N,00855.26819,E,1,15,0.7,3.4,M,44.7,M,,*43
61551 1658496945 0 1 0.681
61554 1658496946 0 4 2.572 1.591
61555 1658496946 0 5 0.06
61560 1658496948 0 7 $GNGGA,133549.000,4423.74921,N,00855.27072,E,1,15,0.7,3.5,M,44.7,M,,*49
61561 1658496948 0 1 0.691
61567 1658496949 0 8 4.997 12.332 11.89
61568 1658496950 0 7 $GNGGA,133550.000,4423.74887,N,00855.27156,E,1,15,0.7,3.7,M,44.7,M,,*49
61570 1658496951 0 7 $GNGGA,133552.000,4423.74837,N,00855.27330,E,1,15,0.7,3.9,M,44.7,M,,*4C
61574 1658496952 0 4 2.572 1.593
61575 1658496952 0 5 0.06
61576 1658496952 0 6 0.14
61579 1658496953 0 7 $GNGGA,133554.000,4423.74765,N,00855.27500,E,1,15,0.7,4.1,M,44.7,M,,*48
61580 1658496954 0 7 $GNGGA,133555.000,4423.74724,N,00855.27588,E,1,15,0.7,3.9,M,44.7,M,,*43
61581 1658496954 0 1 0.648
61582 1658496955 0 3 2.732 0.005
61583 1658496955 0 0 27.98 8.21 109.9 68.00 128.3 7.82 15.0 0.0 292.9 2.15 46.28 1.2
61584 1658496955 0 4 2.573 1.591
61590 1658496957 0 7 $GNGGA,133558.000,4423.74633,N,00855.27836,E,1,15,0.7,3.8,M,44.7,M,,*40
61591 1658496958 0 1 0.681
61594 1658496958 0 4 2.572 1.591
61595 1658496958 0 5 0.06
61596 1658496958 0 6 0.14
61597 1658496959 0 8 4.997 12.332 11.89
61598 1658496959 0 7 $GNGGA,133559.000,4423.74595,N,00855.27927,E,1,15,0.7,3.9,M,44.7,M,,*4E
61601 1658496960 0 1 0.624
61602 1658496961 0 3 2.732 0.005
61603 1658496961 0 0 27.96 8.21 109.9 68.05 128.2 7.81 15.0 0.0 294.0 2.11 46.32 1.2
61610 1658496963 0 7 $GNGGA,133604.000,4423.74455,N,00855.28383,E,1,15,0.7,4.1,M,44.7,M,,*4C
61612 1658496964 0 3 2.726 0.005
61614 1658496964 0 4 2.572 1.593
61615 1658496964 0 5 0.06
61616 1658496964 0 6 0.14
61620 1658496966 0 7 $GNGGA,133607.000,4423.74358,N,00855.28644,E,1,15,0.7,4.2,M,44.7,M,,*48
61621 1658496966 0 1 0.660
61628 1658496968 0 7 $GNGGA,133608.000,4423.74323,N,00855.28743,E,1,15,0.7,4.2,M,44.7,M,,*4D
61629 1658496968 0 7 $GNGGA,133609.000,4423.74298,N,00855.28834,E,1,15,0.7,4.1,M,44.7,M,,*41
61630 1658496969 0 7 $GNGGA,133610.000,4423.74274,N,00855.28923,E,1,15,0.7,4.1,M,44.7,M,,*4C
61632 1658496970 0 3 2.731 0.005
61633 1658496970 0 0 27.98 8.21 110.0 68.11 128.0 7.80 15.1 0.0 294.2 2.17 46.36 1.2
61640 1658496972 0 7 $GNGGA,133613.000,4423.74196,N,00855.29224,E,1,15,0.7,3.9,M,44.7,M,,*42
61641 1658496972 0 1 0.677
61650 1658496975 0 7 $GNGGA,133616.000,4423.74096,N,00855.29512,E,1,15,0.7,4.1,M,44.7,M,,*4B
61651 1658496975 0 1 0.643
61654 1658496976 0 4 2.573 1.593
61658 1658496977 0 7 $GNGGA,133617.000,4423.74062,N,00855.29616,E,1,15,0.7,4.0,M,44.7,M,,*47
61659 1658496977 0 7 $GNGGA,133618.000,4423.74030,N,00855.29715,E,1,15,0.7,3.9,M,44.7,M,,*43
61660 1658496978 0 7 $GNGGA,133619.000,4423.73999,N,00855.29803,E,1,15,0.7,3.9,M,44.7,M,,*47
61661 1658496978 0 1 1.332
61662 1658496979 0 3 2.730 0.005
61663 1658496979 0 0 28.03 8.21 110.1 67.98 127.9 7.79 15.1 0.0 293.3 2.17 46.26 1.2
61670 1658496981 0 7 $GNGGA,133622.000,4423.73887,N,00855.30089,E,1,15,0.7,3.8,M,44.7,M,,*42
61671 1658496981 0 1 0.655
61674 1658496982 0 4 2.572 1.591
61675 1658496982 0 5 0.06
61676 1658496982 0 6 0.14
61681 1658496984 0 1 0.645
61682 1658496985 0 3 2.732 0.005
61689 1658496986 0 7 $GNGGA,133627.000,4423.73716,N,00855.30556,E,1,15,0.7,3.8,M,44.7,M,,*47
61690 1658496987 0 7 $GNGGA,133628.000,4423.73686,N,00855.30645,E,1,15,0.7,3.8,M,44.7,M,,*41
61692 1658496988 0 3 2.731 0.005
61693 1658496988 0 0 28.02 8.21 110.2 68.01 127.7 7.78 15.0 0.0 293.7 2.16 46.28 1.2
61694 1658496988 0 4 2.572 1.591
61700 1658496990 0 7 $GNGGA,133631.000,4423.73600,N,00855.30928,E,1,15,0.7,3.8,M,44.7,M,,*43
61701 1658496990 0 1 0.604
61710 1658496993 0 7 $GNGGA,133634.000,4423.73510,N,00855.31236,E,1,15,0.7,3.4,M,44.7,M,,*4D
61711 1658496993 0 1 0.582
61719 1658496995 0 7 $GNGGA,133636.000,4423.73457,N,00855.31433,E,1,15,0.7,3.3,M,44.7,M,,*49
61720 1658496996 0 7 $GNGGA,133637.000,4423.73432,N,00855.31516,E,1,15,0.7,3.3,M,44.7,M,,*4D
61721 1658496996 0 1 0.647
61722 1658496997 0 3 2.731 0.005
61723 1658496997 0 0 28.06 8.21 110.3 68.04 127.7 7.77 15.1 0.0 294.3 2.11 46.30 1.2
61730 1658496999 0 7 $GNGGA,133640.000,4423.73338,N,00855.31813,E,1,15,0.7,3.1,M,44.7,M,,*4A
61734 1658497000 0 4 2.572 1.598
61735 1658497000 0 5 0.06
61736 1658497000 0 6 0.14
61737 1658497000 0 8 4.997 12.332 11.91
61738 1658497001 0 7 $GNGGA,133641.000,4423.73310,N,00855.31898,E,1,15,0.7,3.1,M,44.7,M,,*42
61741 1658497002 0 1 0.629
61742 1658497003 0 3 2.732 0.005
61743 1658497003 0 0 28.10 8.21 110.3 68.01 127.6 7.76 15.1 0.0 293.3 2.11 46.28 1.2
61750 1658497005 0 7 $GNGGA,133646.000,4423.73167,N,00855.32367,E,1,15,0.7,3.0,M,44.7,M,,*4E
61751 1658497005 0 1 1.276
61754 1658497006 0 4 2.572 1.598
61755 1658497006 0 5 0.06
61760 1658497008 0 7 $GNGGA,133649.000,4423.73077,N,00855.32656,E,1,15,0.7,3.0,M,44.7,M,,*46
61761 1658497008 0 1 0.633
61762 1658497009 0 3 2.732 0.005
61767 1658497010 0 8 4.997 12.332 11.89
61768 1658497010 0 7 $GNGGA,133650.000,4423.73046,N,00855.32757,E,1,15,0.7,2.9,M,44.7,M,,*44
61769 1658497010 0 7 $GNGGA,133651.000,4423.73018,N,00855.32848,E,1,15,0.7,2.9,M,44.7,M,,*4F
61770 1658497011 0 7 $GNGGA,133652.000,4423.72989,N,00855.32940,E,1,15,0.7,2.9,M,44.7,M,,*45
61772 1658497012 0 3 2.730 0.005
61773 1658497012 0 0 28.04 8.21 110.3 67.99 127.5 7.77 15.1 0.0 295.7 2.11 46.26 1.2
61780 1658497014 0 7 $GNGGA,133655.000,4423.72913,N,00855.33216,E,1,15,0.7,2.8,M,44.7,M,,*49
61781 1658497014 0 1 0.631
61784 1658497015 0 4 2.572 1.593
61785 1658497015 0 5 0.06
61786 1658497015 0 6 0.14
61794 1658497018 0 4 2.572 1.593
61795 1658497018 0 5 0.06
61796 1658497018 0 6 0.14
61797 1658497018 0 8 4.997 12.144 11.89
61798 1658497019 0 7 $GNGGA,133659.000,4423.72798,N,00855.33592,E,1,15,0.7,2.9,M,44.7,M,,*42
61799 1658497019 0 7 $GNGGA,133700.000,4423.72766,N,00855.33686,E,1,15,0.7,2.9,M,44.7,M,,*48
61801 1658497020 0 1 0.615
61802 1658497021 0 3 2.730 0.005
61803 1658497021 0 0 28.03 8.21 110.4 67.99 127.4 7.76 15.1 0.0 296.2 2.06 46.26 1.2
61810 1658497023 0 7 $GNGGA,133704.000,4423.72652,N,00855.34061,E,1,15,0.7,2.9,M,44.7,M,,*42
61814 1658497024 0 4 2.571 1.591
61815 1658497024 0 5 0.06
61816 1658497024 0 6 0.14
61821 1658497026 0 1 0.754
61823 1658497027 0 0 28.00 8.21 110.4 68.03 127.4 7.76 15.1 0.0 296.8 2.13 46.30 1.2
61829 1658497028 0 7 $GNGGA,133709.000,4423.72498,N,00855.34521,E,1,15,0.7,3.0,M,44.7,M,,*42
61830 1658497029 0 7 $GNGGA,133710.000,4423.72472,N,00855.34618,E,1,15,0.7,3.0,M,44.7,M,,*47
61832 1658497030 0 3 2.732 0.005
61833 1658497030 0 0 27.96 8.21 110.4 68.01 127.4 7.77 15.2 0.0 298.1 2.14 46.28 1.2
61835 1658497030 0 5 0.06
61840 1658497032 0 7 $GNGGA,133713.000,4423.72387,N,00855.34906,E,1,15,0.7,3.1,M,44.7,M,,*48
61841 1658497032 0 1 1.338
61842 1658497033 0 3 2.732 0.005
61846 1658497033 0 6 0.14
61847 1658497033 0 8 4.997 12.323 11.89
61848 1658497034 0 7 $GNGGA,133714.000,4423.72360,N,00855.35005,E,1,15,0.7,3.1,M,44.7,M,,*4D
61851 1658497035 0 1 0.704
61852 1658497036 0 3 2.731 0.005
61860 1658497038 0 7 $GNGGA,133719.000,4423.72207,N,00855.35480,E,1,15,0.7,3.3,M,44.7,M,,*4B
61861 1658497038 0 1 0.693
61864 1658497039 0 4 2.572 1.588
61865 1658497039 0 5 0.06
61870 1658497041 0 7 $GNGGA,133722.000,4423.72097,N,00855.35758,E,1,15,0.7,3.1,M,44.7,M,,*4C
61871 1658497041 0 1 0.675
61874 1658497042 0 4 2.572 1.588
61878 1658497043 0 7 $GNGGA,133723.000,4423.72065,N,00855.35851,E,1,15,0.7,3.1,M,44.7,M,,*46
61879 1658497043 0 7 $GNGGA,133724.000,4423.72032,N,00855.35945,E,1,15,0.7,3.1,M,44.7,M,,*47
61880 1658497044 0 7 $GNGGA,133725.000,4423.72001,N,00855.36038,E,1,15,0.7,3.1,M,44.7,M,,*46
61881 1658497044 0 1 0.728
61882 1658497045 0 3 2.733 0.005
61883 1658497045 0 0 27.97 8.21 110.5 68.04 127.4 7.76 15.1 0.0 297.5 2.16 46.31 1.2
61890 1658497047 0 7 $GNGGA,133728.000,4423.71914,N,00855.36325,E,1,15,0.7,3.3,M,44.7,M,,*48
61894 1658497048 0 4 2.572 1.583
61895 1658497048 0 5 0.06
61896 1658497048 0 6 0.14
61897 1658497048 0 8 4.997 12.332 11.89
61901 1658497050 0 1 0.739
61910 1658497053 0 7 $GNGGA,133734.000,4423.71722,N,00855.36908,E,1,15,0.7,3.4,M,44.7,M,,*4C
61911 1658497053 0 1 0.797
61912 1658497054 0 3 2.734 0.005
61913 1658497054 0 0 27.96 8.21 110.6 67.97 127.4 7.77 15.2 0.0 297.9 2.20 46.25 1.2
61920 1658497056 0 7 $GNGGA,133737.000,4423.71616,N,00855.37212,E,1,15,0.7,3.3,M,44.7,M,,*4F
61921 1658497056 0 1 0.733
61930 1658497059 0 7 $GNGGA,133740.000,4423.71521,N,00855.37502,E,1,15,0.7,3.4,M,44.7,M,,*49
61931 1658497059 0 1 1.410
61934 1658497060 0 4 2.572 1.581
61935 1658497060 0 5 0.06
61939 1658497061 0 7 $GNGGA,133742.000,4423.71464,N,00855.37699,E,1,15,0.7,3.4,M,44.7,M,,*4A
61940 1658497062 0 7 $GNGGA,133743.000,4423.71438,N,00855.37795,E,1,15,0.7,3.4,M,44.7,M,,*4F
61941 1658497062 0 1 0.714
61942 1658497063 0 3 2.734 0.005
61943 1658497063 0 0 27.94 8.21 110.6 67.93 127.5 7.78 15.1 0.0 297.9 2.21 46.22 1.2
61950 1658497065 0 7 $GNGGA,133746.000,4423.71355,N,00855.38075,E,1,15,0.7,3.5,M,44.7,M,,*41
61951 1658497065 0 1 0.746
61954 1658497066 0 4 2.572 1.583
61955 1658497066 0 5 0.06
61961 1658497068 0 1 0.711
61963 1658497069 0 0 27.92 8.21 110.7 67.96 127.4 7.78 15.1 0.0 297.4 2.16 46.25 1.2
61970 1658497071 0 7 $GNGGA,133752.000,4423.71189,N,00855.38656,E,1,15,0.7,3.3,M,44.7,M,,*46
61972 1658497072 0 3 2.732 0.005
61973 1658497072 0 0 27.90 8.21 110.7 67.92 127.4 7.78 15.1 0.0 297.3 2.14 46.22 1.2
61980 1658497074 0 7 $GNGGA,133755.000,4423.71093,N,00855.38932,E,1,15,0.7,3.4,M,44.7,M,,*41
61981 1658497074 0 1 0.673
61984 1658497075 0 4 2.572 1.581
61985 1658497075 0 5 0.06
61986 1658497075 0 6 0.13
61987 1658497075 0 8 4.997 12.341 11.91
61991 1658497078 0 2 0.07180000 4.68669986 1.48179998 0.03610000 2.72989988 0.00510000 0.06570000 0.31789999 1.00000000 85.96299743
61994 1658497078 0 4 2.572 1.581
61999 1658497079 0 7 $GNGGA,133800.000,4423.70963,N,00855.39418,E,1,15,0.7,3.8,M,44.7,M,,*41
62000 1658497080 0 7 $GNGGA,133801.000,4423.70938,N,00855.39515,E,1,15,0.7,3.9,M,44.7,M,,*43
62001 1658497080 0 1 0.782
62009 1658497082 0 7 $GNGGA,133803.000,4423.70888,N,00855.39694,E,1,15,0.7,4.2,M,44.7,M,,*4D
62010 1658497083 0 7 $GNGGA,133804.000,4423.70857,N,00855.39775,E,1,15,0.7,4.1,M,44.7,M,,*45
62011 1658497083 0 1 0.741
62014 1658497084 0 4 2.572 1.581
62015 1658497084 0 5 0.06
62016 1658497084 0 6 0.13
62021 1658497086 0 1 1.404
62023 1658497087 0 0 27.97 8.21 110.8 67.94 127.6 7.78 15.1 0.0 295.2 2.20 46.23 1.2
62029 1658497088 0 7 $GNGGA,133809.000,4423.70698,N,00855.40228,E,1,15,0.7,4.3,M,44.7,M,,*44
62032 1658497090 0 3 2.735 0.005
62033 1658497090 0 0 27.94 8.21 110.8 67.92 127.6 7.79 15.1 0.0 296.0 2.17 46.21 1.2
62040 1658497092 0 7 $GNGGA,133813.000,4423.70565,N,00855.40581,E,1,15,0.7,4.4,M,44.7,M,,*4D
62041 1658497092 0 1 0.747
62046 1658497093 0 6 0.13
62047 1658497093 0 8 4.997 12.341 11.89
62048 1658497094 0 7 $GNGGA,133814.000,4423.70530,N,00855.40658,E,1,15,0.7,4.4,M,44.7,M,,*4D
62052 1658497096 0 3 2.735 0.005
62053 1658497096 0 0 27.89 8.21 110.8 67.97 127.6 7.79 15.1 0.0 297.4 2.17 46.26 1.2
62060 1658497098 0 7 $GNGGA,133819.000,4423.70380,N,00855.41104,E,1,15,0.7,4.5,M,44.7,M,,*43
62061 1658497098 0 1 0.764
62064 1658497099 0 4 2.572 1.598
62065 1658497099 0 5 0.06
62066 1658497099 0 6 0.13
62069 1658497100 0 7 $GNGGA,133821.000,4423.70345,N,00855.41300,E,1,15,0.7,4.6,M,44.7,M,,*44
62070 1658497101 0 7 $GNGGA,133822.000,4423.70328,N,00855.41386,E,1,15,0.7,4.7,M,44.7,M,,*43
62071 1658497101 0 1 0.725
62072 1658497102 0 3 2.734 0.005
62077 1658497102 0 8 4.997 12.332 11.91
62078 1658497103 0 7 $GNGGA,133823.000,4423.70301,N,00855.41460,E,1,15,0.7,4.9,M,44.7,M,,*48
62080 1658497104 0 7 $GNGGA,133825.000,4423.70236,N,00855.41636,E,1,15,0.7,5.1,M,44.7,M,,*43
62081 1658497104 0 1 0.787
62082 1658497105 0 3 2.734 0.005
62083 1658497105 0 0 27.80 8.22 110.9 67.90 127.7 7.81 15.1 0.0 298.6 2.19 46.21 1.2
62089 1658497106 0 7 $GNGGA,133827.000,4423.70181,N,00855.41805,E,1,15,0.7,5.2,M,44.7,M,,*43
62094 1658497108 0 4 2.572 1.586
62095 1658497108 0 5 0.06
62100 1658497110 0 7 $GNGGA,133831.000,4423.70089,N,00855.42138,E,1,15,0.7,5.8,M,44.7,M,,*43
62101 1658497110 0 1 0.797
62102 1658497111 0 3 2.733 0.005
62108 1658497112 0 7 $GNGGA,133832.000,4423.70065,N,00855.42237,E,1,15,0.7,5.9,M,44.7,M,,*4F
62112 1658497114 0 3 2.734 0.005
62113 1658497114 0 0 27.72 8.22 111.0 67.94 127.9 7.83 15.2 0.0 298.7 2.26 46.24 1.2
62120 1658497116 0 7 $GNGGA,133837.000,4423.69926,N,00855.42670,E,1,15,0.7,6.3,M,44.7,M,,*42
62121 1658497116 0 1 0.816
62124 1658497117 0 4 2.572 1.586
62125 1658497117 0 5 0.06
62126 1658497117 0 6 0.13
62127 1658497117 0 8 4.997 12.341 11.91
62132 1658497120 0 0 27.86 8.22 111.0 67.98 128.0 7.82 15.1 0.0 294.6 2.20 46.26 1.2
62134 1658497120 0 5 0.06
62138 1658497121 0 7 $GNGGA,133842.000,4423.69777,N,00855.43098,E,1,15,0.7,6.3,M,44.7,M,,*4B
62140 1658497123 0 3 2.733 0.005
62141 1658497123 0 0 27.72 8.22 111.0 68.06 128.0 7.84 15.2 0.0 299.9 2.19 46.33 1.2
62147 1658497124 0 7 $GNGGA,133845.000,4423.69688,N,00855.43344,E,1,15,0.7,6.2,M,44.7,M,,*4E
62151 1658497126 0 4 2.571 1.588
62152 1658497126 0 5 0.06
62153 1658497126 0 6 0.13
62154 1658497126 0 8 4.997 12.332 11.91
62159 1658497129 0 0 27.72 8.22 111.1 67.92 128.1 7.84 15.1 0.0 296.0 2.27 46.22 1.2
62165 1658497130 0 7 $GNGGA,133850.000,4423.69598,N,00855.43825,E,1,15,0.7,6.4,M,44.7,M,,*42
62166 1658497131 0 7 $GNGGA,133852.000,4423.69542,N,00855.44007,E,1,15,0.7,6.7,M,44.7,M,,*4B
62167 1658497131 0 1 0.711
62168 1658497132 0 3 2.735 0.005
62169 1658497132 0 0 27.79 8.21 111.1 67.89 128.1 7.84 15.1 0.0 291.7 2.21 46.20 1.2
62176 1658497134 0 7 $GNGGA,133855.000,4423.69467,N,00855.44278,E,1,15,0.7,6.8,M,44.7,M,,*4F
62177 1658497134 0 1 0.745
62178 1658497135 0 3 2.733 0.005
62186 1658497137 0 7 $GNGGA,133858.000,4423.69390,N,00855.44553,E,1,15,0.7,6.8,M,44.7,M,,*43
62187 1658497137 0 1 0.765
62197 1658497140 0 1 1.398
62198 1658497141 0 3 2.734 0.005
62199 1658497141 0 0 27.82 8.22 111.1 67.97 128.2 7.84 15.1 0.0 291.1 2.22 46.26 1.2
62206 1658497143 0 7 $GNGGA,133904.000,4423.69282,N,00855.45133,E,1,15,0.7,6.6,M,44.7,M,,*44
62207 1658497144 0 3 2.732 0.005
62211 1658497144 0 6 0.13
62212 1658497144 0 8 4.997 12.341 11.89
62213 1658497145 0 7 $GNGGA,133905.000,4423.69252,N,00855.45228,E,1,15,0.7,6.3,M,44.7,M,,*44
62216 1658497147 0 3 2.732 0.005
62217 1658497147 0 0 27.83 8.22 111.2 67.97 128.2 7.84 15.0 0.0 290.4 2.13 46.26 1.2
62224 1658497149 0 7 $GNGGA,133910.000,4423.69153,N,00855.45741,E,1,14,0.8,5.7,M,44.7,M,,*41
62226 1658497150 0 0 27.88 8.22 111.2 67.93 128.2 7.83 15.0 0.0 286.3 2.08 46.22 1.2
62227 1658497150 0 4 2.571 1.593
62228 1658497150 0 5 0.06
62233 1658497152 0 7 $GNGGA,133913.000,4423.69132,N,00855.46057,E,1,14,0.8,5.8,M,44.7,M,,*49
62234 1658497153 0 3 2.731 0.005
62242 1658497155 0 7 $GNGGA,133916.000,4423.69082,N,00855.46356,E,1,14,0.8,5.9,M,44.7,M,,*45
62243 1658497155 0 1 0.731
62252 1658497158 0 7 $GNGGA,133919.000,4423.69029,N,00855.46631,E,1,14,0.8,6.0,M,44.7,M,,*45
62253 1658497158 0 1 0.815
62255 1658497159 0 0 27.93 8.21 111.2 68.00 128.3 7.83 15.1 0.0 284.7 2.16 46.28 1.2
62256 1658497159 0 4 2.571 1.598
62262 1658497161 0 7 $GNGGA,133922.000,4423.68964,N,00855.46907,E,1,14,0.8,6.4,M,44.7,M,,*42
62263 1658497161 0 1 0.692
62270 1658497163 0 7 $GNGGA,133923.000,4423.68925,N,00855.46996,E,1,14,0.8,6.0,M,44.7,M,,*4A
62271 1658497163 0 7 $GNGGA,133924.000,4423.68897,N,00855.47091,E,1,14,0.8,5.9,M,44.7,M,,*40
62273 1658497164 0 1 1.377
62274 1658497165 0 3 2.733 0.005
62275 1658497165 0 0 27.88 8.21 111.2 68.06 128.3 7.83 15.1 0.0 288.7 2.22 46.33 1.2
62278 1658497165 0 6 0.13
62282 1658497167 0 7 $GNGGA,133928.000,4423.68816,N,00855.47491,E,1,14,0.8,6.2,M,44.7,M,,*49
62286 1658497168 0 4 2.572 1.591
62287 1658497168 0 5 0.06
62288 1658497168 0 6 0.13
62289 1658497168 0 8 4.997 12.341 11.91
62293 1658497170 0 1 0.723
62294 1658497171 0 3 2.735 0.005
62301 1658497172 0 7 $GNGGA,133933.000,4423.68649,N,00855.47959,E,1,14,0.8,4.9,M,44.7,M,,*47
62302 1658497173 0 7 $GNGGA,133934.000,4423.68614,N,00855.48041,E,1,14,0.8,4.8,M,44.7,M,,*46
62304 1658497174 0 3 2.735 0.005
62305 1658497174 0 0 27.75 8.21 111.3 68.00 128.3 7.85 15.2 0.0 289.3 2.27 46.28 1.2
62312 1658497176 0 7 $GNGGA,133937.000,4423.68513,N,00855.48244,E,1,14,0.8,5.5,M,44.7,M,,*4A
62313 1658497176 0 1 0.842
62317 1658497177 0 5 0.06
62318 1658497177 0 6 0.13
62319 1658497178 0 8 4.997 12.341 11.89
62320 1658497178 0 7 $GNGGA,133938.000,4423.68480,N,00855.48306,E,1,14,0.8,5.7,M,44.7,M,,*4B
62326 1658497180 0 4 2.572 1.593
62327 1658497180 0 5 0.06
62328 1658497180 0 6 0.13
62332 1658497182 0 7 $GNGGA,133943.000,4423.68329,N,00855.48768,E,1,14,0.8,6.5,M,44.7,M,,*4E
62333 1658497182 0 1 0.855
62342 1658497185 0 7 $GNGGA,133946.000,4423.68217,N,00855.49019,E,1,14,0.8,6.6,M,44.7,M,,*44
62346 1658497186 0 4 2.571 1.593
62347 1658497186 0 5 0.06
62348 1658497186 0 6 0.13
62349 1658497186 0 8 4.997 12.341 11.89
62353 1658497188 0 1 0.898
62354 1658497189 0 3 2.736 0.005
62361 1658497190 0 7 $GNGGA,133951.000,4423.68013,N,00855.49437,E,1,14,0.8,6.3,M,44.7,M,,*49
62362 1658497191 0 7 $GNGGA,133952.000,4423.67972,N,00855.49516,E,1,14,0.8,6.1,M,44.7,M,,*4B
62364 1658497192 0 3 2.737 0.005
62365 1658497192 0 0 27.57 8.22 111.4 67.91 128.3 7.88 15.1 0.0 288.7 2.34 46.22 1.2
62366 1658497192 0 4 2.571 1.598
62372 1658497194 0 7 $GNGGA,133955.000,4423.67845,N,00855.49773,E,1,14,0.8,6.1,M,44.7,M,,*48
62373 1658497194 0 1 0.876
62374 1658497195 0 3 2.736 0.005
62378 1658497195 0 6 0.13
62379 1658497195 0 8 4.997 12.332 11.91
62380 1658497196 0 7 $GNGGA,133956.000,4423.67801,N,00855.49849,E,1,14,0.8,6.1,M,44.7,M,,*4D
62383 1658497197 0 2 0.06660001 4.96290016 1.47539997 0.03820000 2.74860000 0.00440000 0.06770000 0.29489998 1.00000000 85.56900024
62384 1658497198 0 3 2.735 0.005
62392 1658497200 0 7 $GNGGA,134001.000,4423.67604,N,00855.50233,E,1,14,0.8,5.9,M,44.7,M,,*4E
62396 1658497201 0 4 2.571 1.601
62397 1658497201 0 5 0.06
62401 1658497202 0 7 $GNGGA,134003.000,4423.67515,N,00855.50397,E,1,14,0.8,5.5,M,44.7,M,,*4C
62402 1658497203 0 7 $GNGGA,134004.000,4423.67478,N,00855.50484,E,1,14,0.8,5.4,M,44.7,M,,*45
62403 1658497203 0 1 0.869
62410 1658497205 0 7 $GNGGA,134005.000,4423.67434,N,00855.50575,E,1,14,0.8,5.2,M,44.7,M,,*45
62411 1658497205 0 7 $GNGGA,134006.000,4423.67396,N,00855.50664,E,1,14,0.8,5.0,M,44.7,M,,*48
62413 1658497206 0 1 0.823
62414 1658497207 0 3 2.735 0.005
62415 1658497207 0 0 27.65 8.22 111.6 67.85 128.4 7.87 15.1 0.0 285.2 2.31 46.17 1.2
62421 1658497209 0 7 $GNGGA,134009.000,4423.67270,N,00855.50943,E,1,14,0.8,5.0,M,44.7,M,,*44
62422 1658497209 0 7 $GNGGA,134010.000,4423.67237,N,00855.51031,E,1,14,0.8,5.0,M,44.7,M,,*42
62423 1658497209 0 1 0.860
62426 1658497210 0 4 2.571 1.603
62427 1658497210 0 5 0.06
62428 1658497210 0 6 0.13
62433 1658497212 0 1 0.984
62434 1658497213 0 3 2.734 0.005
62440 1658497214 0 7 $GNGGA,134014.000,4423.67051,N,00855.51353,E,1,14,0.8,4.0,M,44.7,M,,*42
62441 1658497214 0 7 $GNGGA,134015.000,4423.67022,N,00855.51416,E,1,14,0.8,3.8,M,44.7,M,,*4E
62444 1658497216 0 3 2.736 0.005
62446 1658497216 0 4 2.572 1.603
62452 1658497218 0 7 $GNGGA,134019.000,4423.66860,N,00855.51704,E,1,14,0.8,2.3,M,44.7,M,,*47
62453 1658497218 0 1 1.461
62454 1658497219 0 3 2.735 0.005
62456 1658497219 0 4 2.571 1.603
62457 1658497219 0 5 0.06
62458 1658497219 0 6 0.13
62459 1658497219 0 8 4.997 12.341 11.91
62462 1658497221 0 7 $GNGGA,134022.000,4423.66753,N,00855.52014,E,1,14,0.8,2.9,M,44.7,M,,*4F
62463 1658497221 0 1 0.787
62464 1658497222 0 3 2.732 0.005
62471 1658497223 0 7 $GNGGA,134024.000,4423.66684,N,00855.52185,E,1,14,0.8,3.3,M,44.7,M,,*40
62472 1658497224 0 7 $GNGGA,134025.000,4423.66656,N,00855.52276,E,1,14,0.8,3.4,M,44.7,M,,*46
62473 1658497224 0 1 0.818
62474 1658497225 0 3 2.730 0.005
62475 1658497225 0 0 27.67 8.22 111.6 67.82 128.6 7.89 15.0 0.0 277.9 2.26 46.15 1.2
62481 1658497227 0 7 $GNGGA,134027.000,4423.66577,N,00855.52470,E,1,14,0.8,3.4,M,44.7,M,,*44
62482 1658497227 0 7 $GNGGA,134028.000,4423.66537,N,00855.52566,E,1,14,0.8,3.4,M,44.7,M,,*49
62483 1658497227 0 1 0.752
62486 1658497228 0 4 2.571 1.603
62487 1658497228 0 5 0.06
62488 1658497228 0 6 0.13
62489 1658497228 0 8 4.997 12.332 11.89
62490 1658497229 0 7 $GNGGA,134029.000,4423.66504,N,00855.52661,E,1,14,0.8,3.5,M,44.7,M,,*4D
62491 1658497229 0 7 $GNGGA,134030.000,4423.66472,N,00855.52750,E,1,14,0.8,3.5,M,44.7,M,,*46
62493 1658497230 0 1 0.863
62494 1658497231 0 3 2.733 0.005
62495 1658497231 0 0 27.64 8.22 111.7 67.94 128.7 7.89 15.0 0.0 278.6 2.24 46.24 1.1
62501 1658497232 0 7 $GNGGA,134033.000,4423.66368,N,00855.53036,E,1,14,0.8,3.9,M,44.7,M,,*43
62503 1658497233 0 1 0.742
62506 1658497234 0 4 2.571 1.598
62507 1658497234 0 5 0.06
62512 1658497236 0 7 $GNGGA,134037.000,4423.66203,N,00855.53415,E,1,14,0.8,3.7,M,44.7,M,,*40
62513 1658497236 0 1 0.793
62520 1658497238 0 7 $GNGGA,134038.000,4423.66152,N,00855.53488,E,1,14,0.8,3.6,M,44.7,M,,*4D
62524 1658497240 0 3 2.733 0.005
62525 1658497240 0 0 27.62 8.22 111.7 67.83 128.8 7.91 15.1 0.0 276.1 2.23 46.15 1.2
62532 1658497242 0 7 $GNGGA,134043.000,4423.65987,N,00855.53986,E,1,14,0.8,3.5,M,44.7,M,,*42
62533 1658497242 0 1 0.803
62536 1658497243 0 4 2.571 1.606
62537 1658497243 0 5 0.06
62538 1658497243 0 6 0.13
62539 1658497243 0 8 4.997 12.341 11.91
62543 1658497245 0 1 1.597
62545 1658497246 0 0 27.72 8.22 111.7 67.86 128.9 7.89 15.0 0.0 272.6 2.18 46.17 1.2
62551 1658497247 0 7 $GNGGA,134048.000,4423.65788,N,00855.54409,E,1,14,0.8,3.6,M,44.7,M,,*46
62553 1658497248 0 1 0.744
62561 1658497251 0 7 $GNGGA,134051.000,4423.65696,N,00855.54749,E,1,14,0.8,3.5,M,44.7,M,,*44
62562 1658497251 0 7 $GNGGA,134052.000,4423.65659,N,00855.54851,E,1,14,0.8,3.6,M,44.7,M,,*41
62566 1658497252 0 4 2.571 1.601
62567 1658497252 0 5 0.06
62568 1658497252 0 6 0.13
62569 1658497252 0 8 4.997 12.341 11.89
62573 1658497254 0 1 0.612
62574 1658497255 0 3 2.730 0.005
62575 1658497255 0 0 28.08 8.21 111.7 67.67 129.1 7.87 14.8 0.0 261.1 2.17 46.02 1.2
62581 1658497256 0 7 $GNGGA,134057.000,4423.65476,N,00855.55352,E,1,14,0.8,3.1,M,44.7,M,,*45
62584 1658497258 0 3 2.731 0.005
62585 1658497258 0 0 28.14 8.21 111.7 67.99 129.2 7.86 14.9 0.0 262.0 2.14 46.26 1.2
62592 1658497260 0 7 $GNGGA,134101.000,4423.65322,N,00855.55747,E,1,14,0.8,2.5,M,44.7,M,,*44
62593 1658497260 0 1 0.507
62596 1658497261 0 4 2.571 1.601
62597 1658497261 0 5 0.06
62598 1658497261 0 6 0.13
62599 1658497261 0 8 4.997 12.135 11.89
62603 1658497263 0 1 0.433
62604 1658497264 0 3 2.730 0.005
62605 1658497264 0 0 28.28 8.21 111.7 68.03 129.3 7.84 14.9 0.0 260.4 2.08 46.28 1.2
62612 1658497266 0 7 $GNGGA,134107.000,4423.65088,N,00855.56327,E,1,14,0.8,2.1,M,44.7,M,,*44
62613 1658497266 0 1 0.561
62614 1658497267 0 3 2.728 0.005
62615 1658497267 0 0 28.44 8.21 111.7 68.01 129.3 7.83 14.9 0.0 258.2 2.10 46.26 1.2
62616 1658497267 0 4 2.571 1.606
62617 1658497267 0 5 0.06
62618 1658497267 0 6 0.13
62619 1658497267 0 8 4.997 12.154 11.89
62620 1658497268 0 7 $GNGGA,134108.000,4423.65051,N,00855.56424,E,1,14,0.8,2.1,M,44.7,M,,*4B
62621 1658497268 0 7 $GNGGA,134109.000,4423.65025,N,00855.56543,E,1,14,0.8,2.1,M,44.7,M,,*49
62622 1658497269 0 7 $GNGGA,134110.000,4423.65001,N,00855.56652,E,1,14,0.8,2.4,M,44.7,M,,*41
62623 1658497269 0 1 0.362
62624 1658497270 0 3 2.730 0.005
62625 1658497270 0 0 28.47 8.21 111.7 68.08 129.3 7.82 14.9 0.0 259.7 2.03 46.32 1.2
62626 1658497270 0 4 2.571 1.606
62627 1658497270 0 5 0.06
62628 1658497270 0 6 0.13
62629 1658497270 0 8 4.997 12.135 11.89
62630 1658497271 0 7 $GNGGA,134111.000,4423.64973,N,00855.56747,E,1,14,0.8,2.8,M,44.7,M,,*44
62631 1658497271 0 7 $GNGGA,134112.000,4423.64943,N,00855.56842,E,1,14,0.8,3.1,M,44.7,M,,*46
62632 1658497272 0 7 $GNGGA,134113.000,4423.64916,N,00855.56949,E,1,14,0.8,3.4,M,44.7,M,,*48
62633 1658497272 0 1 1.179
62634 1658497273 0 3 2.730 0.005
62635 1658497273 0 0 28.50 8.21 111.7 68.24 129.3 7.81 15.0 0.0 260.9 2.06 46.45 1.2
62641 1658497274 0 7 $GNGGA,134115.000,4423.64856,N,00855.57134,E,1,14,0.8,3.5,M,44.7,M,,*49
62642 1658497275 0 7 $GNGGA,134116.000,4423.64819,N,00855.57221,E,1,14,0.8,3.4,M,44.7,M,,*47
62643 1658497275 0 1 0.366
62647 1658497276 0 5 0.06
62648 1658497276 0 6 0.13
62649 1658497276 0 8 4.997 12.154 11.89
62653 1658497278 0 1 0.399
62654 1658497279 0 3 2.733 0.005
62661 1658497280 0 7 $GNGGA,134121.000,4423.64652,N,00855.57719,E,1,14,0.8,3.3,M,44.7,M,,*4B
62662 1658497281 0 7 $GNGGA,134122.000,4423.64624,N,00855.57804,E,1,14,0.8,3.4,M,44.7,M,,*4D
62663 1658497281 0 1 0.334
62664 1658497282 0 3 2.731 0.005
62665 1658497282 0 0 28.36 8.21 111.7 68.10 129.2 7.82 14.9 0.0 266.7 2.03 46.34 1.2
62672 1658497284 0 7 $GNGGA,134125.000,4423.64545,N,00855.58077,E,1,14,0.8,3.8,M,44.7,M,,*41
62673 1658497284 0 1 0.378
62677 1658497285 0 5 0.06
62678 1658497285 0 6 0.13
62679 1658497285 0 8 4.997 12.332 11.91
62680 1658497286 0 7 $GNGGA,134126.000,4423.64509,N,00855.58175,E,1,14,0.8,3.7,M,44.7,M,,*46
62686 1658497288 0 4 2.571 1.601
62687 1658497288 0 5 0.06
62688 1658497288 0 6 0.13
62691 1658497289 0 7 $GNGGA,134130.000,4423.64377,N,00855.58572,E,1,14,0.8,4.1,M,44.7,M,,*4C
62693 1658497290 0 1 0.400
62694 1658497291 0 3 2.730 0.005
62695 1658497291 0 0 28.26 8.21 111.8 68.14 128.8 7.81 15.1 0.0 271.9 2.05 46.37 1.2
62701 1658497292 0 7 $GNGGA,134133.000,4423.64290,N,00855.58878,E,1,14,0.8,5.0,M,44.7,M,,*40
62702 1658497293 0 7 $GNGGA,134134.000,4423.64265,N,00855.58980,E,1,14,0.8,5.2,M,44.7,M,,*49
62703 1658497293 0 1 0.584
62707 1658497294 0 5 0.06
62708 1658497294 0 6 0.14
62709 1658497294 0 8 4.997 12.323 11.91
62710 1658497295 0 7 $GNGGA,134135.000,4423.64236,N,00855.59090,E,1,14,0.8,5.2,M,44.7,M,,*47
62713 1658497296 0 1 0.420
62714 1658497297 0 3 2.731 0.005
62715 1658497297 0 0 28.23 8.21 111.7 68.12 128.5 7.80 15.0 0.0 275.7 2.10 46.36 1.2
62721 1658497298 0 7 $GNGGA,134139.000,4423.64111,N,00855.59501,E,1,14,0.8,5.4,M,44.7,M,,*46
62722 1658497299 0 7 $GNGGA,134140.000,4423.64085,N,00855.59597,E,1,14,0.8,5.6,M,44.7,M,,*49
62725 1658497300 0 0 28.21 8.21 111.8 68.13 128.2 7.79 15.1 0.0 277.4 2.09 46.37 1.2
62726 1658497300 0 4 2.571 1.598
62731 1658497301 0 7 $GNGGA,134142.000,4423.64024,N,00855.59797,E,1,14,0.8,5.5,M,44.7,M,,*41
62732 1658497302 0 7 $GNGGA,134143.000,4423.63989,N,00855.59884,E,1,14,0.8,5.2,M,44.7,M,,*43
62733 1658497302 0 1 0.413
62734 1658497303 0 3 2.728 0.005
62739 1658497303 0 8 4.997 12.332 11.89
62740 1658497304 0 7 $GNGGA,134144.000,4423.63956,N,00855.59967,E,1,14,0.8,4.7,M,44.7,M,,*4E
62751 1658497308 0 7 $GNGGA,134149.000,4423.63816,N,00855.60470,E,1,14,0.8,5.5,M,44.7,M,,*44
62752 1658497308 0 1 0.386
62755 1658497309 0 4 2.571 1.593
62756 1658497309 0 5 0.06
62757 1658497309 0 6 0.14
62762 1658497311 0 1 0.424
62763 1658497312 0 3 2.732 0.005
62770 1658497313 0 7 $GNGGA,134154.000,4423.63638,N,00855.60905,E,1,14,0.8,5.5,M,44.7,M,,*45
62771 1658497314 0 7 $GNGGA,134155.000,4423.63601,N,00855.60995,E,1,14,0.8,5.5,M,44.7,M,,*47
62772 1658497314 0 1 0.360
62773 1658497315 0 3 2.731 0.005
62774 1658497315 0 0 28.15 8.21 111.8 68.06 126.8 7.71 15.1 0.0 283.7 2.04 46.32 1.2
62775 1658497315 0 4 2.571 1.596
62781 1658497317 0 7 $GNGGA,134158.000,4423.63517,N,00855.61284,E,1,14,0.8,5.9,M,44.7,M,,*48
62787 1658497318 0 5 0.06
62788 1658497318 0 6 0.14
62790 1658497319 0 7 $GNGGA,134159.000,4423.63490,N,00855.61380,E,1,14,0.8,6.1,M,44.7,M,,*49
62792 1658497320 0 1 0.573
62793 1658497321 0 3 2.727 0.005
62800 1658497322 0 7 $GNGGA,134203.000,4423.63355,N,00855.61769,E,1,14,0.8,5.7,M,44.7,M,,*4D
62801 1658497323 0 7 $GNGGA,134204.000,4423.63319,N,00855.61860,E,1,14,0.8,5.8,M,44.7,M,,*4B
62802 1658497323 0 1 0.449
62804 1658497324 0 0 28.14 8.21 111.9 68.09 125.3 7.62 15.1 0.0 285.3 2.05 46.34 1.2
62810 1658497326 0 7 $GNGGA,134207.000,4423.63215,N,00855.62115,E,1,14,0.8,5.9,M,44.7,M,,*4C
62811 1658497326 0 1 1.234
62817 1658497327 0 8 4.997 12.341 11.91
62818 1658497328 0 7 $GNGGA,134208.000,4423.63186,N,00855.62200,E,1,14,0.8,6.2,M,44.7,M,,*45
62819 1658497328 0 7 $GNGGA,134209.000,4423.63146,N,00855.62283,E,1,14,0.8,6.2,M,44.7,M,,*43
62822 1658497330 0 3 2.732 0.005
62823 1658497330 0 0 28.54 8.21 111.9 67.89 125.3 7.58 14.9 0.0 274.5 2.07 46.17 1.2
62828 1658497331 0 7 $GNGGA,134211.000,4423.63056,N,00855.62457,E,1,14,0.8,5.9,M,44.7,M,,*4D
62829 1658497331 0 7 $GNGGA,134212.000,4423.63025,N,00855.62552,E,1,14,0.8,6.0,M,44.7,M,,*44
62830 1658497332 0 7 $GNGGA,134213.000,4423.62981,N,00855.62641,E,1,14,0.8,6.0,M,44.7,M,,*42
62831 1658497332 0 1 0.420
62834 1658497333 0 4 2.571 1.616
62835 1658497333 0 5 0.06
62836 1658497333 0 6 0.14
62844 1658497336 0 4 2.571 1.616
62845 1658497336 0 5 0.06
62847 1658497336 0 8 4.997 12.341 11.91
62848 1658497337 0 7 $GNGGA,134217.000,4423.62808,N,00855.63027,E,1,14,0.8,5.5,M,44.7,M,,*47
62850 1658497338 0 1 0.435
62851 1658497339 0 3 2.729 0.005
62852 1658497339 0 0 28.18 8.21 112.0 68.17 125.4 7.61 15.1 0.0 291.3 2.11 46.40 1.2
62859 1658497341 0 7 $GNGGA,134222.000,4423.62640,N,00855.63514,E,1,14,0.8,5.5,M,44.7,M,,*46
62865 1658497342 0 6 0.14
62869 1658497344 0 1 0.448
62870 1658497345 0 3 2.732 0.005
62878 1658497347 0 7 $GNGGA,134228.000,4423.62481,N,00855.64090,E,1,14,0.8,5.0,M,44.7,M,,*48
62880 1658497348 0 3 2.730 0.005
62888 1658497350 0 7 $GNGGA,134231.000,4423.62422,N,00855.64382,E,1,14,0.8,5.6,M,44.7,M,,*4F
62889 1658497350 0 1 0.354
62892 1658497351 0 4 2.571 1.616
62893 1658497351 0 5 0.06
62894 1658497351 0 6 0.14
62902 1658497354 0 4 2.571 1.618
62903 1658497354 0 5 0.06
62904 1658497354 0 6 0.14
62905 1658497354 0 8 4.997 12.332 11.91
62906 1658497355 0 7 $GNGGA,134235.000,4423.62321,N,00855.64769,E,1,14,0.8,5.5,M,44.7,M,,*4D
62907 1658497355 0 7 $GNGGA,134236.000,4423.62294,N,00855.64867,E,1,14,0.8,5.5,M,44.7,M,,*40
62909 1658497356 0 1 0.346
62910 1658497357 0 3 2.729 0.005
62911 1658497357 0 0 28.58 8.21 112.0 68.19 125.7 7.59 15.0 0.0 287.4 2.01 46.40 1.2
62918 1658497359 0 7 $GNGGA,134240.000,4423.62196,N,00855.65265,E,1,14,0.8,5.5,M,44.7,M,,*49
62922 1658497360 0 4 2.571 1.618
62923 1658497360 0 5 0.06
62926 1658497361 0 7 $GNGGA,134241.000,4423.62168,N,00855.65362,E,1,14,0.8,5.7,M,44.7,M,,*4D
62928 1658497362 0 1 0.279
62929 1658497363 0 3 2.731 0.005
62937 1658497365 0 7 $GNGGA,134246.000,4423.62027,N,00855.65827,E,1,14,0.8,6.4,M,44.7,M,,*4A
62938 1658497365 0 1 0.322
62939 1658497366 0 3 2.731 0.005
62946 1658497368 0 7 $GNGGA,134249.000,4423.61939,N,00855.66109,E,1,14,0.8,6.4,M,44.7,M,,*46
62947 1658497368 0 1 0.325
62950 1658497369 0 4 2.571 1.616
62951 1658497369 0 5 0.06
62952 1658497369 0 6 0.14
62957 1658497371 0 1 0.315
62958 1658497372 0 3 2.730 0.005
62963 1658497373 0 8 4.997 12.332 11.91
62964 1658497373 0 7 $GNGGA,134253.000,4423.61785,N,00855.66458,E,1,14,0.8,5.6,M,44.7,M,,*44
62966 1658497374 0 1 0.482
62967 1658497375 0 3 2.731 0.005
62975 1658497377 0 7 $GNGGA,134258.000,4423.61592,N,00855.66907,E,1,14,0.8,4.3,M,44.7,M,,*48
62976 1658497377 0 1 0.333
62979 1658497378 0 4 2.574 1.616
62980 1658497378 0 5 0.07
62985 1658497380 0 1 1.137
62986 1658497381 0 3 2.734 0.005
62993 1658497383 0 7 $GNGGA,134304.000,4423.61320,N,00855.67417,E,1,14,0.8,1.9,M,44.7,M,,*4D
62994 1658497383 0 1 0.310
62995 1658497384 0 3 2.732 0.005
62996 1658497384 0 0 28.58 8.21 112.1 68.18 125.6 7.58 15.2 0.0 301.8 2.13 46.39 1.2
62997 1658497384 0 4 2.572 1.616
63002 1658497386 0 7 $GNGGA,134307.000,4423.61200,N,00855.67687,E,1,14,0.8,0.6,M,44.7,M,,*48
63003 1658497386 0 1 0.329
63007 1658497387 0 5 0.07
63008 1658497387 0 6 0.14
63009 1658497387 0 8 4.997 12.154 11.89
63010 1658497388 0 7 $GNGGA,134308.000,4423.61143,N,00855.67759,E,1,14,0.8,0.4,M,44.7,M,,*43
63015 1658497390 0 4 2.572 1.616
63016 1658497390 0 5 0.07
63017 1658497390 0 6 0.14
63019 1658497391 0 7 $GNGGA,134311.000,4423.61007,N,00855.67990,E,1,14,0.8,0.8,M,44.7,M,,*4D
63020 1658497392 0 7 $GNGGA,134313.000,4423.60954,N,00855.68170,E,1,14,0.8,1.4,M,44.7,M,,*45
63021 1658497392 0 1 0.345
63023 1658497393 0 0 28.52 8.21 112.2 68.14 125.4 7.58 15.2 0.0 307.0 2.17 46.37 1.2
63024 1658497393 0 4 2.573 1.616
63029 1658497395 0 7 $GNGGA,134316.000,4423.60885,N,00855.68455,E,1,14,0.8,2.3,M,44.7,M,,*4B
63030 1658497395 0 1 0.303
63034 1658497396 0 5 0.07
63036 1658497396 0 8 4.997 12.154 11.89
63037 1658497397 0 7 $GNGGA,134317.000,4423.60860,N,00855.68549,E,1,14,0.8,2.5,M,44.7,M,,*4B
63038 1658497397 0 7 $GNGGA,134318.000,4423.60838,N,00855.68647,E,1,14,0.8,2.5,M,44.7,M,,*44
63040 1658497398 0 1 0.315
63041 1658497399 0 3 2.732 0.005
63048 1658497401 0 7 $GNGGA,134322.000,4423.60726,N,00855.69020,E,1,14,0.8,2.7,M,44.7,M,,*49
63049 1658497401 0 1 0.339
63051 1658497402 0 0 28.46 8.21 112.2 68.25 125.4 7.58 15.2 0.0 314.0 2.16 46.46 1.2
63052 1658497402 0 4 2.573 1.618
63057 1658497404 0 7 $GNGGA,134325.000,4423.60640,N,00855.69302,E,1,14,0.8,3.0,M,44.7,M,,*4A
63058 1658497404 0 1 0.338
63059 1658497405 0 3 2.734 0.005
63062 1658497405 0 5 0.06
63063 1658497405 0 6 0.14
63064 1658497406 0 8 4.997 12.351 11.89
63068 1658497408 0 3 2.735 0.005
63075 1658497410 0 7 $GNGGA,134331.000,4423.60414,N,00855.69841,E,1,15,0.7,1.7,M,44.7,M,,*4B
63076 1658497410 0 1 0.326
63079 1658497411 0 4 2.571 1.618
63080 1658497411 0 5 0.06
63081 1658497411 0 6 0.14
63085 1658497413 0 1 0.330
63086 1658497414 0 3 2.733 0.005
63093 1658497416 0 7 $GNGGA,134337.000,4423.60214,N,00855.70388,E,1,15,0.7,1.1,M,44.7,M,,*4B
63094 1658497416 0 1 0.286
63095 1658497417 0 3 2.730 0.005
63096 1658497417 0 0 28.57 8.21 112.3 68.09 125.3 7.56 15.1 0.0 312.2 2.16 46.32 1.2
63102 1658497419 0 7 $GNGGA,134340.000,4423.60109,N,00855.70675,E,1,15,0.7,0.7,M,44.7,M,,*44
63103 1658497419 0 1 0.330
63107 1658497420 0 5 0.06
63108 1658497420 0 6 0.14
63109 1658497420 0 8 4.997 12.332 11.91
63110 1658497421 0 7 $GNGGA,134341.000,4423.60076,N,00855.70773,E,1,15,0.7,0.6,M,44.7,M,,*4A
63112 1658497422 0 1 0.239
63113 1658497423 0 3 2.734 0.005
63114 1658497423 0 0 28.58 8.21 112.3 68.10 125.3 7.56 15.2 0.0 315.1 2.12 46.33 1.2
63120 1658497425 0 7 $GNGGA,134346.000,4423.59883,N,00855.71258,E,1,15,0.7,-0.8,M,44.7,M,,*6B
63121 1658497425 0 1 0.316
63122 1658497426 0 3 2.734 0.005
63123 1658497426 0 0 28.59 8.21 112.4 68.12 125.2 7.56 15.2 0.0 316.3 2.16 46.34 1.2
63129 1658497428 0 7 $GNGGA,134349.000,4423.59803,N,00855.71544,E,1,15,0.7,-0.5,M,44.7,M,,*6B
63130 1658497428 0 1 0.400
63136 1658497429 0 8 4.997 12.341 11.91
63137 1658497430 0 7 $GNGGA,134350.000,4423.59779,N,00855.71637,E,1,15,0.7,-0.7,M,44.7,M,,*64
63140 1658497432 0 3 2.732 0.005
63141 1658497432 0 0 28.61 8.21 112.4 68.06 125.2 7.55 15.2 0.0 317.8 2.07 46.30 1.2
63147 1658497434 0 7 $GNGGA,134355.000,4423.59607,N,00855.72066,E,1,15,0.7,-1.6,M,44.7,M,,*68
63148 1658497434 0 1 0.978
63151 1658497435 0 4 2.573 1.618
63152 1658497435 0 5 0.06
63157 1658497437 0 2 0.07930001 4.78709983 1.42200002 0.03680000 2.76719999 0.00550000 0.06530001 0.35109999 1.00000000 86.04699707
63164 1658497439 0 8 4.997 12.332 11.89
63165 1658497439 0 7 $GNGGA,134359.000,4423.59530,N,00855.72445,E,1,15,0.7,-1.1,M,44.7,M,,*61
63167 1658497440 0 1 0.308
63168 1658497441 0 3 2.732 0.005
63169 1658497441 0 0 28.53 8.21 112.4 68.16 125.1 7.56 15.2 0.0 322.8 2.11 46.38 1.2
63175 1658497443 0 7 $GNGGA,134404.000,4423.59378,N,00855.72893,E,1,15,0.7,-0.6,M,44.7,M,,*65
63176 1658497443 0 1 0.284
63177 1658497444 0 3 2.732 0.005
63179 1658497444 0 4 2.573 1.613
63180 1658497444 0 5 0.06
63181 1658497444 0 6 0.14
63185 1658497446 0 1 0.307
63186 1658497447 0 3 2.735 0.005
63187 1658497447 0 0 28.53 8.21 112.5 68.23 125.0 7.55 15.2 0.0 324.5 2.18 46.43 1.2
63193 1658497449 0 7 $GNGGA,134410.000,4423.59207,N,00855.73452,E,1,15,0.7,0.4,M,44.7,M,,*46
63194 1658497449 0 1 0.248
63195 1658497450 0 3 2.737 0.005
63196 1658497450 0 0 28.47 8.21 112.5 68.20 125.0 7.56 15.3 0.0 327.4 2.13 46.41 1.2
63201 1658497451 0 7 $GNGGA,134411.000,4423.59175,N,00855.73541,E,1,15,0.7,0.4,M,44.7,M,,*42
63202 1658497452 0 7 $GNGGA,134413.000,4423.59115,N,00855.73715,E,1,15,0.7,0.5,M,44.7,M,,*44
63203 1658497452 0 1 0.311
63208 1658497453 0 6 0.14
63209 1658497453 0 8 4.997 12.341 11.91
63210 1658497454 0 7 $GNGGA,134414.000,4423.59073,N,00855.73802,E,1,15,0.7,0.5,M,44.7,M,,*4B
63213 1658497456 0 3 2.735 0.005
63214 1658497456 0 0 28.42 8.21 112.6 68.14 124.9 7.56 15.2 0.0 328.0 2.21 46.37 1.2
63220 1658497458 0 7 $GNGGA,134419.000,4423.58922,N,00855.74272,E,1,15,0.7,0.4,M,44.7,M,,*41
63221 1658497458 0 1 0.295
63229 1658497461 0 1 0.981
63231 1658497462 0 0 28.46 8.21 112.6 68.09 124.9 7.55 15.2 0.0 329.2 2.19 46.33 1.2
63238 1658497464 0 1 0.311
63239 1658497465 0 3 2.737 0.005
63240 1658497465 0 0 28.50 8.21 112.6 68.05 124.9 7.55 15.2 0.0 328.3 2.13 46.29 1.2
63246 1658497467 0 7 $GNGGA,134428.000,4423.58567,N,00855.75074,E,1,15,0.7,-1.3,M,44.7,M,,*60
63247 1658497467 0 1 0.370
63250 1658497468 0 4 2.573 1.608
63251 1658497468 0 5 0.06
63252 1658497468 0 6 0.14
63256 1658497470 0 1 0.299
63257 1658497471 0 3 2.735 0.005
63264 1658497473 0 7 $GNGGA,134434.000,4423.58425,N,00855.75642,E,1,15,0.7,-0.4,M,44.7,M,,*6F
63266 1658497474 0 3 2.736 0.005
63267 1658497474 0 0 28.50 8.21 112.7 68.17 124.8 7.54 15.3 0.0 327.7 2.17 46.39 1.2
63273 1658497476 0 7 $GNGGA,134437.000,4423.58345,N,00855.75906,E,1,15,0.7,-0.3,M,44.7,M,,*65
63274 1658497476 0 1 0.242
63276 1658497477 0 0 28.50 8.21 112.7 68.17 124.9 7.55 15.2 0.0 329.1 2.06 46.39 1.2
63278 1658497477 0 5 0.06
63279 1658497477 0 6 0.14
63281 1658497478 0 7 $GNGGA,134438.000,4423.58312,N,00855.76002,E,1,15,0.7,-0.3,M,44.7,M,,*66
63284 1658497479 0 1 0.334
63285 1658497480 0 3 2.731 0.005
63290 1658497481 0 8 4.997 12.332 11.91
63291 1658497481 0 7 $GNGGA,134441.000,4423.58205,N,00855.76262,E,1,15,0.7,-0.5,M,44.7,M,,*6D
63292 1658497482 0 7 $GNGGA,134443.000,4423.58136,N,00855.76456,E,1,15,0.7,-0.6,M,44.7,M,,*6E
63293 1658497482 0 1 0.411
63294 1658497483 0 3 2.733 0.005
63295 1658497483 0 0 28.40 8.21 112.7 68.06 124.8 7.56 15.3 0.0 330.2 2.22 46.30 1.2
63296 1658497483 0 4 2.573 1.608
63301 1658497485 0 7 $GNGGA,134446.000,4423.58038,N,00855.76731,E,1,15,0.7,-0.2,M,44.7,M,,*62
63302 1658497485 0 1 0.347
63306 1658497486 0 5 0.06
63307 1658497487 0 6 0.14
63308 1658497487 0 8 4.997 12.341 11.89
63309 1658497487 0 7 $GNGGA,134447.000,4423.58014,N,00855.76827,E,1,15,0.7,-0.1,M,44.7,M,,*66
63311 1658497488 0 1 1.016
63312 1658497489 0 3 2.732 0.005
63313 1658497489 0 0 28.40 8.21 112.8 68.15 124.8 7.55 15.2 0.0 331.0 2.08 46.38 1.2
63319 1658497491 0 7 $GNGGA,134452.000,4423.57890,N,00855.77318,E,1,15,0.7,0.3,M,44.7,M,,*40
63320 1658497491 0 1 0.378
63323 1658497492 0 4 2.573 1.608
63324 1658497492 0 5 0.06
63325 1658497492 0 6 0.14
63329 1658497494 0 1 0.350
63330 1658497495 0 3 2.735 0.005
63336 1658497496 0 7 $GNGGA,134456.000,4423.57778,N,00855.77683,E,1,15,0.7,1.0,M,44.7,M,,*48
63337 1658497497 0 7 $GNGGA,134458.000,4423.57685,N,00855.77854,E,1,15,0.7,1.0,M,44.7,M,,*41
63339 1658497498 0 3 2.735 0.005
63340 1658497498 0 0 28.42 8.21 112.8 68.04 124.8 7.56 15.2 0.0 333.0 2.11 46.29 1.2
63346 1658497500 0 7 $GNGGA,134501.000,4423.57603,N,00855.78134,E,1,15,0.7,0.7,M,44.7,M,,*44
63347 1658497500 0 1 0.355
63350 1658497501 0 4 2.574 1.606
63351 1658497501 0 5 0.06
63352 1658497501 0 6 0.14
63353 1658497501 0 8 4.997 12.144 11.89
63356 1658497503 0 1 0.325
63357 1658497504 0 3 2.730 0.005
63364 1658497506 0 7 $GNGGA,134507.000,4423.57412,N,00855.78701,E,1,15,0.7,1.0,M,44.7,M,,*46
63365 1658497506 0 1 0.331
63366 1658497507 0 3 2.734 0.005
63367 1658497507 0 0 28.48 8.21 112.9 68.00 124.9 7.55 15.3 0.0 327.1 2.15 46.26 1.2
63373 1658497509 0 7 $GNGGA,134510.000,4423.57318,N,00855.78987,E,1,15,0.7,1.1,M,44.7,M,,*4C
63374 1658497509 0 1 0.446
63379 1658497510 0 6 0.14
63380 1658497510 0 8 4.997 12.144 11.89
63381 1658497511 0 7 $GNGGA,134511.000,4423.57293,N,00855.79073,E,1,15,0.7,1.2,M,44.7,M,,*4F
63382 1658497512 0 7 $GNGGA,134513.000,4423.57229,N,00855.79239,E,1,15,0.7,1.1,M,44.7,M,,*43
63383 1658497512 0 1 0.412
63384 1658497513 0 3 2.735 0.005
63385 1658497513 0 0 28.52 8.21 112.9 68.08 124.9 7.55 15.2 0.0 330.8 2.15 46.32 1.2
63391 1658497515 0 7 $GNGGA,134516.000,4423.57121,N,00855.79515,E,1,15,0.7,0.5,M,44.7,M,,*41
63392 1658497515 0 1 1.053
63395 1658497516 0 4 2.574 1.611
63400 1658497518 0 7 $GNGGA,134519.000,4423.57046,N,00855.79797,E,1,15,0.7,0.5,M,44.7,M,,*46
63401 1658497518 0 1 0.385
63406 1658497519 0 6 0.14
63407 1658497519 0 8 4.997 12.351 11.91
63408 1658497520 0 7 $GNGGA,134520.000,4423.57018,N,00855.79896,E,1,15,0.7,0.5,M,44.7,M,,*49
63411 1658497522 0 3 2.736 0.005
63418 1658497524 0 7 $GNGGA,134525.000,4423.56833,N,00855.80374,E,1,15,0.7,-0.5,M,44.7,M,,*60
63419 1658497524 0 1 0.377
63422 1658497525 0 4 2.573 1.613
63423 1658497525 0 5 0.06
63425 1658497525 0 8 4.997 12.332 11.91
63431 1658497528 0 4 2.573 1.628
63432 1658497528 0 5 0.06
63433 1658497529 0 6 0.14
63434 1658497529 0 8 4.997 12.341 11.91
63437 1658497530 0 1 0.359
63438 1658497531 0 3 2.736 0.005
63439 1658497531 0 0 28.48 8.21 113.0 68.12 124.9 7.55 15.3 0.0 331.9 2.17 46.35 1.2
63445 1658497533 0 7 $GNGGA,134534.000,4423.56503,N,00855.81195,E,1,15,0.7,-1.9,M,44.7,M,,*6F
63446 1658497533 0 1 0.405
63447 1658497534 0 3 2.735 0.005
63449 1658497534 0 4 2.573 1.681
63450 1658497534 0 5 0.06
63455 1658497536 0 1 0.528
63457 1658497537 0 0 28.48 8.21 113.1 68.03 125.0 7.56 15.2 0.0 334.0 2.12 46.28 1.2
63462 1658497538 0 7 $GNGGA,134538.000,4423.56349,N,00855.81518,E,1,15,0.7,-3.6,M,44.7,M,,*67
63465 1658497540 0 3 2.732 0.005
63466 1658497540 0 0 28.42 8.21 113.2 68.12 125.0 7.56 15.2 0.0 333.3 2.12 46.35 1.2
63471 1658497541 0 7 $GNGGA,134541.000,4423.56275,N,00855.81768,E,1,15,0.7,-3.9,M,44.7,M,,*6D
63472 1658497542 0 7 $GNGGA,134543.000,4423.56205,N,00855.81937,E,1,15,0.7,-4.2,M,44.7,M,,*60
63473 1658497542 0 1 0.981
63476 1658497543 0 4 2.573 1.673
63477 1658497543 0 5 0.06
63478 1658497543 0 6 0.14
63482 1658497545 0 1 0.265
63484 1658497546 0 0 28.57 8.21 113.1 68.18 125.0 7.54 15.2 0.0 326.0 2.18 46.39 1.2
63490 1658497548 0 7 $GNGGA,134549.000,4423.56027,N,00855.82489,E,1,15,0.7,-5.3,M,44.7,M,,*63
63491 1658497548 0 1 0.284
63492 1658497549 0 3 2.738 0.005
63493 1658497549 0 0 28.56 8.21 113.1 68.20 125.0 7.55 15.2 0.0 331.0 2.15 46.41 1.2
63499 1658497551 0 7 $GNGGA,134552.000,4423.55955,N,00855.82709,E,1,15,0.7,-5.2,M,44.7,M,,*6C
63500 1658497551 0 1 0.224
63501 1658497552 0 3 2.739 0.005
63503 1658497552 0 4 2.573 1.658
63505 1658497552 0 6 0.14
63506 1658497552 0 8 4.997 12.341 11.91
63507 1658497553 0 7 $GNGGA,134553.000,4423.55937,N,00855.82805,E,1,15,0.7,-5.0,M,44.7,M,,*68
63509 1658497554 0 1 0.294
63510 1658497555 0 3 2.740 0.005
63517 1658497557 0 7 $GNGGA,134558.000,4423.55831,N,00855.83196,E,1,15,0.7,-4.6,M,44.7,M,,*61
63521 1658497558 0 0 28.47 8.21 113.2 68.10 125.1 7.56 15.2 0.0 333.0 2.43 46.34 1.2
63522 1658497558 0 4 2.573 1.661
