/home/danielacabiddu/Devel/src/MATRAC/test/tuttomatrac/apps/build-mokupUI-Desktop_Qt_6_2_0_GCC_64bit-Release/MATRAC_Session_2022-07-22.13-05-42/porto_grid.mesh
47867 1658492429 0 4 2.567 1.591
47868 1658492429 0 5 0.06
47873 1658492431 0 7 $GNGGA,122032.000,4423.84532,N,00855.13517,E,1,14,0.7,-8.5,M,44.7,M,,*67
47874 1658492431 0 3 2.740 0.005
47881 1658492432 0 7 $GNGGA,122033.000,4423.84471,N,00855.13572,E,1,14,0.7,-8.3,M,44.7,M,,*65
47882 1658492433 0 7 $GNGGA,122034.000,4423.84425,N,00855.13602,E,1,14,0.7,-8.0,M,44.7,M,,*64
47883 1658492434 0 7 $GNGGA,122035.000,4423.84359,N,00855.13629,E,1,14,0.7,-7.8,M,44.7,M,,*67
47884 1658492434 0 1 0.660
47885 1658492434 0 3 2.741 0.005
47891 1658492436 0 7 $GNGGA,122036.000,4423.84316,N,00855.13684,E,1,14,0.7,-7.6,M,44.7,M,,*66
47892 1658492437 0 7 $GNGGA,122038.000,4423.84190,N,00855.13798,E,1,14,0.7,-7.1,M,44.7,M,,*6F
47893 1658492437 0 1 0.472
47896 1658492438 0 5 0.06
47897 1658492438 0 6 0.19
47898 1658492438 0 8 4.997 12.332 11.89
47902 1658492440 0 7 $GNGGA,122041.000,4423.83911,N,00855.13869,E,1,14,0.7,-6.7,M,44.7,M,,*61
47903 1658492440 0 1 1.184
47904 1658492440 0 3 2.743 0.005
47910 1658492442 0 7 $GNGGA,122042.000,4423.83807,N,00855.13885,E,1,14,0.7,-6.6,M,44.7,M,,*67
47913 1658492443 0 3 2.743 0.005
47914 1658492444 0 4 2.569 1.593
47921 1658492446 0 7 $GNGGA,122047.000,4423.83490,N,00855.14050,E,1,14,0.7,-4.8,M,44.7,M,,*6B
47922 1658492446 0 3 2.743 0.005
47929 1658492448 0 7 $GNGGA,122048.000,4423.83431,N,00855.14105,E,1,14,0.7,-4.1,M,44.7,M,,*67
47931 1658492449 0 1 0.551
47932 1658492449 0 3 2.743 0.005
47939 1658492451 0 7 $GNGGA,122052.000,4423.83261,N,00855.14256,E,1,14,0.7,-2.3,M,44.7,M,,*6E
47942 1658492452 0 1 0.623
47943 1658492453 0 4 2.569 1.593
47948 1658492454 0 7 $GNGGA,122054.000,4423.83206,N,00855.14271,E,1,14,0.7,-1.8,M,44.7,M,,*64
47949 1658492455 0 7 $GNGGA,122056.000,4423.83156,N,00855.14294,E,1,14,0.7,-1.9,M,44.7,M,,*6A
47950 1658492455 0 1 0.528
47955 1658492456 0 8 4.997 12.332 11.91
47956 1658492456 0 0 27.56 8.22 105.4 67.90 127.9 7.85 15.4 0.0 284.9 3.09 46.22 1.2
47957 1658492456 0 7 $GNGGA,122057.000,4423.83106,N,00855.14319,E,1,14,0.7,-2.0,M,44.7,M,,*60
47959 1658492458 0 7 $GNGGA,122059.000,4423.83018,N,00855.14374,E,1,14,0.7,-1.7,M,44.7,M,,*6F
47960 1658492458 0 3 2.743 0.005
47961 1658492458 0 1 0.634
47967 1658492460 0 7 $GNGGA,122100.000,4423.82997,N,00855.14417,E,1,14,0.7,-1.4,M,44.7,M,,*6C
47969 1658492461 0 1 0.776
47971 1658492462 0 4 2.569 1.596
47972 1658492462 0 5 0.06
47978 1658492464 0 7 $GNGGA,122105.000,4423.82904,N,00855.14604,E,1,14,0.7,-1.1,M,44.7,M,,*66
47979 1658492464 0 1 0.603
47986 1658492466 0 7 $GNGGA,122106.000,4423.82888,N,00855.14643,E,1,14,0.7,-1.0,M,44.7,M,,*62
47987 1658492467 0 7 $GNGGA,122108.000,4423.82825,N,00855.14715,E,1,14,0.7,-0.8,M,44.7,M,,*60
47988 1658492467 0 1 1.298
47989 1658492467 0 3 2.743 0.005
47997 1658492470 0 7 $GNGGA,122111.000,4423.82705,N,00855.14779,E,1,14,0.7,-0.9,M,44.7,M,,*6E
47998 1658492470 0 1 0.597
48000 1658492471 0 4 2.569 1.596
48001 1658492471 0 5 0.06
48006 1658492473 0 7 $GNGGA,122114.000,4423.82621,N,00855.14833,E,1,14,0.7,-1.7,M,44.7,M,,*62
48007 1658492473 0 3 2.744 0.005
48013 1658492474 0 0 27.57 8.22 105.6 67.87 128.0 7.86 15.4 0.0 283.5 3.24 46.18 1.2
48014 1658492474 0 7 $GNGGA,122115.000,4423.82578,N,00855.14844,E,1,14,0.7,-1.6,M,44.7,M,,*6D
48015 1658492475 0 7 $GNGGA,122116.000,4423.82546,N,00855.14870,E,1,14,0.7,-1.4,M,44.7,M,,*66
48016 1658492476 0 7 $GNGGA,122117.000,4423.82527,N,00855.14885,E,1,14,0.7,-1.1,M,44.7,M,,*6F
48017 1658492476 0 1 0.572
48018 1658492476 0 3 2.743 0.005
48024 1658492478 0 7 $GNGGA,122118.000,4423.82508,N,00855.14903,E,1,14,0.7,-0.9,M,44.7,M,,*6B
48025 1658492479 0 7 $GNGGA,122120.000,4423.82446,N,00855.14959,E,1,14,0.7,-0.5,M,44.7,M,,*68
48026 1658492479 0 3 2.744 0.005
48028 1658492480 0 4 2.569 1.598
48029 1658492480 0 5 0.06
48030 1658492480 0 6 0.12
48031 1658492480 0 8 4.997 12.332 11.91
48033 1658492480 0 7 $GNGGA,122121.000,4423.82423,N,00855.15002,E,1,14,0.7,-0.5,M,44.7,M,,*6C
48035 1658492482 0 7 $GNGGA,122123.000,4423.82405,N,00855.15031,E,1,14,0.7,-0.5,M,44.7,M,,*6A
48036 1658492482 0 1 0.574
48043 1658492484 0 7 $GNGGA,122124.000,4423.82410,N,00855.15031,E,1,14,0.7,-0.4,M,44.7,M,,*68
48046 1658492485 0 1 0.664
48053 1658492488 0 7 $GNGGA,122129.000,4423.82344,N,00855.15135,E,1,14,0.7,0.2,M,44.7,M,,*4D
48054 1658492488 0 1 0.855
48058 1658492489 0 6 0.12
48059 1658492489 0 8 4.997 12.332 11.89
48060 1658492489 0 0 27.50 8.22 105.7 67.87 128.1 7.87 15.3 0.0 283.2 3.26 46.19 1.2
48062 1658492491 0 1 0.672
48063 1658492491 0 3 2.744 0.005
48070 1658492493 0 7 $GNGGA,122134.000,4423.82311,N,00855.15262,E,1,14,0.7,0.7,M,44.7,M,,*45
48080 1658492496 0 7 $GNGGA,122137.000,4423.82314,N,00855.15276,E,1,14,0.7,0.9,M,44.7,M,,*48
48081 1658492497 0 7 $GNGGA,122138.000,4423.82315,N,00855.15277,E,1,14,0.7,1.0,M,44.7,M,,*4F
48082 1658492497 0 1 0.675
48085 1658492498 0 5 0.06
48086 1658492498 0 6 0.12
48087 1658492498 0 8 4.997 12.332 11.89
48088 1658492498 0 0 27.50 8.22 105.9 67.81 128.3 7.89 15.3 0.0 282.1 3.29 46.14 1.2
48091 1658492500 0 7 $GNGGA,122141.000,4423.82249,N,00855.15370,E,1,14,0.7,0.8,M,44.7,M,,*46
48092 1658492500 0 3 2.744 0.005
48093 1658492500 0 1 0.725
48100 1658492502 0 7 $GNGGA,122143.000,4423.82231,N,00855.15431,E,1,14,0.7,0.8,M,44.7,M,,*49
48103 1658492503 0 3 2.743 0.005
48104 1658492504 0 4 2.570 1.601
48110 1658492506 0 7 $GNGGA,122147.000,4423.82199,N,00855.15584,E,1,14,0.7,0.6,M,44.7,M,,*4D
48111 1658492506 0 3 2.744 0.005
48116 1658492507 0 8 4.997 12.332 11.91
48117 1658492507 0 0 27.53 8.22 106.0 67.82 128.6 7.90 15.2 0.0 279.9 3.32 46.15 1.2
48118 1658492507 0 7 $GNGGA,122148.000,4423.82191,N,00855.15606,E,1,14,0.7,0.5,M,44.7,M,,*40
48121 1658492509 0 1 0.621
48122 1658492509 0 3 2.744 0.005
48130 1658492512 0 7 $GNGGA,122153.000,4423.82184,N,00855.15693,E,1,14,0.7,0.4,M,44.7,M,,*43
48133 1658492513 0 4 2.569 1.608
48134 1658492513 0 5 0.06
48135 1658492513 0 6 0.12
48136 1658492513 0 8 4.997 12.332 11.89
48140 1658492515 0 7 $GNGGA,122156.000,4423.82148,N,00855.15785,E,1,14,0.7,0.2,M,44.7,M,,*46
48141 1658492515 0 1 0.909
48148 1658492516 0 7 $GNGGA,122157.000,4423.82143,N,00855.15819,E,1,14,0.7,0.1,M,44.7,M,,*45
48149 1658492517 0 7 $GNGGA,122158.000,4423.82145,N,00855.15827,E,1,14,0.7,0.1,M,44.7,M,,*41
48152 1658492518 0 1 0.683
48153 1658492518 0 3 2.744 0.005
48154 1658492519 0 4 2.569 1.606
48160 1658492521 0 7 $GNGGA,122202.000,4423.82138,N,00855.15849,E,1,14,0.7,-0.1,M,44.7,M,,*62
48161 1658492521 0 1 1.357
48163 1658492522 0 4 2.569 1.603
48164 1658492522 0 5 0.06
48165 1658492522 0 6 0.12
48166 1658492522 0 8 4.997 12.332 11.91
48168 1658492522 0 7 $GNGGA,122203.000,4423.82113,N,00855.15869,E,1,14,0.7,-0.2,M,44.7,M,,*6B
48169 1658492524 0 7 $GNGGA,122205.000,4423.82110,N,00855.15921,E,1,14,0.7,-0.3,M,44.7,M,,*62
48170 1658492524 0 1 0.666
48171 1658492524 0 3 2.744 0.005
48178 1658492527 0 7 $GNGGA,122208.000,4423.82123,N,00855.15978,E,1,14,0.7,-0.5,M,44.7,M,,*65
48180 1658492527 0 1 0.718
48181 1658492528 0 4 2.569 1.606
48188 1658492530 0 7 $GNGGA,122211.000,4423.82112,N,00855.16039,E,1,14,0.7,-0.7,M,44.7,M,,*62
48189 1658492530 0 1 0.686
48194 1658492531 0 8 4.997 12.332 11.91
48195 1658492531 0 0 27.47 8.22 106.2 67.88 129.1 7.94 15.2 0.0 280.9 3.32 46.20 1.2
48199 1658492533 0 3 2.744 0.005
48200 1658492533 0 1 0.757
48207 1658492536 0 7 $GNGGA,122217.000,4423.82067,N,00855.16182,E,1,14,0.7,-1.1,M,44.7,M,,*61
48208 1658492536 0 1 0.645
48210 1658492537 0 4 2.569 1.598
48211 1658492537 0 5 0.06
48212 1658492537 0 6 0.12
48216 1658492539 0 7 $GNGGA,122220.000,4423.82034,N,00855.16253,E,1,14,0.7,-1.2,M,44.7,M,,*6F
48225 1658492542 0 7 $GNGGA,122223.000,4423.82013,N,00855.16294,E,1,14,0.7,-1.2,M,44.7,M,,*62
48226 1658492542 0 1 0.938
48227 1658492542 0 3 2.744 0.005
48234 1658492544 0 7 $GNGGA,122225.000,4423.82001,N,00855.16308,E,1,14,0.7,-1.2,M,44.7,M,,*63
48238 1658492546 0 4 2.569 1.596
48239 1658492546 0 5 0.06
48240 1658492546 0 6 0.12
48244 1658492548 0 7 $GNGGA,122229.000,4423.81992,N,00855.16349,E,1,14,0.7,-1.3,M,44.7,M,,*6B
48245 1658492548 0 1 1.576
48250 1658492549 0 8 4.997 12.332 11.89
48251 1658492549 0 0 27.44 8.22 106.4 67.86 129.4 7.96 15.1 0.0 279.7 3.32 46.18 1.1
48252 1658492549 0 7 $GNGGA,122230.000,4423.81988,N,00855.16359,E,1,14,0.7,-1.3,M,44.7,M,,*69
48255 1658492551 0 1 0.750
48256 1658492551 0 3 2.744 0.005
48263 1658492554 0 7 $GNGGA,122235.000,4423.81952,N,00855.16443,E,1,14,0.7,-1.6,M,44.7,M,,*62
48266 1658492555 0 4 2.569 1.598
48267 1658492555 0 5 0.06
48268 1658492555 0 6 0.12
48272 1658492557 0 7 $GNGGA,122238.000,4423.81954,N,00855.16506,E,1,14,0.7,-1.5,M,44.7,M,,*6A
48273 1658492557 0 1 0.749
48278 1658492558 0 8 4.997 12.332 11.89
48279 1658492558 0 0 27.42 8.22 106.4 67.76 129.5 7.98 15.1 0.0 280.2 3.31 46.11 1.1
48280 1658492559 0 7 $GNGGA,122239.000,4423.81952,N,00855.16512,E,1,14,0.7,-1.5,M,44.7,M,,*68
48282 1658492560 0 3 2.744 0.005
48283 1658492560 0 1 0.781
48290 1658492563 0 7 $GNGGA,122244.000,4423.81946,N,00855.16537,E,1,14,0.7,-1.6,M,44.7,M,,*63
48291 1658492563 0 1 0.720
48294 1658492564 0 5 0.06
48295 1658492564 0 6 0.12
48296 1658492564 0 8 4.997 12.332 11.89
48299 1658492566 0 7 $GNGGA,122247.000,4423.81957,N,00855.16565,E,1,14,0.7,-2.5,M,44.7,M,,*67
48300 1658492566 0 3 2.743 0.005
48307 1658492567 0 7 $GNGGA,122248.000,4423.81956,N,00855.16569,E,1,14,0.7,-2.6,M,44.7,M,,*66
48308 1658492569 0 7 $GNGGA,122250.000,4423.81953,N,00855.16579,E,1,14,0.7,-2.6,M,44.7,M,,*6B
48309 1658492569 0 1 0.744
48310 1658492569 0 3 2.744 0.005
48317 1658492572 0 7 $GNGGA,122253.000,4423.81945,N,00855.16597,E,1,14,0.7,-2.7,M,44.7,M,,*6E
48318 1658492572 0 1 0.818
48321 1658492573 0 5 0.06
48322 1658492573 0 6 0.12
48324 1658492573 0 0 27.43 8.22 106.5 67.79 129.8 7.99 15.1 0.0 279.0 3.32 46.13 1.1
48325 1658492573 0 7 $GNGGA,122254.000,4423.81943,N,00855.16604,E,1,14,0.7,-2.7,M,44.7,M,,*66
48327 1658492575 0 1 1.412
48328 1658492575 0 3 2.743 0.005
48335 1658492577 0 7 $GNGGA,122258.000,4423.81936,N,00855.16626,E,1,14,0.7,-2.9,M,44.7,M,,*66
48336 1658492578 0 7 $GNGGA,122259.000,4423.81944,N,00855.16664,E,1,14,0.7,-2.3,M,44.7,M,,*6E
48337 1658492578 0 1 0.725
48338 1658492578 0 3 2.744 0.005
48339 1658492579 0 4 2.569 1.611
48345 1658492581 0 7 $GNGGA,122302.000,4423.81940,N,00855.16742,E,1,14,0.7,-2.0,M,44.7,M,,*63
48346 1658492581 0 3 2.745 0.005
48351 1658492582 0 8 4.997 12.135 11.91
48352 1658492582 0 0 27.46 8.22 106.7 67.77 129.9 7.99 15.1 0.0 277.7 3.34 46.11 1.1
48353 1658492582 0 7 $GNGGA,122303.000,4423.81939,N,00855.16755,E,1,14,0.7,-2.1,M,44.7,M,,*6B
48363 1658492587 0 7 $GNGGA,122308.000,4423.81925,N,00855.16818,E,1,14,0.7,-2.1,M,44.7,M,,*6B
48365 1658492587 0 1 0.662
48366 1658492588 0 4 2.569 1.609
48372 1658492590 0 7 $GNGGA,122311.000,4423.81921,N,00855.16843,E,1,14,0.7,-2.1,M,44.7,M,,*69
48373 1658492590 0 1 0.529
48376 1658492591 0 5 0.06
48378 1658492591 0 8 4.997 12.332 11.89
48379 1658492591 0 0 27.58 8.22 106.7 67.93 129.9 7.97 15.0 0.0 274.8 3.31 46.23 1.1
48382 1658492593 0 3 2.744 0.005
48383 1658492593 0 1 0.595
48390 1658492595 0 7 $GNGGA,122317.000,4423.81912,N,00855.16890,E,1,14,0.7,-2.3,M,44.7,M,,*63
48391 1658492596 0 1 0.617
48393 1658492597 0 4 2.569 1.609
48394 1658492597 0 5 0.06
48395 1658492597 0 6 0.12
48399 1658492598 0 7 $GNGGA,122320.000,4423.81905,N,00855.16913,E,1,14,0.7,-2.3,M,44.7,M,,*6B
48400 1658492599 0 1 0.614
48406 1658492600 0 0 27.63 8.22 106.7 67.87 130.0 7.97 15.0 0.0 275.9 3.32 46.18 1.1
48407 1658492600 0 7 $GNGGA,122321.000,4423.81902,N,00855.16920,E,1,14,0.7,-2.3,M,44.7,M,,*6D
48409 1658492602 0 1 1.281
48410 1658492602 0 3 2.744 0.005
48417 1658492604 0 7 $GNGGA,122326.000,4423.81893,N,00855.16949,E,1,14,0.7,-2.4,M,44.7,M,,*6B
48418 1658492605 0 1 0.605
48421 1658492606 0 5 0.06
48422 1658492606 0 6 0.12
48427 1658492608 0 3 2.746 0.005
48428 1658492608 0 1 0.645
48435 1658492610 0 7 $GNGGA,122332.000,4423.81883,N,00855.16980,E,1,14,0.7,-2.5,M,44.7,M,,*6B
48437 1658492611 0 3 2.746 0.005
48438 1658492612 0 4 2.569 1.626
48444 1658492613 0 7 $GNGGA,122335.000,4423.81877,N,00855.17004,E,1,14,0.7,-2.5,M,44.7,M,,*63
48445 1658492614 0 3 2.746 0.005
48450 1658492615 0 8 4.997 12.332 11.89
48451 1658492615 0 0 27.48 8.22 106.8 67.84 130.0 7.99 15.1 0.0 280.4 3.30 46.17 1.1
48452 1658492615 0 7 $GNGGA,122336.000,4423.81874,N,00855.17012,E,1,14,0.7,-2.5,M,44.7,M,,*64
48453 1658492616 0 7 $GNGGA,122338.000,4423.81867,N,00855.17024,E,1,14,0.7,-2.5,M,44.7,M,,*6D
48454 1658492617 0 1 0.588
48455 1658492617 0 3 2.744 0.005
48462 1658492619 0 7 $GNGGA,122341.000,4423.81861,N,00855.17046,E,1,14,0.7,-2.5,M,44.7,M,,*61
48465 1658492621 0 4 2.569 1.628
48466 1658492621 0 5 0.06
48467 1658492621 0 6 0.12
48468 1658492621 0 8 4.997 12.332 11.89
48469 1658492621 0 0 27.48 8.22 106.8 67.79 130.0 7.99 15.0 0.0 278.7 3.36 46.13 1.1
48472 1658492623 0 1 0.711
48480 1658492625 0 7 $GNGGA,122347.000,4423.81854,N,00855.17095,E,1,14,0.7,-2.4,M,44.7,M,,*6E
48481 1658492626 0 1 0.642
48482 1658492626 0 3 2.746 0.005
48489 1658492628 0 7 $GNGGA,122350.000,4423.81848,N,00855.17120,E,1,14,0.7,-2.3,M,44.7,M,,*6D
48490 1658492629 0 1 1.301
48492 1658492630 0 4 2.569 1.631
48493 1658492630 0 5 0.34
48499 1658492632 0 7 $GNGGA,122353.000,4423.81871,N,00855.17191,E,1,14,0.7,-2.2,M,44.7,M,,*6F
48500 1658492632 0 1 0.662
48506 1658492633 0 0 27.51 8.22 106.9 67.83 130.0 7.99 15.1 0.0 277.8 3.34 46.16 1.1
48507 1658492633 0 7 $GNGGA,122354.000,4423.81878,N,00855.17222,E,1,14,0.7,-2.0,M,44.7,M,,*68
48509 1658492635 0 3 2.745 0.005
48510 1658492635 0 1 0.646
48517 1658492637 0 2 0.06490001 5.29069995 1.57039999 0.04070000 2.72250008 0.00480000 0.07210000 0.28769998 1.00000000 84.70200347
48521 1658492639 0 4 2.568 1.628
48522 1658492639 0 5 0.34
48523 1658492639 0 6 0.12
48528 1658492641 0 3 2.745 0.005
48529 1658492641 0 1 0.641
48537 1658492644 0 1 0.555
48538 1658492644 0 3 2.744 0.005
48545 1658492646 0 7 $GNGGA,122408.000,4423.81901,N,00855.17691,E,1,14,0.7,-2.2,M,44.7,M,,*67
48548 1658492648 0 4 2.569 1.623
48549 1658492648 0 5 0.06
48550 1658492648 0 6 0.12
48551 1658492648 0 8 4.997 12.332 11.91
48555 1658492650 0 1 0.691
48563 1658492652 0 7 $GNGGA,122414.000,4423.81998,N,00855.18041,E,1,14,0.7,0.4,M,44.7,M,,*47
48564 1658492653 0 1 0.596
48565 1658492653 0 3 2.744 0.005
48572 1658492655 0 7 $GNGGA,122417.000,4423.82115,N,00855.18172,E,1,14,0.7,0.6,M,44.7,M,,*49
48573 1658492656 0 1 1.292
48576 1658492657 0 5 0.06
48577 1658492657 0 6 0.12
48578 1658492657 0 8 4.997 12.332 11.91
48582 1658492659 0 1 0.593
48583 1658492659 0 3 2.744 0.005
48590 1658492661 0 7 $GNGGA,122423.000,4423.82371,N,00855.18424,E,1,14,0.7,0.7,M,44.7,M,,*49
48591 1658492662 0 3 2.744 0.005
48593 1658492663 0 4 2.569 1.616
48594 1658492663 0 5 0.06
48599 1658492664 0 7 $GNGGA,122426.000,4423.82519,N,00855.18532,E,1,14,0.7,0.6,M,44.7,M,,*43
48600 1658492665 0 1 0.635
48606 1658492666 0 0 27.46 8.22 107.0 67.93 130.0 7.99 15.2 0.0 279.0 3.04 46.24 1.1
48607 1658492666 0 7 $GNGGA,122427.000,4423.82568,N,00855.18577,E,1,14,0.7,0.6,M,44.7,M,,*45
48609 1658492668 0 3 2.743 0.005
48610 1658492668 0 1 0.627
48617 1658492670 0 7 $GNGGA,122432.000,4423.82846,N,00855.18803,E,1,14,0.7,0.7,M,44.7,M,,*4F
48618 1658492671 0 1 0.578
48620 1658492672 0 4 2.566 1.618
48626 1658492673 0 7 $GNGGA,122435.000,4423.83014,N,00855.18911,E,1,14,0.7,0.4,M,44.7,M,,*47
48627 1658492674 0 1 0.553
48633 1658492675 0 0 27.57 8.22 107.0 67.75 129.9 7.98 14.9 0.0 274.1 2.83 46.09 1.1
48634 1658492675 0 7 $GNGGA,122436.000,4423.83078,N,00855.18951,E,1,14,0.7,0.2,M,44.7,M,,*4C
48635 1658492676 0 7 $GNGGA,122438.000,4423.83201,N,00855.19040,E,1,14,0.7,0.5,M,44.7,M,,*41
48636 1658492677 0 1 0.580
48644 1658492679 0 7 $GNGGA,122441.000,4423.83400,N,00855.19130,E,1,14,0.7,0.2,M,44.7,M,,*49
48645 1658492680 0 1 0.532
48647 1658492681 0 4 2.567 1.603
48648 1658492681 0 5 0.06
48649 1658492681 0 6 0.12
48650 1658492681 0 8 4.997 12.332 11.91
48656 1658492684 0 4 2.568 1.593
48657 1658492684 0 5 0.06
48658 1658492684 0 6 0.13
48659 1658492684 0 8 4.997 12.323 11.89
48660 1658492684 0 0 27.66 8.22 107.0 67.94 129.9 7.96 15.0 0.0 273.9 2.75 46.24 1.1
48661 1658492685 0 7 $GNGGA,122445.000,4423.83650,N,00855.19317,E,1,14,0.7,0.2,M,44.7,M,,*4D
48662 1658492686 0 7 $GNGGA,122447.000,4423.83810,N,00855.19386,E,1,14,0.7,0.2,M,44.7,M,,*4D
48663 1658492686 0 1 0.550
48671 1658492688 0 7 $GNGGA,122450.000,4423.84029,N,00855.19467,E,1,14,0.7,-0.2,M,44.7,M,,*6B
48674 1658492690 0 4 2.566 1.598
48675 1658492690 0 5 0.06
48676 1658492690 0 6 0.13
48677 1658492690 0 8 4.997 12.332 11.91
48681 1658492692 0 1 0.463
48689 1658492695 0 7 $GNGGA,122456.000,4423.84456,N,00855.19650,E,1,14,0.7,-0.3,M,44.7,M,,*66
48690 1658492695 0 3 2.740 0.005
48691 1658492695 0 1 0.455
48698 1658492698 0 7 $GNGGA,122459.000,4423.84690,N,00855.19745,E,1,14,0.7,-0.7,M,44.7,M,,*60
48699 1658492698 0 1 0.377
48703 1658492699 0 6 0.14
48704 1658492699 0 8 4.997 12.144 11.89
48705 1658492699 0 0 28.03 8.21 106.9 67.85 129.9 7.92 15.0 0.0 267.4 2.51 46.16 1.2
48710 1658492702 0 4 2.566 1.603
48716 1658492703 0 7 $GNGGA,122505.000,4423.85149,N,00855.19891,E,1,14,0.7,0.2,M,44.7,M,,*44
48718 1658492704 0 3 2.739 0.005
48725 1658492706 0 7 $GNGGA,122508.000,4423.85382,N,00855.19994,E,1,14,0.7,-0.2,M,44.7,M,,*65
48726 1658492707 0 1 0.449
48730 1658492708 0 6 0.13
48731 1658492708 0 8 4.997 12.154 11.89
48732 1658492708 0 0 27.98 8.21 107.0 68.06 129.9 7.91 15.2 0.0 270.0 2.42 46.32 1.2
48733 1658492708 0 7 $GNGGA,122509.000,4423.85460,N,00855.20022,E,1,14,0.7,-0.2,M,44.7,M,,*61
48735 1658492710 0 1 1.082
48736 1658492710 0 3 2.739 0.005
48742 1658492712 0 7 $GNGGA,122512.000,4423.85705,N,00855.20126,E,1,14,0.7,-0.5,M,44.7,M,,*69
48745 1658492713 0 3 2.738 0.005
48752 1658492716 0 7 $GNGGA,122517.000,4423.86094,N,00855.20281,E,1,14,0.7,-0.8,M,44.7,M,,*63
48757 1658492717 0 6 0.13
48758 1658492717 0 8 4.997 12.126 11.87
48764 1658492720 0 4 2.566 1.598
48769 1658492721 0 7 $GNGGA,122521.000,4423.86400,N,00855.20365,E,1,14,0.7,0.1,M,44.7,M,,*40
48770 1658492721 0 7 $GNGGA,122523.000,4423.86563,N,00855.20404,E,1,14,0.7,0.1,M,44.7,M,,*46
48771 1658492722 0 3 2.734 0.005
48772 1658492722 0 1 0.375
48779 1658492724 0 7 $GNGGA,122526.000,4423.86812,N,00855.20453,E,1,14,0.7,-0.3,M,44.7,M,,*65
48780 1658492725 0 1 0.323
48784 1658492726 0 6 0.13
48785 1658492726 0 8 4.997 12.323 11.89
48786 1658492726 0 0 28.17 8.21 106.9 67.96 129.6 7.88 15.2 0.0 272.8 2.13 46.23 1.2
48789 1658492728 0 3 2.732 0.005
48790 1658492728 0 1 0.367
48797 1658492731 0 7 $GNGGA,122532.000,4423.87326,N,00855.20523,E,1,14,0.7,-0.7,M,44.7,M,,*6F
48799 1658492731 0 3 2.730 0.005
48806 1658492733 0 7 $GNGGA,122535.000,4423.87586,N,00855.20527,E,1,14,0.7,-1.3,M,44.7,M,,*65
48807 1658492734 0 1 0.425
48811 1658492735 0 6 0.14
48812 1658492735 0 8 4.997 12.332 11.91
48813 1658492735 0 0 28.07 8.21 106.9 68.05 129.4 7.88 15.2 0.0 278.6 2.03 46.31 1.2
48814 1658492735 0 7 $GNGGA,122536.000,4423.87666,N,00855.20521,E,1,14,0.7,-1.7,M,44.7,M,,*69
48816 1658492737 0 1 1.082
48817 1658492737 0 3 2.726 0.005
48824 1658492739 0 7 $GNGGA,122541.000,4423.88119,N,00855.20563,E,1,14,0.7,-1.1,M,44.7,M,,*69
48825 1658492740 0 1 0.437
48833 1658492743 0 7 $GNGGA,122544.000,4423.88338,N,00855.20587,E,1,14,0.7,-1.4,M,44.7,M,,*62
48838 1658492744 0 6 0.13
48839 1658492744 0 8 4.997 12.332 11.91
48842 1658492745 0 7 $GNGGA,122547.000,4423.88599,N,00855.20615,E,1,14,0.7,-1.7,M,44.7,M,,*67
48843 1658492746 0 1 0.434
48844 1658492747 0 3 2.730 0.005
48851 1658492748 0 7 $GNGGA,122550.000,4423.88874,N,00855.20627,E,1,14,0.7,-1.9,M,44.7,M,,*60
48853 1658492749 0 1 0.473
48860 1658492752 0 7 $GNGGA,122553.000,4423.89161,N,00855.20602,E,1,14,0.7,-1.9,M,44.7,M,,*68
48861 1658492752 0 1 0.407
48865 1658492753 0 6 0.14
48866 1658492753 0 8 4.997 12.323 11.91
48867 1658492753 0 0 27.86 8.21 107.0 67.88 128.8 7.87 15.3 0.0 290.1 1.98 46.18 1.2
48868 1658492753 0 7 $GNGGA,122554.000,4423.89250,N,00855.20600,E,1,14,0.7,-1.8,M,44.7,M,,*6D
48869 1658492754 0 7 $GNGGA,122556.000,4423.89434,N,00855.20598,E,1,14,0.7,-2.0,M,44.7,M,,*62
48870 1658492755 0 3 2.724 0.005
48871 1658492755 0 1 0.482
48878 1658492757 0 2 0.07020001 5.12340021 1.42649993 0.03940000 2.71090006 0.00460000 0.06790000 0.31099998 1.00000000 85.51799774
48882 1658492759 0 4 2.565 1.593
48883 1658492759 0 5 0.06
48888 1658492760 0 7 $GNGGA,122602.000,4423.89966,N,00855.20615,E,1,14,0.7,-1.8,M,44.7,M,,*67
48889 1658492761 0 1 0.469
48895 1658492762 0 0 27.91 8.21 107.0 67.85 127.4 7.78 15.3 0.0 289.3 1.94 46.16 1.2
48896 1658492762 0 7 $GNGGA,122603.000,4423.90055,N,00855.20614,E,1,14,0.7,-1.9,M,44.7,M,,*67
48897 1658492763 0 7 $GNGGA,122605.000,4423.90230,N,00855.20612,E,1,14,0.7,-2.0,M,44.7,M,,*6C
48898 1658492764 0 1 1.129
48899 1658492765 0 3 2.722 0.005
48906 1658492766 0 7 $GNGGA,122608.000,4423.90507,N,00855.20603,E,1,14,0.7,-2.7,M,44.7,M,,*65
48907 1658492767 0 1 0.471
48909 1658492768 0 4 2.564 1.593
48910 1658492768 0 5 0.06
48911 1658492768 0 6 0.11
48912 1658492768 0 8 4.997 12.332 11.89
48920 1658492771 0 6 0.11
48921 1658492771 0 8 4.997 12.332 11.89
48923 1658492772 0 7 $GNGGA,122612.000,4423.90881,N,00855.20609,E,1,14,0.7,-4.1,M,44.7,M,,*67
48924 1658492773 0 1 0.454
48925 1658492774 0 3 2.721 0.005
48932 1658492776 0 7 $GNGGA,122617.000,4423.91329,N,00855.20655,E,1,14,0.7,-4.4,M,44.7,M,,*66
48934 1658492776 0 1 0.520
48935 1658492777 0 4 2.565 1.588
48936 1658492777 0 5 0.06
48937 1658492777 0 6 0.12
48938 1658492777 0 8 4.997 12.332 11.91
48942 1658492779 0 1 0.433
48943 1658492780 0 3 2.720 0.005
48949 1658492780 0 7 $GNGGA,122621.000,4423.91700,N,00855.20684,E,1,14,0.7,-3.7,M,44.7,M,,*64
48951 1658492782 0 3 2.717 0.005
48952 1658492782 0 1 0.550
48953 1658492783 0 4 2.564 1.591
48959 1658492784 0 7 $GNGGA,122626.000,4423.92145,N,00855.20717,E,1,14,0.7,-3.9,M,44.7,M,,*62
48960 1658492785 0 1 0.638
48963 1658492786 0 5 0.06
48964 1658492786 0 6 0.12
48965 1658492786 0 8 4.997 12.332 11.91
48969 1658492788 0 1 0.469
48976 1658492789 0 7 $GNGGA,122630.000,4423.92492,N,00855.20736,E,1,14,0.7,-3.9,M,44.7,M,,*69
48977 1658492790 0 7 $GNGGA,122632.000,4423.92670,N,00855.20746,E,1,14,0.7,-4.1,M,44.7,M,,*6D
48978 1658492791 0 1 1.183
48979 1658492792 0 3 2.724 0.005
48986 1658492793 0 7 $GNGGA,122635.000,4423.92895,N,00855.20731,E,1,14,0.7,-4.1,M,44.7,M,,*6F
48987 1658492794 0 1 0.470
48990 1658492795 0 5 0.06
48991 1658492795 0 6 0.12
48992 1658492795 0 8 4.997 12.332 11.89
48993 1658492795 0 0 27.86 8.21 107.1 67.86 128.0 7.82 15.3 0.0 294.1 1.88 46.17 1.2
48996 1658492797 0 3 2.718 0.005
48997 1658492797 0 1 0.497
49005 1658492800 0 1 0.517
49006 1658492801 0 3 2.718 0.005
49012 1658492802 0 7 $GNGGA,122642.000,4423.93498,N,00855.20721,E,1,14,0.7,-3.9,M,44.7,M,,*61
49013 1658492802 0 7 $GNGGA,122644.000,4423.93671,N,00855.20712,E,1,14,0.7,-3.8,M,44.7,M,,*63
49014 1658492803 0 3 2.720 0.005
49017 1658492804 0 5 0.06
49018 1658492804 0 6 0.12
49019 1658492804 0 8 4.997 12.323 11.91
49022 1658492805 0 7 $GNGGA,122647.000,4423.93949,N,00855.20689,E,1,14,0.7,-3.6,M,44.7,M,,*69
49023 1658492806 0 1 0.522
49024 1658492807 0 3 2.717 0.005
49031 1658492808 0 7 $GNGGA,122650.000,4423.94231,N,00855.20654,E,1,14,0.7,-3.6,M,44.7,M,,*6C
49032 1658492809 0 1 0.483
49033 1658492810 0 3 2.710 0.005
49040 1658492811 0 7 $GNGGA,122653.000,4423.94503,N,00855.20671,E,1,14,0.7,-3.7,M,44.7,M,,*6F
49041 1658492812 0 1 0.546
49044 1658492813 0 5 0.06
49045 1658492813 0 6 0.12
49046 1658492813 0 8 4.997 12.323 11.91
49047 1658492813 0 0 27.85 8.21 107.0 67.95 128.2 7.83 15.3 0.0 294.5 1.78 46.24 1.2
49050 1658492815 0 1 0.564
49051 1658492816 0 3 2.714 0.005
49059 1658492818 0 1 1.210
49060 1658492819 0 3 2.711 0.005
49065 1658492820 0 0 27.79 8.21 107.1 67.96 128.2 7.84 15.4 0.0 301.1 1.75 46.25 1.2
49067 1658492820 0 7 $GNGGA,122702.000,4423.95354,N,00855.20684,E,1,14,0.7,-3.6,M,44.7,M,,*64
49068 1658492821 0 1 0.576
49069 1658492822 0 3 2.708 0.005
49071 1658492822 0 5 0.06
49072 1658492822 0 6 0.12
49073 1658492822 0 8 4.997 12.154 11.89
49074 1658492822 0 0 27.78 8.21 107.1 67.87 128.2 7.84 15.3 0.0 297.6 1.76 46.18 1.2
49077 1658492824 0 3 2.713 0.005
49078 1658492824 0 1 0.566
49083 1658492826 0 0 27.77 8.21 107.1 67.85 128.2 7.85 15.3 0.0 297.6 1.81 46.17 1.2
49084 1658492826 0 7 $GNGGA,122706.000,4423.95717,N,00855.20682,E,1,14,0.7,-2.9,M,44.7,M,,*6B
49085 1658492827 0 1 0.602
49086 1658492828 0 3 2.714 0.005
49093 1658492830 0 7 $GNGGA,122711.000,4423.96160,N,00855.20700,E,1,14,0.7,-2.8,M,44.7,M,,*62
49094 1658492830 0 3 2.714 0.005
49097 1658492831 0 5 0.06
49098 1658492831 0 6 0.12
49099 1658492831 0 8 4.997 12.323 11.89
49100 1658492831 0 0 27.71 8.21 107.1 67.84 128.3 7.86 15.3 0.0 297.5 1.77 46.16 1.2
49104 1658492834 0 3 2.710 0.005
49105 1658492834 0 4 2.564 1.591
49111 1658492835 0 7 $GNGGA,122717.000,4423.96730,N,00855.20775,E,1,14,0.7,-3.0,M,44.7,M,,*6C
49112 1658492836 0 3 2.716 0.005
49113 1658492836 0 1 0.601
49114 1658492837 0 4 2.564 1.591
49116 1658492837 0 6 0.12
49120 1658492838 0 7 $GNGGA,122720.000,4423.97006,N,00855.20793,E,1,14,0.7,-3.0,M,44.7,M,,*63
49121 1658492839 0 1 0.642
49125 1658492840 0 6 0.12
49126 1658492840 0 8 4.997 12.341 11.89
49127 1658492841 0 0 27.87 8.21 107.1 67.88 128.4 7.85 15.3 0.0 295.5 1.85 46.19 1.2
49129 1658492842 0 1 0.601
49130 1658492843 0 3 2.714 0.005
49136 1658492844 0 7 $GNGGA,122724.000,4423.97394,N,00855.20835,E,1,14,0.7,-2.6,M,44.7,M,,*6B
49139 1658492846 0 3 2.716 0.005
49140 1658492846 0 4 2.564 1.586
49146 1658492847 0 7 $GNGGA,122729.000,4423.97869,N,00855.20863,E,1,14,0.7,-3.2,M,44.7,M,,*69
49147 1658492848 0 1 0.581
49152 1658492849 0 8 4.997 12.332 11.89
49153 1658492849 0 0 27.95 8.21 107.1 67.89 128.8 7.86 15.3 0.0 294.9 1.86 46.19 1.2
49154 1658492849 0 7 $GNGGA,122730.000,4423.97963,N,00855.20866,E,1,14,0.7,-3.1,M,44.7,M,,*6C
49158 1658492852 0 4 2.565 1.586
49164 1658492853 0 7 $GNGGA,122735.000,4423.98429,N,00855.20935,E,1,14,0.7,-3.4,M,44.7,M,,*67
49166 1658492855 0 3 2.718 0.005
49167 1658492855 0 4 2.564 1.586
49173 1658492857 0 7 $GNGGA,122738.000,4423.98685,N,00855.20969,E,1,14,0.7,-2.9,M,44.7,M,,*6B
49174 1658492857 0 3 2.712 0.005
49175 1658492857 0 1 0.651
49179 1658492858 0 8 4.997 12.323 11.89
49180 1658492858 0 0 27.85 8.21 107.2 67.97 129.0 7.88 15.3 0.0 299.4 1.78 46.26 1.2
49181 1658492858 0 7 $GNGGA,122739.000,4423.98771,N,00855.21003,E,1,14,0.7,-2.6,M,44.7,M,,*6B
49183 1658492860 0 1 0.573
49184 1658492861 0 3 2.719 0.005
49189 1658492862 0 0 27.74 8.22 107.2 67.95 129.0 7.90 15.4 0.0 300.6 1.79 46.24 1.2
49191 1658492863 0 7 $GNGGA,122744.000,4423.99221,N,00855.21070,E,1,14,0.7,-2.1,M,44.7,M,,*63
49192 1658492863 0 3 2.721 0.005
49194 1658492864 0 4 2.564 1.586
49195 1658492864 0 5 0.06
49196 1658492864 0 6 0.12
49200 1658492865 0 7 $GNGGA,122747.000,4423.99501,N,00855.21126,E,1,14,0.7,-2.2,M,44.7,M,,*64
49201 1658492866 0 1 0.642
49207 1658492868 0 0 27.81 8.21 107.2 67.70 129.0 7.90 15.3 0.0 295.5 1.83 46.05 1.2
49208 1658492868 0 7 $GNGGA,122748.000,4423.99597,N,00855.21148,E,1,14,0.7,-2.5,M,44.7,M,,*6B
49210 1658492870 0 3 2.715 0.005
49217 1658492871 0 7 $GNGGA,122753.000,4424.00033,N,00855.21233,E,1,14,0.7,-3.6,M,44.7,M,,*60
49218 1658492872 0 1 1.293
49226 1658492875 0 7 $GNGGA,122756.000,4424.00298,N,00855.21282,E,1,14,0.7,-3.9,M,44.7,M,,*63
49227 1658492875 0 1 0.606
49234 1658492877 0 7 $GNGGA,122757.000,4424.00385,N,00855.21282,E,1,14,0.7,-3.9,M,44.7,M,,*6F
49245 1658492881 0 7 $GNGGA,122802.000,4424.00843,N,00855.21312,E,1,14,0.7,-4.0,M,44.7,M,,*67
49246 1658492881 0 1 0.580
49247 1658492882 0 3 2.715 0.005
49262 1658492886 0 7 $GNGGA,122806.000,4424.01188,N,00855.21377,E,1,14,0.7,-4.4,M,44.7,M,,*6B
49263 1658492886 0 7 $GNGGA,122808.000,4424.01369,N,00855.21389,E,1,14,0.7,-4.3,M,44.7,M,,*6E
49264 1658492887 0 1 0.637
49265 1658492888 0 3 2.721 0.005
49272 1658492891 0 1 0.589
49273 1658492891 0 3 2.718 0.005
49275 1658492892 0 5 0.06
49276 1658492892 0 6 0.12
49277 1658492892 0 8 4.997 12.323 11.89
49281 1658492894 0 1 0.804
49282 1658492894 0 3 2.716 0.005
49289 1658492896 0 7 $GNGGA,122817.000,4424.02133,N,00855.21461,E,1,14,0.7,-3.7,M,44.7,M,,*6C
49290 1658492897 0 1 0.586
49298 1658492899 0 7 $GNGGA,122820.000,4424.02380,N,00855.21467,E,1,14,0.7,-3.3,M,44.7,M,,*60
49299 1658492900 0 1 1.247
49303 1658492901 0 6 0.12
49304 1658492901 0 8 4.997 12.332 11.91
49305 1658492901 0 0 27.96 8.21 107.2 67.89 129.4 7.89 15.3 0.0 295.6 1.88 46.19 1.2
49308 1658492903 0 1 0.614
49316 1658492905 0 7 $GNGGA,122826.000,4424.02911,N,00855.21442,E,1,14,0.7,-2.7,M,44.7,M,,*66
49318 1658492906 0 1 0.625
49319 1658492907 0 4 2.565 1.591
49320 1658492907 0 5 0.06
49325 1658492908 0 7 $GNGGA,122829.000,4424.03187,N,00855.21443,E,1,14,0.7,-2.7,M,44.7,M,,*6E
49326 1658492909 0 1 0.557
49330 1658492910 0 6 0.12
49331 1658492910 0 8 4.997 12.323 11.89
49332 1658492910 0 0 27.89 8.21 107.2 67.97 129.5 7.90 15.4 0.0 299.1 1.92 46.26 1.2
49334 1658492912 0 3 2.720 0.005
49335 1658492912 0 1 0.581
49342 1658492914 0 7 $GNGGA,122835.000,4424.03719,N,00855.21439,E,1,14,0.7,-2.4,M,44.7,M,,*6C
49343 1658492915 0 1 0.486
49351 1658492917 0 7 $GNGGA,122838.000,4424.03987,N,00855.21430,E,1,14,0.7,-2.6,M,44.7,M,,*63
49352 1658492918 0 3 2.718 0.005
49357 1658492919 0 8 4.997 12.332 11.91
49358 1658492919 0 0 27.84 8.21 107.3 67.83 129.4 7.91 15.4 0.0 299.0 1.84 46.15 1.2
49359 1658492919 0 7 $GNGGA,122839.000,4424.04068,N,00855.21443,E,1,14,0.7,-2.9,M,44.7,M,,*66
49360 1658492920 0 7 $GNGGA,122841.000,4424.04265,N,00855.21419,E,1,14,0.7,-3.3,M,44.7,M,,*62
49361 1658492921 0 1 0.794
49362 1658492921 0 3 2.718 0.005
49369 1658492923 0 7 $GNGGA,122844.000,4424.04533,N,00855.21368,E,1,14,0.7,-3.4,M,44.7,M,,*65
49370 1658492924 0 1 0.648
49372 1658492925 0 4 2.565 1.593
49373 1658492925 0 5 0.06
49374 1658492925 0 6 0.12
49378 1658492926 0 7 $GNGGA,122847.000,4424.04797,N,00855.21329,E,1,14,0.7,-3.1,M,44.7,M,,*6A
49379 1658492927 0 1 1.306
49384 1658492928 0 8 4.997 12.323 11.91
49385 1658492928 0 0 27.65 8.22 107.4 67.81 129.4 7.93 15.4 0.0 302.4 1.86 46.13 1.2
49386 1658492928 0 7 $GNGGA,122848.000,4424.04882,N,00855.21319,E,1,14,0.7,-3.1,M,44.7,M,,*6D
49388 1658492930 0 1 0.672
49389 1658492930 0 3 2.713 0.005
49396 1658492933 0 3 2.716 0.005
49398 1658492934 0 4 2.565 1.638
49399 1658492934 0 5 0.06
49400 1658492934 0 6 0.12
49405 1658492936 0 1 0.634
49412 1658492937 0 7 $GNGGA,122857.000,4424.05646,N,00855.21201,E,1,14,0.7,-2.4,M,44.7,M,,*68
49413 1658492938 0 7 $GNGGA,122859.000,4424.05827,N,00855.21170,E,1,14,0.7,-2.4,M,44.7,M,,*6A
49414 1658492939 0 3 2.713 0.005
49415 1658492939 0 1 0.656
49416 1658492940 0 4 2.565 1.638
49422 1658492941 0 7 $GNGGA,122902.000,4424.06090,N,00855.21124,E,1,14,0.7,-2.0,M,44.7,M,,*67
49423 1658492942 0 1 0.620
49426 1658492943 0 5 0.06
49427 1658492943 0 6 0.12
49428 1658492943 0 8 4.997 12.135 11.89
49433 1658492945 0 1 0.667
49440 1658492947 0 7 $GNGGA,122908.000,4424.06627,N,00855.21045,E,1,14,0.7,-2.1,M,44.7,M,,*60
49441 1658492948 0 1 0.729
49442 1658492948 0 3 2.713 0.005
49449 1658492950 0 7 $GNGGA,122911.000,4424.06894,N,00855.21018,E,1,14,0.7,-2.1,M,44.7,M,,*66
49450 1658492951 0 1 0.642
49456 1658492952 0 0 27.56 8.22 107.5 67.83 129.2 7.93 15.3 0.0 299.8 1.73 46.16 1.2
49457 1658492953 0 7 $GNGGA,122912.000,4424.06982,N,00855.21009,E,1,14,0.7,-2.1,M,44.7,M,,*63
49458 1658492954 0 1 1.197
49459 1658492954 0 3 2.706 0.005
49466 1658492956 0 7 $GNGGA,122917.000,4424.07408,N,00855.20967,E,1,14,0.7,-2.4,M,44.7,M,,*6D
49467 1658492957 0 1 0.651
49468 1658492957 0 3 2.715 0.005
49470 1658492958 0 5 0.06
49477 1658492960 0 1 0.730
49478 1658492961 0 4 2.565 1.618
49481 1658492961 0 8 4.997 12.332 11.89
49482 1658492961 0 0 27.55 8.22 107.5 67.88 129.2 7.94 15.3 0.0 298.1 1.77 46.19 1.2
49483 1658492961 0 7 $GNGGA,122921.000,4424.07741,N,00855.20969,E,1,14,0.7,-2.6,M,44.7,M,,*6A
49485 1658492963 0 1 0.626
49493 1658492965 0 7 $GNGGA,122926.000,4424.08140,N,00855.21004,E,1,14,0.7,-3.0,M,44.7,M,,*61
49495 1658492966 0 1 0.695
49496 1658492967 0 4 2.565 1.611
49502 1658492968 0 7 $GNGGA,122929.000,4424.08390,N,00855.21026,E,1,14,0.7,-3.3,M,44.7,M,,*62
49503 1658492969 0 1 0.687
49507 1658492970 0 6 0.12
49508 1658492970 0 8 4.997 12.332 11.89
49509 1658492970 0 0 27.71 8.22 107.6 68.00 129.3 7.92 15.3 0.0 291.8 1.90 46.29 1.2
49510 1658492970 0 7 $GNGGA,122930.000,4424.08474,N,00855.21040,E,1,14,0.7,-3.4,M,44.7,M,,*60
49512 1658492972 0 3 2.721 0.005
49513 1658492972 0 1 0.635
49520 1658492975 0 1 0.774
49521 1658492975 0 3 2.721 0.005
49522 1658492976 0 4 2.565 1.623
49523 1658492976 0 5 0.06
49529 1658492978 0 1 0.706
49536 1658492979 0 7 $GNGGA,122939.000,4424.09256,N,00855.21062,E,1,14,0.7,-3.7,M,44.7,M,,*6D
49537 1658492980 0 7 $GNGGA,122941.000,4424.09443,N,00855.21064,E,1,14,0.7,-4.0,M,44.7,M,,*66
49546 1658492983 0 7 $GNGGA,122944.000,4424.09716,N,00855.21065,E,1,14,0.7,-4.1,M,44.7,M,,*60
49547 1658492984 0 1 0.703
49549 1658492985 0 4 2.565 1.608
49550 1658492985 0 5 0.06
49555 1658492986 0 7 $GNGGA,122947.000,4424.10006,N,00855.21077,E,1,14,0.7,-4.5,M,44.7,M,,*6A
49556 1658492987 0 3 2.723 0.005
49563 1658492988 0 7 $GNGGA,122948.000,4424.10102,N,00855.21085,E,1,14,0.7,-4.7,M,44.7,M,,*6F
49564 1658492989 0 7 $GNGGA,122950.000,4424.10289,N,00855.21100,E,1,14,0.7,-5.0,M,44.7,M,,*6C
49566 1658492991 0 3 2.725 0.005
49574 1658492993 0 3 2.721 0.005
49575 1658492993 0 1 0.574
49576 1658492994 0 4 2.565 1.606
49579 1658492994 0 8 4.997 12.332 11.91
49582 1658492996 0 1 0.586
49589 1658492997 0 7 $GNGGA,122957.000,4424.10914,N,00855.21076,E,1,14,0.7,-4.1,M,44.7,M,,*64
49590 1658492998 0 2 0.07500000 5.60230016 1.54630002 0.04310000 2.67470002 0.00480000 0.07400000 0.33239998 1.00000000 84.33000183
49592 1658492999 0 3 2.723 0.005
49593 1658492999 0 1 0.688
49599 1658493001 0 7 $GNGGA,123000.000,4424.11191,N,00855.21038,E,1,14,0.7,-4.0,M,44.7,M,,*61
49600 1658493002 0 1 0.789
49601 1658493002 0 3 2.720 0.005
49603 1658493003 0 5 0.06
49604 1658493003 0 6 0.11
49605 1658493003 0 8 4.997 12.332 11.89
49606 1658493003 0 0 27.68 8.22 107.6 67.87 129.5 7.94 15.3 0.0 288.1 1.95 46.18 1.2
49609 1658493005 0 1 0.727
49616 1658493006 0 7 $GNGGA,123006.000,4424.11717,N,00855.21000,E,1,14,0.7,-3.7,M,44.7,M,,*64
49617 1658493007 0 7 $GNGGA,123008.000,4424.11888,N,00855.20967,E,1,14,0.7,-3.8,M,44.7,M,,*65
49619 1658493008 0 3 2.722 0.005
49620 1658493009 0 4 2.565 1.606
49627 1658493011 0 1 0.708
49629 1658493012 0 4 2.565 1.606
49630 1658493012 0 5 0.06
49631 1658493012 0 6 0.12
49632 1658493012 0 8 4.997 12.323 11.91
49637 1658493014 0 1 0.695
49644 1658493016 0 7 $GNGGA,123017.000,4424.12615,N,00855.20720,E,1,14,0.7,-3.0,M,44.7,M,,*67
49645 1658493017 0 1 0.593
49646 1658493017 0 3 2.716 0.005
49653 1658493019 0 7 $GNGGA,123020.000,4424.12883,N,00855.20617,E,1,14,0.7,-3.3,M,44.7,M,,*64
49654 1658493020 0 3 2.717 0.005
49657 1658493021 0 5 0.06
49658 1658493021 0 6 0.12
49659 1658493021 0 8 4.997 12.323 11.89
49662 1658493023 0 1 0.581
49663 1658493023 0 3 2.715 0.005
49669 1658493024 0 7 $GNGGA,123024.000,4424.13229,N,00855.20512,E,1,14,0.7,-4.7,M,44.7,M,,*6E
49670 1658493025 0 7 $GNGGA,123026.000,4424.13380,N,00855.20447,E,1,14,0.7,-4.7,M,44.7,M,,*6F
49671 1658493026 0 3 2.718 0.005
49673 1658493027 0 4 2.565 1.606
49674 1658493027 0 5 0.06
49675 1658493027 0 6 0.12
49680 1658493029 0 1 0.713
49687 1658493030 0 7 $GNGGA,123030.000,4424.13717,N,00855.20293,E,1,14,0.7,-4.8,M,44.7,M,,*62
49688 1658493031 0 7 $GNGGA,123032.000,4424.13906,N,00855.20226,E,1,14,0.7,-4.9,M,44.7,M,,*61
49690 1658493033 0 3 2.717 0.005
49697 1658493034 0 7 $GNGGA,123035.000,4424.14152,N,00855.20176,E,1,14,0.7,-4.8,M,44.7,M,,*6F
49698 1658493035 0 1 1.190
49701 1658493036 0 5 0.06
49702 1658493036 0 6 0.12
49704 1658493036 0 0 27.77 8.21 107.8 67.98 129.7 7.93 15.3 0.0 284.7 1.83 46.27 1.2
49705 1658493036 0 7 $GNGGA,123036.000,4424.14241,N,00855.20167,E,1,14,0.7,-5.0,M,44.7,M,,*64
49707 1658493038 0 1 0.647
49708 1658493038 0 3 2.716 0.005
49716 1658493041 0 3 2.716 0.005
49717 1658493041 0 1 0.703
49722 1658493042 0 0 27.86 8.21 107.8 67.94 129.7 7.92 15.3 0.0 283.3 1.87 46.23 1.2
49723 1658493043 0 7 $GNGGA,123042.000,4424.14763,N,00855.20076,E,1,14,0.7,-4.7,M,44.7,M,,*65
49724 1658493044 0 1 0.639
49727 1658493045 0 5 0.06
49728 1658493045 0 6 0.12
49729 1658493045 0 8 4.997 12.323 11.91
49730 1658493045 0 0 27.79 8.21 107.8 68.00 129.6 7.92 15.3 0.0 281.7 1.85 46.28 1.2
49732 1658493046 0 7 $GNGGA,123047.000,4424.15214,N,00855.19998,E,1,14,0.7,-4.7,M,44.7,M,,*67
49733 1658493047 0 3 2.717 0.005
49734 1658493047 0 1 0.728
49740 1658493048 0 7 $GNGGA,123048.000,4424.15293,N,00855.19987,E,1,14,0.7,-4.7,M,44.7,M,,*69
49741 1658493049 0 7 $GNGGA,123050.000,4424.15462,N,00855.19980,E,1,14,0.7,-4.9,M,44.7,M,,*61
49742 1658493050 0 1 0.730
49743 1658493050 0 3 2.718 0.005
49750 1658493052 0 7 $GNGGA,123053.000,4424.15746,N,00855.20006,E,1,14,0.7,-4.9,M,44.7,M,,*6A
49753 1658493054 0 4 2.565 1.603
49754 1658493054 0 5 0.06
49755 1658493054 0 6 0.12
49756 1658493054 0 8 4.997 12.323 11.89
49760 1658493056 0 1 1.105
49768 1658493058 0 7 $GNGGA,123059.000,4424.16276,N,00855.19979,E,1,14,0.7,-4.9,M,44.7,M,,*6E
49770 1658493059 0 3 2.717 0.005
49771 1658493060 0 4 2.565 1.603
49777 1658493061 0 7 $GNGGA,123102.000,4424.16549,N,00855.19935,E,1,14,0.7,-4.9,M,44.7,M,,*62
49778 1658493062 0 1 1.499
49779 1658493062 0 3 2.715 0.005
49781 1658493063 0 5 0.06
49782 1658493063 0 6 0.12
49783 1658493063 0 8 4.997 12.144 11.91
49784 1658493063 0 0 27.36 8.22 107.9 67.80 129.2 7.96 15.4 0.0 292.1 1.90 46.14 1.2
49786 1658493065 0 1 0.811
49787 1658493065 0 3 2.719 0.005
49793 1658493066 0 7 $GNGGA,123106.000,4424.16888,N,00855.19831,E,1,14,0.7,-5.1,M,44.7,M,,*6A
49794 1658493067 0 7 $GNGGA,123108.000,4424.17065,N,00855.19814,E,1,14,0.7,-5.0,M,44.7,M,,*68
49796 1658493068 0 1 0.817
49803 1658493070 0 7 $GNGGA,123111.000,4424.17345,N,00855.19745,E,1,14,0.7,-4.8,M,44.7,M,,*63
49804 1658493071 0 1 0.833
49805 1658493071 0 3 2.714 0.005
49809 1658493072 0 8 4.997 12.332 11.89
49810 1658493072 0 0 27.31 8.22 107.9 67.73 129.2 7.97 15.4 0.0 289.3 1.84 46.09 1.2
49811 1658493072 0 7 $GNGGA,123112.000,4424.17448,N,00855.19739,E,1,14,0.7,-4.7,M,44.7,M,,*6E
49813 1658493074 0 3 2.710 0.005
49814 1658493074 0 1 0.859
49821 1658493076 0 7 $GNGGA,123117.000,4424.17867,N,00855.19562,E,1,14,0.7,-3.5,M,44.7,M,,*63
49822 1658493077 0 1 0.812
49824 1658493078 0 4 2.565 1.584
49825 1658493078 0 5 0.06
49826 1658493078 0 6 0.12
49832 1658493080 0 1 0.839
49837 1658493081 0 0 27.44 8.22 107.9 67.80 129.2 7.95 15.3 0.0 287.7 1.84 46.13 1.1
49838 1658493081 0 7 $GNGGA,123121.000,4424.18214,N,00855.19498,E,1,14,0.7,-3.0,M,44.7,M,,*66
49839 1658493082 0 7 $GNGGA,123123.000,4424.18395,N,00855.19490,E,1,14,0.7,-3.0,M,44.7,M,,*64
49840 1658493083 0 1 1.080
49841 1658493083 0 3 2.714 0.005
49846 1658493084 0 0 27.36 8.22 108.0 67.86 129.1 7.95 15.3 0.0 282.7 1.88 46.19 1.2
49848 1658493086 0 1 0.836
49856 1658493088 0 7 $GNGGA,123129.000,4424.18945,N,00855.19435,E,1,14,0.7,-3.1,M,44.7,M,,*67
49857 1658493089 0 1 1.513
49863 1658493090 0 0 27.43 8.22 107.9 67.82 129.1 7.94 15.3 0.0 284.9 1.87 46.16 1.2
49864 1658493090 0 7 $GNGGA,123130.000,4424.19029,N,00855.19435,E,1,14,0.7,-3.1,M,44.7,M,,*6D
49866 1658493092 0 1 0.798
49867 1658493092 0 3 2.717 0.005
49874 1658493094 0 7 $GNGGA,123135.000,4424.19466,N,00855.19456,E,1,14,0.7,-2.6,M,44.7,M,,*64
49875 1658493095 0 3 2.718 0.005
49877 1658493096 0 4 2.565 1.583
49878 1658493096 0 5 0.06
49879 1658493096 0 6 0.11
49884 1658493098 0 1 0.777
49891 1658493099 0 7 $GNGGA,123139.000,4424.19841,N,00855.19455,E,1,14,0.7,-3.1,M,44.7,M,,*64
49892 1658493100 0 7 $GNGGA,123141.000,4424.20037,N,00855.19452,E,1,14,0.7,-3.3,M,44.7,M,,*6D
49893 1658493101 0 3 2.714 0.005
49894 1658493101 0 1 0.899
49895 1658493102 0 4 2.565 1.583
49901 1658493103 0 7 $GNGGA,123144.000,4424.20321,N,00855.19394,E,1,14,0.7,-3.7,M,44.7,M,,*65
49902 1658493104 0 1 0.802
49905 1658493105 0 5 0.06
49906 1658493105 0 6 0.11
49907 1658493105 0 8 4.997 12.323 11.91
49910 1658493107 0 3 2.718 0.005
49911 1658493107 0 1 0.867
49917 1658493108 0 7 $GNGGA,123148.000,4424.20671,N,00855.19332,E,1,14,0.7,-4.4,M,44.7,M,,*61
49918 1658493109 0 7 $GNGGA,123150.000,4424.20854,N,00855.19268,E,1,14,0.7,-5.0,M,44.7,M,,*6A
49919 1658493110 0 1 1.063
49920 1658493110 0 3 2.720 0.005
49921 1658493111 0 4 2.565 1.586
49927 1658493112 0 7 $GNGGA,123153.000,4424.21139,N,00855.19226,E,1,14,0.7,-5.3,M,44.7,M,,*63
49928 1658493113 0 1 0.824
49933 1658493114 0 8 4.997 12.323 11.89
49934 1658493114 0 0 27.36 8.22 107.9 67.69 129.1 7.96 15.3 0.0 278.3 1.93 46.05 1.2
49935 1658493114 0 7 $GNGGA,123154.000,4424.21229,N,00855.19219,E,1,14,0.7,-5.4,M,44.7,M,,*6D
49938 1658493116 0 3 2.715 0.005
49945 1658493118 0 2 0.07050001 5.81069993 1.71790003 0.04470000 2.74889993 0.00460000 0.07910000 0.31220002 1.00000000 83.35700225
49947 1658493119 0 3 2.718 0.005
49948 1658493120 0 4 2.565 1.586
49954 1658493121 0 7 $GNGGA,123202.000,4424.21922,N,00855.19054,E,1,14,0.7,-5.6,M,44.7,M,,*64
49964 1658493125 0 1 0.773
49965 1658493125 0 3 2.721 0.005
49970 1658493126 0 0 27.30 8.22 107.9 67.80 129.3 7.97 15.3 0.0 274.8 1.94 46.14 1.1
49972 1658493128 0 3 2.718 0.005
49974 1658493129 0 4 2.565 1.591
49980 1658493130 0 7 $GNGGA,123211.000,4424.22728,N,00855.18875,E,1,14,0.7,-6.7,M,44.7,M,,*69
49981 1658493131 0 1 0.749
49986 1658493132 0 8 4.997 12.332 11.89
49987 1658493132 0 0 27.34 8.22 107.9 67.76 129.4 7.98 15.3 0.0 270.0 1.93 46.11 1.1
49988 1658493132 0 7 $GNGGA,123212.000,4424.22818,N,00855.18842,E,1,14,0.7,-6.8,M,44.7,M,,*6D
49990 1658493134 0 3 2.721 0.005
49991 1658493134 0 1 0.790
49998 1658493136 0 7 $GNGGA,123217.000,4424.23226,N,00855.18695,E,1,14,0.7,-6.5,M,44.7,M,,*67
49999 1658493137 0 1 0.964
50001 1658493138 0 4 2.565 1.588
50002 1658493138 0 5 0.06
50003 1658493138 0 6 0.11
50007 1658493140 0 1 0.759
50013 1658493141 0 0 27.39 8.22 108.0 67.66 129.7 7.99 15.3 0.0 268.5 1.88 46.03 1.2
50014 1658493142 0 7 $GNGGA,123221.000,4424.23551,N,00855.18564,E,1,14,0.7,-6.5,M,44.7,M,,*68
50015 1658493143 0 1 1.462
50016 1658493143 0 3 2.716 0.005
50025 1658493146 0 3 2.718 0.005
50026 1658493147 0 4 2.564 1.581
50027 1658493147 0 5 0.06
50029 1658493147 0 8 4.997 12.332 11.89
50034 1658493149 0 1 0.792
50040 1658493150 0 7 $GNGGA,123230.000,4424.24284,N,00855.18316,E,1,14,0.7,-6.7,M,44.7,M,,*61
50041 1658493151 0 7 $GNGGA,123232.000,4424.24449,N,00855.18224,E,1,14,0.7,-6.9,M,44.7,M,,*6A
50042 1658493152 0 1 0.758
50043 1658493152 0 3 2.717 0.005
50050 1658493154 0 7 $GNGGA,123235.000,4424.24724,N,00855.18154,E,1,14,0.7,-6.7,M,44.7,M,,*6F
50054 1658493156 0 5 0.06
50055 1658493156 0 6 0.11
50056 1658493156 0 8 4.997 12.323 11.89
50057 1658493156 0 0 27.42 8.22 107.9 67.76 130.3 8.02 15.3 0.0 263.8 1.86 46.10 1.2
50061 1658493158 0 3 2.714 0.005
50062 1658493159 0 4 2.564 1.581
50068 1658493160 0 7 $GNGGA,123241.000,4424.25257,N,00855.17983,E,1,14,0.7,-6.3,M,44.7,M,,*65
50070 1658493161 0 1 0.764
50071 1658493162 0 4 2.564 1.581
50073 1658493162 0 6 0.11
50077 1658493164 0 1 0.925
50082 1658493165 0 8 4.997 12.332 11.89
50083 1658493165 0 0 27.50 8.22 107.9 67.76 130.4 8.02 15.2 0.0 258.5 1.89 46.11 1.2
50084 1658493165 0 7 $GNGGA,123245.000,4424.25616,N,00855.17911,E,1,14,0.7,-6.6,M,44.7,M,,*6E
50085 1658493166 0 7 $GNGGA,123247.000,4424.25809,N,00855.17864,E,1,14,0.7,-6.4,M,44.7,M,,*6D
50086 1658493167 0 1 0.744
50087 1658493167 0 3 2.714 0.005
50093 1658493168 0 7 $GNGGA,123248.000,4424.25891,N,00855.17852,E,1,14,0.7,-6.4,M,44.7,M,,*66
50096 1658493170 0 3 2.718 0.005
50098 1658493171 0 5 0.06
50103 1658493172 0 7 $GNGGA,123253.000,4424.26301,N,00855.17695,E,1,14,0.7,-6.0,M,44.7,M,,*6C
50104 1658493173 0 1 0.825
50109 1658493174 0 8 4.997 12.332 11.89
50110 1658493174 0 0 27.41 8.22 107.9 67.64 130.8 8.06 15.2 0.0 258.5 1.84 46.02 1.2
50111 1658493174 0 7 $GNGGA,123254.000,4424.26378,N,00855.17663,E,1,14,0.7,-6.0,M,44.7,M,,*6C
50114 1658493176 0 1 0.938
50121 1658493179 0 1 0.859
50122 1658493179 0 3 2.715 0.005
50123 1658493180 0 4 2.564 1.586
50129 1658493181 0 7 $GNGGA,123302.000,4424.27015,N,00855.17324,E,1,14,0.7,-4.5,M,44.7,M,,*66
50130 1658493182 0 3 2.713 0.005
50135 1658493183 0 8 4.997 12.154 11.89
50136 1658493184 0 0 27.19 8.22 108.0 67.79 131.1 8.10 15.3 0.0 261.8 1.79 46.14 1.1
50138 1658493185 0 1 0.816
50139 1658493185 0 3 2.713 0.005
50146 1658493187 0 7 $GNGGA,123308.000,4424.27522,N,00855.17069,E,1,13,0.8,-3.5,M,44.7,M,,*68
50147 1658493188 0 3 2.714 0.005
50149 1658493189 0 4 2.564 1.588
50150 1658493189 0 5 0.06
50151 1658493189 0 6 0.11
50156 1658493191 0 1 1.050
50163 1658493192 0 7 $GNGGA,123312.000,4424.27845,N,00855.16879,E,1,13,0.8,-2.6,M,44.7,M,,*65
50164 1658493193 0 7 $GNGGA,123314.000,4424.28009,N,00855.16789,E,1,13,0.8,-2.3,M,44.7,M,,*69
50166 1658493194 0 3 2.713 0.005
50167 1658493195 0 4 2.565 1.588
50173 1658493196 0 7 $GNGGA,123317.000,4424.28268,N,00855.16665,E,1,13,0.8,-1.9,M,44.7,M,,*65
50174 1658493197 0 1 1.521
50177 1658493198 0 5 0.06
50182 1658493200 0 1 0.910
50183 1658493200 0 3 2.714 0.005
50190 1658493202 0 7 $GNGGA,123323.000,4424.28785,N,00855.16436,E,1,13,0.8,-2.2,M,44.7,M,,*68
50192 1658493203 0 1 0.885
50199 1658493206 0 1 0.813
50204 1658493207 0 8 4.997 12.323 11.89
50205 1658493207 0 0 27.30 8.22 108.0 67.83 131.6 8.12 15.3 0.0 254.6 1.82 46.16 1.2
50206 1658493207 0 7 $GNGGA,123327.000,4424.29136,N,00855.16295,E,1,13,0.8,-2.7,M,44.7,M,,*69
50208 1658493209 0 3 2.715 0.005
50209 1658493209 0 1 0.881
50216 1658493211 0 7 $GNGGA,123332.000,4424.29557,N,00855.16145,E,1,13,0.8,-2.6,M,44.7,M,,*61
50217 1658493212 0 1 0.811
50219 1658493213 0 4 2.564 1.593
50225 1658493215 0 3 2.711 0.005
50226 1658493215 0 1 0.830
50232 1658493216 0 7 $GNGGA,123336.000,4424.29903,N,00855.16022,E,1,13,0.8,-2.3,M,44.7,M,,*6D
50233 1658493217 0 7 $GNGGA,123338.000,4424.30080,N,00855.15953,E,1,13,0.8,-2.5,M,44.7,M,,*63
50234 1658493218 0 1 0.852
50235 1658493218 0 3 2.710 0.005
50242 1658493220 0 7 $GNGGA,123341.000,4424.30341,N,00855.15856,E,1,13,0.8,-2.5,M,44.7,M,,*67
50243 1658493221 0 1 0.820
50246 1658493222 0 5 0.06
50247 1658493222 0 6 0.11
50248 1658493222 0 8 4.997 12.304 11.89
50253 1658493224 0 3 2.715 0.005
50259 1658493225 0 7 $GNGGA,123345.000,4424.30699,N,00855.15714,E,1,13,0.8,-2.4,M,44.7,M,,*6B
50260 1658493226 0 7 $GNGGA,123347.000,4424.30879,N,00855.15651,E,1,13,0.8,-2.5,M,44.7,M,,*68
50261 1658493227 0 1 0.775
50262 1658493227 0 3 2.713 0.005
50268 1658493228 0 7 $GNGGA,123348.000,4424.30963,N,00855.15613,E,1,13,0.8,-2.4,M,44.7,M,,*6A
50269 1658493229 0 7 $GNGGA,123350.000,4424.31145,N,00855.15538,E,1,13,0.8,-2.3,M,44.7,M,,*63
50270 1658493230 0 3 2.709 0.005
50273 1658493231 0 5 0.06
50274 1658493231 0 6 0.11
50275 1658493231 0 8 4.997 12.266 11.89
50279 1658493233 0 1 0.787
50280 1658493233 0 3 2.714 0.005
50284 1658493234 0 8 4.997 12.257 11.91
50287 1658493236 0 3 2.714 0.005
50288 1658493236 0 1 0.746
50296 1658493239 0 1 0.693
50299 1658493240 0 5 0.06
50300 1658493240 0 6 0.11
50301 1658493240 0 8 4.997 12.266 11.89
50302 1658493240 0 0 27.65 8.22 107.9 67.77 132.2 8.11 15.1 0.0 243.3 1.83 46.11 1.2
50305 1658493242 0 1 0.805
50311 1658493243 0 7 $GNGGA,123403.000,4424.32295,N,00855.15060,E,1,13,0.8,-1.7,M,44.7,M,,*60
50312 1658493244 0 7 $GNGGA,123405.000,4424.32474,N,00855.14990,E,1,14,0.7,-2.0,M,44.7,M,,*64
50313 1658493245 0 1 0.895
50314 1658493245 0 3 2.712 0.005
50320 1658493246 0 7 $GNGGA,123406.000,4424.32559,N,00855.14956,E,1,14,0.7,-2.0,M,44.7,M,,*63
50321 1658493247 0 7 $GNGGA,123408.000,4424.32726,N,00855.14876,E,1,14,0.7,-2.0,M,44.7,M,,*64
50322 1658493248 0 1 0.853
50324 1658493249 0 4 2.564 1.601
50325 1658493249 0 5 0.06
50326 1658493249 0 6 0.11
50330 1658493251 0 1 1.492
50331 1658493251 0 3 2.709 0.005
50340 1658493254 0 3 2.708 0.005
50347 1658493257 0 3 2.713 0.005
50350 1658493258 0 5 0.06
50351 1658493258 0 6 0.11
50352 1658493258 0 8 4.997 12.332 11.91
50353 1658493258 0 0 27.54 8.22 107.9 67.81 132.2 8.12 15.2 0.0 247.5 1.76 46.15 1.2
50356 1658493260 0 1 0.841
50357 1658493260 0 3 2.713 0.005
50364 1658493262 0 7 $GNGGA,123423.000,4424.34007,N,00855.14269,E,1,14,0.7,-1.0,M,44.7,M,,*68
50372 1658493264 0 7 $GNGGA,123424.000,4424.34098,N,00855.14227,E,1,14,0.7,-0.9,M,44.7,M,,*6B
50373 1658493265 0 7 $GNGGA,123426.000,4424.34284,N,00855.14139,E,1,14,0.7,-0.9,M,44.7,M,,*6A
50374 1658493266 0 1 0.838
50377 1658493267 0 5 0.06
50378 1658493267 0 6 0.11
50379 1658493267 0 8 4.997 12.332 11.91
50383 1658493269 0 3 2.716 0.005
50384 1658493269 0 1 0.869
50387 1658493270 0 6 0.11
50388 1658493270 0 8 4.997 12.323 11.89
50389 1658493271 0 0 27.45 8.22 107.8 67.82 132.3 8.14 15.2 0.0 249.8 1.80 46.15 1.2
50390 1658493271 0 7 $GNGGA,123430.000,4424.34666,N,00855.13946,E,1,14,0.7,-0.9,M,44.7,M,,*62
50391 1658493272 0 1 1.061
50392 1658493272 0 3 2.715 0.005
50400 1658493275 0 1 0.887
50403 1658493276 0 5 0.06
50404 1658493276 0 6 0.11
50405 1658493276 0 8 4.997 12.257 11.91
50406 1658493276 0 0 27.47 8.22 107.9 67.81 132.3 8.14 15.2 0.0 249.0 1.84 46.14 1.2
50409 1658493278 0 1 1.537
50410 1658493278 0 3 2.711 0.005
50417 1658493280 0 7 $GNGGA,123441.000,4424.35619,N,00855.13411,E,1,14,0.7,-0.4,M,44.7,M,,*6F
50418 1658493281 0 1 0.858
50425 1658493282 0 7 $GNGGA,123442.000,4424.35701,N,00855.13352,E,1,14,0.7,-0.4,M,44.7,M,,*64
50426 1658493283 0 7 $GNGGA,123444.000,4424.35863,N,00855.13239,E,1,14,0.7,-0.5,M,44.7,M,,*64
50427 1658493284 0 3 2.716 0.005
50428 1658493284 0 1 0.877
50429 1658493285 0 4 2.564 1.611
50430 1658493285 0 5 0.06
50431 1658493285 0 6 0.11
50432 1658493285 0 8 4.997 12.285 11.91
50433 1658493285 0 0 27.50 8.22 107.8 67.71 132.2 8.13 15.1 0.0 249.1 1.83 46.07 1.1
50434 1658493285 0 7 $GNGGA,123445.000,4424.35944,N,00855.13183,E,1,14,0.7,-0.5,M,44.7,M,,*63
50435 1658493286 0 7 $GNGGA,123447.000,4424.36117,N,00855.13089,E,1,14,0.7,-0.6,M,44.7,M,,*64
50436 1658493287 0 1 0.799
50437 1658493287 0 3 2.715 0.005
50438 1658493288 0 4 2.565 1.608
50439 1658493288 0 5 0.06
50440 1658493288 0 6 0.11
50441 1658493288 0 8 4.997 12.332 11.89
50442 1658493288 0 0 27.49 8.22 107.7 67.81 132.2 8.13 15.2 0.0 250.0 1.80 46.14 1.2
50443 1658493288 0 7 $GNGGA,123448.000,4424.36207,N,00855.13052,E,1,14,0.7,-0.5,M,44.7,M,,*6C
50444 1658493289 0 7 $GNGGA,123450.000,4424.36378,N,00855.12922,E,1,14,0.7,-0.7,M,44.7,M,,*61
50445 1658493290 0 3 2.713 0.005
50446 1658493290 0 1 0.822
50452 1658493292 0 7 $GNGGA,123451.000,4424.36463,N,00855.12876,E,1,14,0.7,-0.9,M,44.7,M,,*63
50453 1658493293 0 1 0.749
50454 1658493293 0 3 2.717 0.005
50456 1658493294 0 5 0.06
50457 1658493294 0 6 0.11
50458 1658493294 0 8 4.997 12.323 11.89
50459 1658493294 0 0 27.57 8.22 107.8 67.65 132.2 8.12 15.1 0.0 249.5 1.84 46.02 1.2
50462 1658493296 0 3 2.715 0.005
50463 1658493296 0 1 0.837
50470 1658493299 0 1 1.022
50471 1658493299 0 3 2.713 0.005
50472 1658493300 0 4 2.564 1.606
50474 1658493300 0 6 0.11
50480 1658493302 0 3 2.709 0.005
50482 1658493303 0 5 0.06
50483 1658493303 0 6 0.11
50484 1658493303 0 8 4.997 12.144 11.89
50485 1658493303 0 0 27.65 8.22 107.8 67.78 132.1 8.10 15.2 0.0 247.0 1.84 46.11 1.2
50488 1658493305 0 1 1.468
50489 1658493305 0 3 2.723 0.005
50493 1658493306 0 8 4.997 12.313 11.89
50495 1658493307 0 7 $GNGGA,123506.000,4424.37766,N,00855.12208,E,1,14,0.7,0.4,M,44.7,M,,*44
50496 1658493308 0 1 0.843
50497 1658493308 0 3 2.731 0.005
50505 1658493311 0 3 2.734 0.005
50510 1658493312 0 8 4.997 12.332 11.91
50511 1658493312 0 0 27.69 8.22 107.7 67.83 132.0 8.09 15.2 0.0 248.7 2.25 46.15 1.2
50512 1658493312 0 7 $GNGGA,123512.000,4424.38244,N,00855.11921,E,1,14,0.7,0.5,M,44.7,M,,*49
50514 1658493314 0 1 0.866
50515 1658493314 0 3 2.737 0.005
50522 1658493316 0 7 $GNGGA,123517.000,4424.38597,N,00855.11726,E,1,14,0.7,0.4,M,44.7,M,,*4D
50524 1658493317 0 1 0.883
50525 1658493318 0 4 2.566 1.606
50526 1658493318 0 5 0.06
50527 1658493318 0 6 0.12
50528 1658493318 0 8 4.997 12.069 11.89
50529 1658493318 0 0 27.73 8.22 107.7 67.84 131.9 8.08 15.1 0.0 249.4 2.47 46.16 1.2
50530 1658493318 0 7 $GNGGA,123518.000,4424.38662,N,00855.11685,E,1,14,0.7,0.6,M,44.7,M,,*41
50531 1658493320 0 1 0.846
50536 1658493321 0 8 4.997 12.266 11.89
50537 1658493321 0 0 27.72 8.22 107.7 67.83 131.8 8.07 15.0 0.0 251.1 2.58 46.15 1.2
50538 1658493322 0 7 $GNGGA,123521.000,4424.38868,N,00855.11591,E,1,14,0.7,0.0,M,44.7,M,,*4F
50539 1658493323 0 3 2.740 0.005
50540 1658493323 0 1 0.838
50548 1658493326 0 3 2.740 0.005
50550 1658493327 0 5 0.06
50551 1658493327 0 6 0.18
50552 1658493327 0 8 4.997 12.266 11.89
50553 1658493327 0 0 27.71 8.22 107.7 67.81 131.8 8.08 15.1 0.0 253.5 2.72 46.13 1.2
50555 1658493329 0 1 0.899
50560 1658493330 0 8 4.997 12.276 11.91
50562 1658493331 0 7 $GNGGA,123530.000,4424.39410,N,00855.11276,E,1,14,0.7,0.1,M,44.7,M,,*42
50563 1658493332 0 1 1.522
50564 1658493332 0 3 2.742 0.005
50565 1658493333 0 4 2.567 1.611
50571 1658493334 0 7 $GNGGA,123535.000,4424.39714,N,00855.11098,E,1,14,0.7,-0.7,M,44.7,M,,*69
50572 1658493335 0 1 0.865
50577 1658493336 0 8 4.997 12.266 11.91
50578 1658493336 0 0 27.75 8.21 107.7 67.86 131.7 8.06 15.0 0.0 262.7 2.89 46.18 1.2
50580 1658493338 0 3 2.742 0.005
50581 1658493338 0 1 0.875
50588 1658493341 0 1 0.885
50590 1658493342 0 4 2.567 1.636
50591 1658493342 0 5 0.06
50592 1658493342 0 6 0.12
50597 1658493344 0 3 2.743 0.005
50598 1658493344 0 1 1.029
50600 1658493345 0 5 0.06
50601 1658493345 0 6 0.12
50602 1658493345 0 8 4.997 12.276 11.91
50603 1658493346 0 0 27.49 8.22 107.7 67.85 131.7 8.10 15.0 0.0 274.0 2.99 46.17 1.1
50605 1658493347 0 1 0.927
50606 1658493347 0 3 2.743 0.005
50610 1658493348 0 8 4.997 12.276 11.89
50611 1658493348 0 0 27.34 8.21 107.8 67.91 131.7 8.11 15.1 0.0 275.8 3.00 46.23 1.1
50612 1658493348 0 7 $GNGGA,123548.000,4424.40392,N,00855.10723,E,1,14,0.7,-2.6,M,44.7,M,,*62
50613 1658493349 0 7 $GNGGA,123550.000,4424.40481,N,00855.10658,E,1,14,0.7,-2.5,M,44.7,M,,*60
50616 1658493351 0 4 2.568 1.631
50617 1658493351 0 5 0.06
50618 1658493351 0 6 0.12
50622 1658493353 0 1 1.077
50623 1658493353 0 3 2.743 0.005
50629 1658493354 0 7 $GNGGA,123554.000,4424.40660,N,00855.10521,E,1,14,0.7,-2.5,M,44.7,M,,*64
50631 1658493356 0 1 0.955
50632 1658493357 0 3 2.743 0.005
50639 1658493358 0 2 0.07400000 5.62330007 1.65999994 0.04330000 2.70199990 0.00510000 0.07650000 0.32780001 1.00000000 83.85800170
50640 1658493359 0 1 1.720
50642 1658493360 0 4 2.567 1.601
50649 1658493363 0 3 2.743 0.005
50653 1658493363 0 8 4.997 12.266 11.91
50654 1658493363 0 0 27.18 8.22 107.9 67.77 131.5 8.13 14.9 0.0 274.9 3.09 46.12 1.1
50655 1658493363 0 7 $GNGGA,123603.000,4424.41080,N,00855.10291,E,1,14,0.7,-1.9,M,44.7,M,,*6F
50657 1658493365 0 3 2.743 0.005
50658 1658493365 0 1 1.157
50663 1658493366 0 0 26.83 8.22 108.0 67.96 131.4 8.16 15.1 0.0 289.6 3.11 46.28 1.1
50665 1658493368 0 1 1.161
50667 1658493369 0 4 2.567 1.601
50668 1658493369 0 5 0.06
50669 1658493369 0 6 0.12
50673 1658493371 0 3 2.742 0.005
50674 1658493371 0 1 1.211
50679 1658493372 0 0 26.66 8.22 108.0 67.61 131.3 8.19 15.1 0.0 281.1 3.09 46.01 1.1
50680 1658493372 0 7 $GNGGA,123612.000,4424.41430,N,00855.10013,E,1,14,0.7,-1.6,M,44.7,M,,*67
50681 1658493374 0 1 1.143
50682 1658493375 0 3 2.741 0.005
50689 1658493377 0 1 1.270
50692 1658493378 0 5 0.06
50693 1658493378 0 6 0.12
50694 1658493378 0 8 4.997 12.323 11.89
50695 1658493378 0 0 26.63 8.22 108.0 67.71 131.2 8.19 15.0 0.0 279.2 3.14 46.09 1.1
50696 1658493378 0 7 $GNGGA,123618.000,4424.41680,N,00855.09890,E,1,14,0.7,-1.0,M,44.7,M,,*69
50697 1658493380 0 1 1.415
50698 1658493381 0 3 2.741 0.005
50705 1658493383 0 1 1.284
50706 1658493384 0 3 2.740 0.005
50707 1658493384 0 4 2.567 1.603
50713 1658493386 0 1 1.918
50717 1658493387 0 6 0.12
50718 1658493387 0 8 4.997 12.276 11.89
50719 1658493387 0 0 26.69 8.22 108.0 67.60 131.2 8.18 14.9 0.0 275.0 3.17 46.00 1.1
50720 1658493388 0 7 $GNGGA,123627.000,4424.42028,N,00855.09764,E,1,14,0.7,-1.5,M,44.7,M,,*63
50721 1658493389 0 1 1.222
50722 1658493390 0 3 2.740 0.005
50726 1658493390 0 8 4.997 12.276 11.91
50729 1658493392 0 3 2.740 0.005
50730 1658493393 0 4 2.566 1.603
50731 1658493393 0 5 0.06
50736 1658493395 0 1 1.296
50741 1658493396 0 8 4.997 12.266 11.89
50742 1658493396 0 0 26.63 8.22 108.0 67.68 131.3 8.19 14.9 0.0 276.2 3.20 46.07 1.1
50743 1658493396 0 7 $GNGGA,123636.000,4424.42364,N,00855.09674,E,1,14,0.7,-2.8,M,44.7,M,,*66
50744 1658493398 0 3 2.740 0.005
50745 1658493398 0 1 1.381
50752 1658493401 0 1 1.442
50761 1658493404 0 1 1.440
50766 1658493405 0 8 4.997 12.266 11.89
50767 1658493405 0 0 26.56 8.22 108.0 67.68 131.5 8.21 14.8 0.0 275.3 3.24 46.07 1.1
50768 1658493405 0 7 $GNGGA,123645.000,4424.42666,N,00855.09587,E,1,14,0.7,-4.0,M,44.7,M,,*64
50769 1658493407 0 1 1.587
50770 1658493408 0 3 2.740 0.005
50774 1658493408 0 8 4.997 12.266 11.89
50775 1658493409 0 0 26.54 8.22 108.1 67.71 131.6 8.22 14.8 0.0 275.2 3.26 46.10 1.1
50778 1658493411 0 3 2.740 0.005
50779 1658493411 0 4 2.565 1.603
50780 1658493411 0 5 0.05
50785 1658493413 0 1 2.202
50791 1658493414 0 0 26.53 8.23 108.1 67.71 131.8 8.24 14.8 0.0 273.3 3.26 46.10 1.1
50792 1658493414 0 7 $GNGGA,123654.000,4424.42824,N,00855.09533,E,1,14,0.7,-5.1,M,44.7,M,,*63
50793 1658493416 0 1 1.433
50794 1658493417 0 3 2.740 0.005
50801 1658493419 0 3 2.740 0.005
50807 1658493420 0 0 26.53 8.22 108.2 67.58 132.0 8.25 14.9 0.0 272.5 3.28 45.99 1.1
50809 1658493422 0 1 1.497
50810 1658493423 0 3 2.740 0.005
50815 1658493423 0 0 26.52 8.22 108.1 67.71 132.2 8.26 14.9 0.0 272.5 3.29 46.10 1.1
50816 1658493423 0 7 $GNGGA,123703.000,4424.42978,N,00855.09473,E,1,14,0.7,-5.7,M,44.7,M,,*6B
50817 1658493425 0 3 2.740 0.005
50824 1658493428 0 1 1.653
50826 1658493429 0 4 2.565 1.598
50827 1658493429 0 5 0.06
50828 1658493429 0 6 0.11
50829 1658493429 0 8 4.997 12.088 11.89
50832 1658493431 0 1 1.472
50838 1658493432 0 0 26.52 8.23 108.1 67.62 132.9 8.31 14.8 0.0 271.9 3.29 46.03 1.1
50839 1658493432 0 7 $GNGGA,123712.000,4424.43002,N,00855.09474,E,1,14,0.7,-5.6,M,44.7,M,,*68
50840 1658493434 0 1 1.728
50841 1658493435 0 3 2.740 0.005
50848 1658493437 0 1 1.476
50850 1658493438 0 4 2.565 1.598
50851 1658493438 0 5 0.05
50852 1658493438 0 6 0.11
50853 1658493438 0 8 4.997 12.069 11.87
50854 1658493438 0 0 26.52 8.23 108.2 67.65 133.4 8.34 14.8 0.0 270.7 3.30 46.05 1.1
50856 1658493440 0 1 2.186
50864 1658493443 0 1 1.500
50865 1658493444 0 3 2.740 0.005
50870 1658493444 0 0 26.52 8.23 108.1 67.68 133.8 8.36 14.7 0.0 270.1 3.27 46.07 1.1
50872 1658493446 0 3 2.740 0.005
50873 1658493446 0 1 1.514
50874 1658493447 0 4 2.565 1.596
50875 1658493447 0 5 0.05
50876 1658493447 0 6 0.11
50877 1658493447 0 8 4.997 12.257 11.89
50880 1658493449 0 1 1.418
50886 1658493450 0 0 26.54 8.23 108.2 67.56 134.0 8.38 14.7 0.0 269.0 3.28 45.98 1.1
50887 1658493450 0 7 $GNGGA,123730.000,4424.43365,N,00855.09065,E,1,14,0.7,-3.3,M,44.7,M,,*6D
50888 1658493452 0 3 2.740 0.005
50889 1658493452 0 1 1.482
50896 1658493455 0 1 1.419
50898 1658493456 0 4 2.565 1.593
50899 1658493456 0 5 0.06
50900 1658493456 0 6 0.11
50901 1658493456 0 8 4.997 12.266 11.89
50905 1658493458 0 3 2.740 0.005
50906 1658493458 0 1 1.811
50913 1658493461 0 1 2.334
50914 1658493462 0 3 2.740 0.005
50919 1658493462 0 0 26.54 8.23 108.2 67.60 134.3 8.39 14.6 0.0 267.8 3.27 46.01 1.1
50921 1658493464 0 1 2.429
50929 1658493467 0 1 2.771
50930 1658493468 0 3 2.739 0.005
50933 1658493468 0 6 0.11
50934 1658493468 0 8 4.997 12.266 11.91
50935 1658493469 0 0 26.60 8.23 108.2 67.46 134.2 8.38 14.6 0.0 265.1 3.24 45.90 1.1
50937 1658493470 0 1 2.009
50938 1658493471 0 3 2.740 0.005
50947 1658493474 0 4 2.566 1.591
50948 1658493474 0 5 0.05
50949 1658493474 0 6 0.11
50950 1658493474 0 8 4.997 12.276 11.89
50954 1658493477 0 3 2.739 0.005
50957 1658493477 0 6 0.11
50958 1658493477 0 8 4.997 12.276 11.89
50959 1658493478 0 0 26.60 8.22 108.2 67.61 134.6 8.40 14.6 0.0 264.6 3.19 46.02 1.1
50962 1658493479 0 3 2.739 0.005
50963 1658493479 0 1 2.391
50970 1658493482 0 1 2.653
50972 1658493483 0 4 2.566 1.588
50973 1658493483 0 5 0.05
50974 1658493483 0 6 0.11
50978 1658493485 0 3 2.738 0.005
50979 1658493486 0 1 2.484
50986 1658493488 0 1 2.302
50987 1658493489 0 3 2.739 0.005
50994 1658493491 0 1 2.342
50998 1658493492 0 6 0.11
50999 1658493492 0 8 4.997 12.266 11.91
51002 1658493494 0 1 3.102
51003 1658493494 0 3 2.738 0.005
51010 1658493497 0 1 2.657
51011 1658493497 0 3 2.738 0.005
51012 1658493498 0 4 2.566 1.593
51013 1658493498 0 5 0.06
51014 1658493498 0 6 0.11
51015 1658493498 0 8 4.997 12.276 11.91
51016 1658493498 0 0 26.71 8.23 108.2 67.68 135.2 8.42 14.6 0.0 264.6 3.09 46.06 1.1
51017 1658493498 0 7 $GNGGA,123818.000,4424.45257,N,00855.08817,E,1,14,0.7,-0.2,M,44.7,M,,*60
51019 1658493500 0 1 2.433
51026 1658493503 0 1 2.460
51027 1658493503 0 3 2.737 0.005
51034 1658493506 0 3 2.738 0.005
51035 1658493506 0 1 2.279
51036 1658493507 0 4 2.567 1.593
51037 1658493507 0 5 0.06
51038 1658493507 0 6 0.11
51042 1658493509 0 1 2.040
51048 1658493510 0 0 26.80 8.22 108.1 67.52 135.7 8.45 14.6 0.0 259.7 3.03 45.94 1.1
51049 1658493511 0 7 $GNGGA,123830.000,4424.45834,N,00855.09153,E,1,14,0.7,-0.7,M,44.7,M,,*68
51050 1658493512 0 3 2.736 0.005
51051 1658493512 0 1 2.423
51058 1658493515 0 1 2.593
51062 1658493516 0 6 0.11
51063 1658493516 0 8 4.997 12.276 11.91
51064 1658493516 0 0 26.79 8.22 108.1 67.56 135.9 8.46 14.6 0.0 261.6 3.02 45.97 1.1
51066 1658493518 0 1 2.270
51067 1658493518 0 3 2.736 0.005
51074 1658493521 0 1 2.887
51075 1658493521 0 3 2.736 0.005
51082 1658493524 0 1 2.339
51086 1658493525 0 6 0.11
51087 1658493525 0 8 4.997 12.266 11.91
51088 1658493525 0 0 26.84 8.22 108.0 67.57 136.3 8.48 14.7 0.0 260.6 2.98 45.98 1.1
51090 1658493527 0 3 2.736 0.005
51091 1658493527 0 1 2.385
51094 1658493528 0 6 0.11
51095 1658493528 0 8 4.997 12.276 11.89
51096 1658493528 0 0 26.83 8.22 108.0 67.47 136.3 8.48 14.6 0.0 260.5 2.95 45.90 1.1
51097 1658493528 0 7 $GNGGA,123848.000,4424.46691,N,00855.09682,E,1,14,0.7,-0.5,M,44.7,M,,*6C
51098 1658493530 0 1 1.913
51107 1658493533 0 1 2.184
51111 1658493534 0 8 4.997 12.276 11.91
51112 1658493534 0 0 26.87 8.22 107.9 67.62 136.4 8.48 14.7 0.0 261.5 2.96 46.02 1.1
51113 1658493534 0 7 $GNGGA,123854.000,4424.46984,N,00855.09880,E,1,14,0.7,-0.5,M,44.7,M,,*66
51114 1658493536 0 1 2.042
51115 1658493536 0 3 2.736 0.005
51122 1658493539 0 3 2.736 0.005
51124 1658493540 0 4 2.566 1.593
51125 1658493540 0 5 0.08
51128 1658493540 0 0 26.86 8.22 107.9 67.55 136.5 8.48 14.6 0.0 261.8 2.94 45.96 1.1
51130 1658493542 0 1 2.572
51137 1658493543 0 7 $GNGGA,123903.000,4424.47400,N,00855.10213,E,1,14,0.7,0.3,M,44.7,M,,*46
51138 1658493545 0 1 2.411
51139 1658493545 0 3 2.736 0.005
51146 1658493548 0 1 3.668
51147 1658493548 0 3 2.736 0.005
51149 1658493549 0 5 0.30
51150 1658493549 0 6 0.11
51151 1658493549 0 8 4.997 12.069 11.89
51154 1658493551 0 1 2.493
51155 1658493551 0 3 2.736 0.005
51162 1658493554 0 3 2.736 0.005
51163 1658493554 0 1 3.022
51166 1658493555 0 6 0.11
51170 1658493557 0 1 2.860
51171 1658493557 0 3 2.737 0.005
51175 1658493558 0 8 4.997 12.069 11.89
51177 1658493558 0 7 $GNGGA,123918.000,4424.48016,N,00855.10711,E,1,14,0.7,0.4,M,44.7,M,,*40
51179 1658493560 0 1 2.693
51186 1658493562 0 7 $GNGGA,123922.000,4424.48194,N,00855.10831,E,1,14,0.7,-0.1,M,44.7,M,,*67
51187 1658493562 0 7 $GNGGA,123923.000,4424.48233,N,00855.10866,E,1,14,0.7,-0.3,M,44.7,M,,*68
51188 1658493563 0 1 3.141
51191 1658493564 0 5 0.05
51192 1658493564 0 6 0.11
51196 1658493566 0 3 2.737 0.005
51203 1658493567 0 7 $GNGGA,123927.000,4424.48379,N,00855.11014,E,1,14,0.7,-0.5,M,44.7,M,,*69
51204 1658493568 0 7 $GNGGA,123928.000,4424.48413,N,00855.11058,E,1,14,0.7,-0.6,M,44.7,M,,*66
51205 1658493569 0 1 3.252
51206 1658493569 0 3 2.737 0.005
51207 1658493570 0 4 2.566 1.586
51213 1658493572 0 1 3.172
51214 1658493572 0 3 2.737 0.005
51216 1658493573 0 5 0.05
51218 1658493573 0 8 4.997 12.266 11.91
51219 1658493573 0 0 26.77 8.22 107.7 67.62 136.6 8.51 14.5 0.0 263.7 3.13 46.02 1.1
51221 1658493575 0 1 3.809
51224 1658493576 0 5 0.05
51229 1658493578 0 1 3.265
51230 1658493578 0 3 2.737 0.005
51231 1658493579 0 4 2.566 1.581
51238 1658493581 0 3 2.737 0.005
51239 1658493581 0 1 3.182
51243 1658493582 0 8 4.997 12.276 11.89
51244 1658493582 0 0 26.85 8.22 107.6 67.64 136.8 8.51 14.5 0.0 262.8 3.09 46.03 1.1
51245 1658493582 0 7 $GNGGA,123942.000,4424.48888,N,00855.11669,E,1,14,0.7,-1.2,M,44.7,M,,*65
51246 1658493583 0 7 $GNGGA,123943.000,4424.48919,N,00855.11711,E,1,14,0.7,-1.1,M,44.7,M,,*60
51247 1658493584 0 1 3.344
51250 1658493585 0 5 0.05
51256 1658493587 0 1 3.373
51257 1658493588 0 4 2.567 1.573
51258 1658493588 0 5 0.05
51259 1658493588 0 6 0.11
51260 1658493588 0 8 4.997 12.266 11.89
51261 1658493588 0 0 26.78 8.22 107.6 67.51 137.0 8.53 14.5 0.0 262.1 3.05 45.93 1.1
51262 1658493588 0 7 $GNGGA,123948.000,4424.49105,N,00855.11906,E,1,14,0.7,-1.1,M,44.7,M,,*67
51263 1658493589 0 7 $GNGGA,123949.000,4424.49148,N,00855.11940,E,1,14,0.7,-1.4,M,44.7,M,,*68
51264 1658493590 0 1 3.332
51272 1658493593 0 3 2.736 0.005
51273 1658493593 0 1 3.044
51281 1658493596 0 3 2.736 0.005
51282 1658493597 0 4 2.567 1.563
51283 1658493597 0 5 0.05
51284 1658493597 0 6 0.11
51289 1658493599 0 1 3.111
51295 1658493600 0 0 26.82 8.22 107.4 67.53 137.2 8.53 14.5 0.0 261.5 2.97 45.95 1.1
51297 1658493601 0 7 $GNGGA,124001.000,4424.49624,N,00855.12436,E,1,14,0.7,-1.5,M,44.7,M,,*69
51298 1658493602 0 1 3.970
51299 1658493602 0 3 2.736 0.005
51306 1658493605 0 1 3.284
51308 1658493606 0 4 2.567 1.573
51309 1658493606 0 5 0.05
51310 1658493606 0 6 0.11
51314 1658493607 0 7 $GNGGA,124007.000,4424.49817,N,00855.12639,E,1,14,0.7,-2.3,M,44.7,M,,*69
51315 1658493608 0 3 2.736 0.005
51320 1658493609 0 8 4.997 12.276 11.91
51321 1658493609 0 0 26.75 8.23 107.3 67.63 137.5 8.56 14.6 0.0 264.0 2.93 46.03 1.1
51322 1658493609 0 7 $GNGGA,124009.000,4424.49887,N,00855.12713,E,1,14,0.7,-2.6,M,44.7,M,,*62
51323 1658493610 0 7 $GNGGA,124010.000,4424.49929,N,00855.12751,E,1,14,0.7,-2.6,M,44.7,M,,*69
51324 1658493611 0 1 3.312
51332 1658493613 0 7 $GNGGA,124013.000,4424.50058,N,00855.12881,E,1,14,0.7,-2.2,M,44.7,M,,*6B
51333 1658493614 0 7 $GNGGA,124015.000,4424.50140,N,00855.12970,E,1,14,0.7,-1.8,M,44.7,M,,*63
51334 1658493614 0 3 2.735 0.005
51341 1658493617 0 1 3.105
51342 1658493617 0 3 2.735 0.005
51345 1658493618 0 6 0.11
51346 1658493618 0 8 4.997 12.276 11.89
51348 1658493618 0 7 $GNGGA,124018.000,4424.50261,N,00855.13121,E,1,13,0.8,-2.3,M,44.7,M,,*63
51349 1658493619 0 7 $GNGGA,124019.000,4424.50298,N,00855.13179,E,1,13,0.8,-2.5,M,44.7,M,,*6F
51350 1658493620 0 7 $GNGGA,124021.000,4424.50374,N,00855.13297,E,1,13,0.8,-3.1,M,44.7,M,,*61
51351 1658493620 0 3 2.735 0.005
51358 1658493623 0 1 3.160
51359 1658493623 0 3 2.736 0.005
51362 1658493624 0 6 0.11
51367 1658493626 0 1 3.137
51368 1658493626 0 3 2.736 0.005
51372 1658493627 0 8 4.997 12.276 11.91
51375 1658493628 0 7 $GNGGA,124028.000,4424.50635,N,00855.13574,E,1,13,0.8,-3.9,M,44.7,M,,*6A
51376 1658493629 0 1 3.901
51377 1658493629 0 3 2.736 0.005
51378 1658493630 0 4 2.565 1.563
51384 1658493631 0 7 $GNGGA,124031.000,4424.50741,N,00855.13700,E,1,13,0.8,-3.6,M,44.7,M,,*6E
51385 1658493632 0 7 $GNGGA,124033.000,4424.50820,N,00855.13751,E,1,13,0.8,-3.3,M,44.7,M,,*65
51393 1658493635 0 7 $GNGGA,124036.000,4424.50936,N,00855.13837,E,1,13,0.8,-2.6,M,44.7,M,,*6D
51395 1658493635 0 1 3.287
51399 1658493636 0 8 4.997 12.276 11.91
51400 1658493636 0 0 26.87 8.22 106.8 67.53 138.9 8.64 14.5 0.0 263.2 3.03 45.95 1.1
51401 1658493637 0 7 $GNGGA,124037.000,4424.50970,N,00855.13883,E,1,13,0.8,-2.7,M,44.7,M,,*60
51402 1658493638 0 1 3.359
51403 1658493638 0 3 2.737 0.005
51404 1658493639 0 4 2.565 1.563
51410 1658493640 0 7 $GNGGA,124040.000,4424.51063,N,00855.14007,E,1,13,0.8,-3.2,M,44.7,M,,*6D
51411 1658493641 0 7 $GNGGA,124042.000,4424.51123,N,00855.14057,E,1,13,0.8,-3.3,M,44.7,M,,*6E
51412 1658493642 0 4 2.566 1.563
51413 1658493642 0 5 0.05
51414 1658493642 0 6 0.11
51417 1658493643 0 7 $GNGGA,124043.000,4424.51149,N,00855.14076,E,1,13,0.8,-3.4,M,44.7,M,,*67
51418 1658493644 0 1 3.388
51423 1658493645 0 8 4.997 12.276 11.89
51425 1658493645 0 7 $GNGGA,124045.000,4424.51205,N,00855.14123,E,1,13,0.8,-3.8,M,44.7,M,,*67
51426 1658493646 0 7 $GNGGA,124046.000,4424.51235,N,00855.14154,E,1,13,0.8,-3.9,M,44.7,M,,*66
51427 1658493647 0 7 $GNGGA,124048.000,4424.51287,N,00855.14213,E,1,13,0.8,-3.9,M,44.7,M,,*61
51428 1658493647 0 3 2.737 0.005
51429 1658493647 0 1 3.443
51432 1658493648 0 6 0.11
51433 1658493648 0 8 4.997 12.266 11.91
51435 1658493649 0 7 $GNGGA,124049.000,4424.51318,N,00855.14248,E,1,13,0.8,-3.7,M,44.7,M,,*67
51436 1658493650 0 1 3.134
51445 1658493653 0 7 $GNGGA,124054.000,4424.51466,N,00855.14459,E,1,14,0.7,-2.8,M,44.7,M,,*65
51453 1658493656 0 7 $GNGGA,124057.000,4424.51552,N,00855.14621,E,1,13,0.8,-2.2,M,44.7,M,,*6F
51455 1658493657 0 4 2.565 1.563
