/Users/pitta1981/Develop/tuttomatrac/data/porto_grid.mesh
15582 1658482367 0 7 $GNGGA,093247.000,4423.49459,N,00856.41132,E,1,11,0.8,8.8,M,44.7,M,,*4C
15583 1658482367 0 7 $GNGGA,093248.000,4423.49460,N,00856.41035,E,1,11,0.8,8.8,M,44.7,M,,*4F
15584 1658482368 0 1 0.192
15585 1658482368 0 7 $GNGGA,093249.000,4423.49469,N,00856.40935,E,1,11,0.8,8.8,M,44.7,M,,*4F
15586 1658482369 0 0 28.05 8.20 107.0 68.02 122.0 7.43 16.1 0.0 325.0 3.83 46.29 1.2
15587 1658482369 0 3 2.764 0.005
15588 1658482369 0 4 2.559 1.633
15589 1658482369 0 5 0.65
15590 1658482369 0 6 0.14
15591 1658482369 0 8 4.997 12.285 11.91
15592 1658482370 0 7 $GNGGA,093250.000,4423.49474,N,00856.40830,E,1,11,0.8,8.9,M,44.7,M,,*4E
15593 1658482370 0 7 $GNGGA,093251.000,4423.49485,N,00856.40713,E,1,11,0.8,9.0,M,44.7,M,,*47
15594 1658482371 0 1 0.838
15595 1658482371 0 7 $GNGGA,093252.000,4423.49498,N,00856.40598,E,1,11,0.8,9.1,M,44.7,M,,*48
15596 1658482372 0 0 28.04 8.20 107.0 68.02 122.0 7.43 16.1 0.0 327.3 3.84 46.29 1.2
15597 1658482372 0 3 2.764 0.005
15598 1658482372 0 4 2.559 1.633
15599 1658482372 0 5 0.64
15600 1658482372 0 6 0.14
15601 1658482372 0 8 4.997 12.285 11.89
15602 1658482373 0 7 $GNGGA,093253.000,4423.49502,N,00856.40480,E,1,11,0.8,9.3,M,44.7,M,,*41
15603 1658482373 0 7 $GNGGA,093254.000,4423.49512,N,00856.40351,E,1,11,0.8,9.6,M,44.7,M,,*49
15604 1658482374 0 1 0.190
15605 1658482374 0 7 $GNGGA,093255.000,4423.49528,N,00856.40207,E,1,11,0.8,9.8,M,44.7,M,,*4D
15606 1658482375 0 0 28.06 8.20 106.9 68.04 122.1 7.43 16.0 0.0 325.2 3.83 46.30 1.2
15607 1658482375 0 3 2.764 0.005
15608 1658482375 0 4 2.559 1.631
15609 1658482375 0 5 0.64
15610 1658482375 0 6 0.14
15611 1658482375 0 8 4.997 12.285 11.89
15612 1658482376 0 7 $GNGGA,093256.000,4423.49563,N,00856.40069,E,1,11,0.8,9.9,M,44.7,M,,*4A
15613 1658482376 0 7 $GNGGA,093257.000,4423.49580,N,00856.39963,E,1,11,0.8,9.9,M,44.7,M,,*4B
15614 1658482377 0 1 0.173
15615 1658482377 0 7 $GNGGA,093258.000,4423.49591,N,00856.39852,E,1,11,0.8,9.3,M,44.7,M,,*4D
15616 1658482378 0 0 28.09 8.20 107.0 68.03 122.1 7.43 16.1 0.0 327.0 3.81 46.29 1.2
15617 1658482378 0 3 2.764 0.005
15618 1658482378 0 4 2.559 1.631
15619 1658482378 0 5 0.64
15620 1658482378 0 6 0.14
15621 1658482378 0 8 4.997 12.088 11.89
15622 1658482379 0 7 $GNGGA,093259.000,4423.49603,N,00856.39736,E,1,11,0.8,8.7,M,44.7,M,,*4C
15623 1658482379 0 7 $GNGGA,093300.000,4423.49609,N,00856.39619,E,1,11,0.8,8.3,M,44.7,M,,*43
15624 1658482380 0 1 0.150
15625 1658482380 0 7 $GNGGA,093301.000,4423.49611,N,00856.39500,E,1,11,0.8,8.1,M,44.7,M,,*42
15626 1658482381 0 0 28.05 8.20 106.9 68.02 122.1 7.44 16.1 0.0 327.1 3.85 46.29 1.2
15627 1658482381 0 3 2.764 0.006
15628 1658482381 0 4 2.559 1.628
15629 1658482381 0 5 0.64
15630 1658482381 0 6 0.14
15631 1658482381 0 8 4.997 12.088 11.89
15632 1658482382 0 7 $GNGGA,093302.000,4423.49621,N,00856.39392,E,1,11,0.8,8.2,M,44.7,M,,*4C
15633 1658482382 0 7 $GNGGA,093303.000,4423.49633,N,00856.39326,E,1,11,0.8,8.5,M,44.7,M,,*46
15634 1658482383 0 1 0.194
15635 1658482383 0 7 $GNGGA,093304.000,4423.49637,N,00856.39257,E,1,11,0.8,8.8,M,44.7,M,,*4F
15636 1658482384 0 0 28.05 8.20 107.0 67.97 122.1 7.44 16.1 0.0 328.3 3.82 46.25 1.2
15637 1658482384 0 3 2.764 0.005
15638 1658482384 0 4 2.559 1.631
15639 1658482384 0 5 0.64
15640 1658482384 0 6 0.14
15641 1658482384 0 8 4.997 12.285 11.91
15642 1658482385 0 7 $GNGGA,093305.000,4423.49655,N,00856.39170,E,1,11,0.8,9.2,M,44.7,M,,*47
15643 1658482385 0 7 $GNGGA,093306.000,4423.49652,N,00856.39076,E,1,11,0.8,9.0,M,44.7,M,,*46
15644 1658482386 0 1 0.100
15645 1658482386 0 7 $GNGGA,093307.000,4423.49651,N,00856.38993,E,1,11,0.8,8.8,M,44.7,M,,*4E
15646 1658482387 0 0 28.08 8.20 107.0 68.00 122.1 7.44 16.0 0.0 327.8 3.86 46.27 1.2
15647 1658482387 0 3 2.764 0.005
15648 1658482387 0 4 2.559 1.628
15649 1658482387 0 5 0.64
15650 1658482387 0 6 0.14
15651 1658482387 0 8 4.997 12.098 11.89
15652 1658482388 0 7 $GNGGA,093308.000,4423.49668,N,00856.38907,E,1,11,0.8,9.1,M,44.7,M,,*4E
15653 1658482388 0 7 $GNGGA,093309.000,4423.49683,N,00856.38797,E,1,11,0.8,9.3,M,44.7,M,,*4F
15654 1658482389 0 1 0.194
15655 1658482389 0 7 $GNGGA,093310.000,4423.49700,N,00856.38688,E,1,11,0.8,9.6,M,44.7,M,,*47
15656 1658482390 0 0 28.09 8.20 107.0 68.04 122.2 7.43 16.0 0.0 326.8 3.94 46.30 1.2
15657 1658482390 0 3 2.764 0.006
15658 1658482390 0 4 2.559 1.626
15659 1658482390 0 5 0.64
15660 1658482390 0 6 0.14
15661 1658482390 0 8 4.997 12.107 11.89
15662 1658482391 0 7 $GNGGA,093311.000,4423.49728,N,00856.38591,E,1,11,0.8,9.8,M,44.7,M,,*49
15663 1658482391 0 7 $GNGGA,093312.000,4423.49758,N,00856.38497,E,1,11,0.8,10.2,M,44.7,M,,*78
15664 1658482392 0 1 0.341
15665 1658482392 0 7 $GNGGA,093313.000,4423.49767,N,00856.38387,E,1,11,0.8,10.4,M,44.7,M,,*75
15666 1658482393 0 0 28.11 8.20 107.0 68.07 122.2 7.43 15.9 0.0 326.0 3.94 46.33 1.2
15667 1658482393 0 3 2.764 0.005
15668 1658482393 0 4 2.559 1.626
15669 1658482393 0 5 0.64
15670 1658482393 0 6 0.14
15671 1658482393 0 8 4.997 12.276 11.89
15672 1658482394 0 7 $GNGGA,093314.000,4423.49776,N,00856.38302,E,1,11,0.8,10.5,M,44.7,M,,*7E
15673 1658482394 0 7 $GNGGA,093315.000,4423.49792,N,00856.38234,E,1,11,0.8,10.3,M,44.7,M,,*77
15674 1658482395 0 1 0.177
15675 1658482395 0 7 $GNGGA,093316.000,4423.49798,N,00856.38136,E,1,11,0.8,9.9,M,44.7,M,,*4D
15676 1658482396 0 0 28.12 8.20 107.0 68.06 122.3 7.44 16.0 0.0 326.4 3.81 46.32 1.2
15677 1658482396 0 3 2.764 0.005
15678 1658482396 0 4 2.559 1.628
15679 1658482396 0 5 0.64
15680 1658482396 0 6 0.14
15681 1658482396 0 8 4.997 12.098 11.89
15682 1658482397 0 7 $GNGGA,093317.000,4423.49805,N,00856.38026,E,1,11,0.8,9.7,M,44.7,M,,*49
15683 1658482397 0 7 $GNGGA,093318.000,4423.49817,N,00856.37915,E,1,11,0.8,9.4,M,44.7,M,,*40
15684 1658482398 0 1 0.840
15685 1658482398 0 7 $GNGGA,093319.000,4423.49840,N,00856.37812,E,1,11,0.8,9.2,M,44.7,M,,*43
15686 1658482399 0 0 28.14 8.20 107.1 68.02 122.3 7.44 16.0 0.0 327.6 3.78 46.28 1.2
15687 1658482399 0 3 2.764 0.005
15688 1658482399 0 4 2.559 1.623
15689 1658482399 0 5 0.64
15690 1658482399 0 6 0.14
15691 1658482399 0 8 4.997 12.285 11.91
15692 1658482400 0 7 $GNGGA,093320.000,4423.49857,N,00856.37711,E,1,11,0.8,9.1,M,44.7,M,,*40
15693 1658482400 0 7 $GNGGA,093321.000,4423.49866,N,00856.37614,E,1,11,0.8,9.2,M,44.7,M,,*44
15694 1658482401 0 1 0.181
15695 1658482401 0 7 $GNGGA,093322.000,4423.49870,N,00856.37529,E,1,11,0.8,9.3,M,44.7,M,,*4C
15696 1658482402 0 0 28.17 8.20 107.0 68.01 122.3 7.43 16.0 0.0 326.1 3.85 46.28 1.2
15697 1658482402 0 3 2.763 0.005
15698 1658482402 0 4 2.559 1.623
15699 1658482402 0 5 0.64
15700 1658482402 0 6 0.14
15701 1658482402 0 8 4.997 12.276 11.89
15702 1658482403 0 7 $GNGGA,093323.000,4423.49872,N,00856.37452,E,1,11,0.8,9.1,M,44.7,M,,*40
15703 1658482403 0 7 $GNGGA,093324.000,4423.49870,N,00856.37368,E,1,11,0.8,8.9,M,44.7,M,,*42
15704 1658482404 0 1 0.183
15705 1658482404 0 7 $GNGGA,093325.000,4423.49873,N,00856.37284,E,1,11,0.8,8.6,M,44.7,M,,*4C
15706 1658482405 0 0 28.24 8.20 107.0 68.06 122.3 7.43 16.0 0.0 324.3 3.93 46.31 1.2
15707 1658482405 0 3 2.764 0.005
15708 1658482405 0 4 2.559 1.621
15709 1658482405 0 5 0.64
15710 1658482405 0 6 0.14
15711 1658482405 0 8 4.997 12.276 11.89
15712 1658482406 0 7 $GNGGA,093326.000,4423.49866,N,00856.37207,E,1,11,0.8,8.1,M,44.7,M,,*47
15713 1658482406 0 7 $GNGGA,093327.000,4423.49887,N,00856.37133,E,1,11,0.8,8.2,M,44.7,M,,*4E
15714 1658482407 0 1 0.152
15715 1658482407 0 7 $GNGGA,093328.000,4423.49912,N,00856.37008,E,1,11,0.8,8.3,M,44.7,M,,*44
15716 1658482408 0 0 28.28 8.20 106.9 68.02 122.4 7.42 16.0 0.0 325.2 3.88 46.28 1.2
15717 1658482408 0 3 2.764 0.005
15718 1658482408 0 4 2.559 1.623
15719 1658482408 0 5 0.64
15720 1658482408 0 6 0.14
15721 1658482408 0 8 4.997 12.285 11.91
15722 1658482409 0 7 $GNGGA,093329.000,4423.49933,N,00856.36852,E,1,11,0.8,8.2,M,44.7,M,,*41
15723 1658482409 0 7 $GNGGA,093330.000,4423.49959,N,00856.36747,E,1,11,0.8,8.1,M,44.7,M,,*4D
15724 1658482410 0 1 0.214
15725 1658482410 0 7 $GNGGA,093331.000,4423.49965,N,00856.36654,E,1,11,0.8,7.8,M,44.7,M,,*46
15726 1658482411 0 0 28.33 8.20 106.9 68.03 122.4 7.42 16.0 0.0 325.8 3.83 46.28 1.2
15727 1658482411 0 3 2.765 0.005
15728 1658482411 0 4 2.560 1.626
15729 1658482411 0 5 0.64
15730 1658482411 0 6 0.14
15731 1658482411 0 8 4.997 12.276 11.91
15732 1658482412 0 7 $GNGGA,093332.000,4423.49966,N,00856.36552,E,1,11,0.8,7.6,M,44.7,M,,*4D
15733 1658482412 0 7 $GNGGA,093333.000,4423.49983,N,00856.36450,E,1,11,0.8,7.4,M,44.7,M,,*46
15734 1658482413 0 1 0.120
15735 1658482413 0 7 $GNGGA,093334.000,4423.50006,N,00856.36327,E,1,11,0.8,7.4,M,44.7,M,,*4A
15736 1658482414 0 0 28.33 8.20 106.9 68.07 122.5 7.42 16.0 0.0 326.6 3.92 46.32 1.2
15737 1658482414 0 3 2.764 0.005
15738 1658482414 0 4 2.559 1.623
15739 1658482414 0 5 0.64
15740 1658482414 0 6 0.14
15741 1658482414 0 8 4.997 12.276 11.91
15742 1658482415 0 7 $GNGGA,093335.000,4423.50024,N,00856.36213,E,1,12,0.7,7.4,M,44.7,M,,*41
15744 1658482416 0 1 0.215
15745 1658482416 0 7 $GNGGA,093337.000,4423.50030,N,00856.35988,E,1,12,0.7,7.0,M,44.7,M,,*48
15746 1658482417 0 0 28.34 8.20 106.9 68.12 122.5 7.42 16.0 0.0 326.8 3.87 46.36 1.2
15747 1658482417 0 3 2.765 0.005
15748 1658482417 0 4 2.560 1.623
15749 1658482417 0 5 0.64
15750 1658482417 0 6 0.14
15751 1658482417 0 8 4.997 12.285 11.89
15752 1658482418 0 7 $GNGGA,093338.000,4423.50026,N,00856.35865,E,1,12,0.7,6.7,M,44.7,M,,*44
15753 1658482418 0 7 $GNGGA,093339.000,4423.50040,N,00856.35743,E,1,12,0.7,6.5,M,44.7,M,,*4C
15754 1658482419 0 1 0.372
15755 1658482419 0 7 $GNGGA,093340.000,4423.50062,N,00856.35640,E,1,12,0.7,6.4,M,44.7,M,,*41
15756 1658482420 0 0 28.26 8.20 106.9 68.06 122.5 7.43 16.0 0.0 329.6 3.84 46.31 1.2
15757 1658482420 0 3 2.765 0.005
15758 1658482420 0 4 2.560 1.626
15759 1658482420 0 5 0.64
15760 1658482420 0 6 0.14
15761 1658482420 0 8 4.997 12.285 11.91
15762 1658482421 0 7 $GNGGA,093341.000,4423.50076,N,00856.35522,E,1,12,0.7,6.3,M,44.7,M,,*45
15763 1658482421 0 7 $GNGGA,093342.000,4423.50075,N,00856.35413,E,1,12,0.7,6.2,M,44.7,M,,*47
15764 1658482422 0 1 0.190
15765 1658482422 0 7 $GNGGA,093343.000,4423.50099,N,00856.35304,E,1,12,0.7,6.1,M,44.7,M,,*46
15766 1658482423 0 0 28.27 8.20 106.8 68.15 122.5 7.43 16.1 0.0 328.9 3.91 46.38 1.2
15767 1658482423 0 3 2.764 0.005
15768 1658482423 0 4 2.560 1.628
15769 1658482423 0 5 0.64
15770 1658482423 0 6 0.14
15771 1658482423 0 8 4.997 12.285 11.89
15772 1658482424 0 7 $GNGGA,093344.000,4423.50122,N,00856.35207,E,1,12,0.7,6.0,M,44.7,M,,*43
15773 1658482424 0 7 $GNGGA,093345.000,4423.50139,N,00856.35086,E,1,12,0.7,5.9,M,44.7,M,,*49
15774 1658482425 0 1 0.871
15775 1658482425 0 7 $GNGGA,093346.000,4423.50156,N,00856.34967,E,1,12,0.7,5.8,M,44.7,M,,*45
15776 1658482426 0 0 28.34 8.20 106.8 68.04 122.6 7.43 16.0 0.0 327.3 3.91 46.30 1.2
15777 1658482426 0 3 2.764 0.005
15778 1658482426 0 4 2.560 1.631
15779 1658482426 0 5 0.64
15780 1658482426 0 6 0.14
15781 1658482426 0 8 4.997 12.295 11.91
15782 1658482427 0 7 $GNGGA,093347.000,4423.50169,N,00856.34865,E,1,12,0.7,5.7,M,44.7,M,,*44
15783 1658482427 0 7 $GNGGA,093348.000,4423.50195,N,00856.34749,E,1,12,0.7,5.4,M,44.7,M,,*4A
15784 1658482428 0 1 0.195
15785 1658482428 0 7 $GNGGA,093349.000,4423.50226,N,00856.34627,E,1,12,0.7,5.1,M,44.7,M,,*4C
15786 1658482429 0 0 28.35 8.20 106.8 68.05 122.7 7.43 15.9 0.0 329.1 3.77 46.30 1.2
15787 1658482429 0 3 2.765 0.005
15788 1658482429 0 4 2.560 1.628
15789 1658482429 0 5 0.64
15790 1658482429 0 6 0.14
15791 1658482429 0 8 4.997 12.285 11.89
15792 1658482430 0 7 $GNGGA,093350.000,4423.50255,N,00856.34524,E,1,12,0.7,4.8,M,44.7,M,,*48
15793 1658482430 0 7 $GNGGA,093351.000,4423.50286,N,00856.34415,E,1,12,0.7,4.5,M,44.7,M,,*49
15794 1658482431 0 1 0.178
15795 1658482431 0 7 $GNGGA,093352.000,4423.50311,N,00856.34301,E,1,12,0.7,4.3,M,44.7,M,,*41
15796 1658482432 0 0 28.36 8.20 106.7 68.04 122.7 7.43 16.0 0.0 328.5 3.76 46.29 1.2
15797 1658482432 0 3 2.765 0.005
15798 1658482432 0 4 2.560 1.626
15799 1658482432 0 5 0.64
15800 1658482432 0 6 0.14
15801 1658482432 0 8 4.997 12.285 11.89
15802 1658482433 0 7 $GNGGA,093353.000,4423.50336,N,00856.34180,E,1,12,0.7,4.2,M,44.7,M,,*4F
15803 1658482433 0 7 $GNGGA,093354.000,4423.50361,N,00856.34050,E,1,12,0.7,4.1,M,44.7,M,,*45
15804 1658482434 0 1 0.177
15805 1658482434 0 7 $GNGGA,093355.000,4423.50394,N,00856.33926,E,1,12,0.7,3.7,M,44.7,M,,*40
15806 1658482435 0 0 28.37 8.20 106.7 68.05 122.7 7.43 16.0 0.0 331.4 3.75 46.30 1.2
15807 1658482435 0 3 2.765 0.005
15808 1658482435 0 4 2.559 1.631
15809 1658482435 0 5 0.64
15810 1658482435 0 6 0.14
15811 1658482435 0 8 4.997 12.285 11.89
15812 1658482436 0 7 $GNGGA,093356.000,4423.50419,N,00856.33831,E,1,12,0.7,3.6,M,44.7,M,,*47
15813 1658482436 0 7 $GNGGA,093357.000,4423.50446,N,00856.33718,E,1,12,0.7,3.5,M,44.7,M,,*4B
15814 1658482437 0 2 0.06880001 4.55130004 1.51409997 0.03500000 2.75799989 0.00460000 0.06530001 0.30489997 1.00000000 86.04100036
15815 1658482438 0 1 0.223
15816 1658482438 0 7 $GNGGA,093358.000,4423.50467,N,00856.33610,E,1,12,0.7,3.6,M,44.7,M,,*4D
15817 1658482438 0 0 28.32 8.20 106.7 68.00 122.8 7.45 16.1 0.0 335.7 3.77 46.27 1.2
15818 1658482438 0 3 2.765 0.005
15819 1658482438 0 4 2.560 1.633
15820 1658482438 0 5 0.64
15821 1658482439 0 6 0.14
15822 1658482439 0 8 4.997 12.285 11.91
15823 1658482439 0 7 $GNGGA,093359.000,4423.50500,N,00856.33499,E,1,12,0.7,3.4,M,44.7,M,,*4D
15824 1658482439 0 7 $GNGGA,093400.000,4423.50526,N,00856.33408,E,1,12,0.7,3.5,M,44.7,M,,*4B
15825 1658482440 0 1 0.125
15826 1658482440 0 7 $GNGGA,093401.000,4423.50553,N,00856.33293,E,1,12,0.7,3.4,M,44.7,M,,*4D
15827 1658482441 0 0 28.30 8.20 106.7 68.02 122.8 7.45 16.0 0.0 334.3 3.83 46.28 1.2
15828 1658482441 0 3 2.765 0.005
15829 1658482441 0 4 2.560 1.648
15830 1658482441 0 5 0.64
15831 1658482441 0 6 0.14
15832 1658482441 0 8 4.997 12.285 11.89
15833 1658482442 0 7 $GNGGA,093402.000,4423.50583,N,00856.33186,E,1,12,0.7,3.3,M,44.7,M,,*43
15834 1658482442 0 7 $GNGGA,093403.000,4423.50610,N,00856.33071,E,1,12,0.7,3.1,M,44.7,M,,*40
15835 1658482443 0 1 0.183
15836 1658482443 0 7 $GNGGA,093404.000,4423.50627,N,00856.32960,E,1,12,0.7,3.2,M,44.7,M,,*48
15837 1658482444 0 0 28.30 8.20 106.7 68.06 122.9 7.45 16.0 0.0 335.3 3.83 46.31 1.2
15838 1658482444 0 3 2.765 0.005
15839 1658482444 0 4 2.560 1.641
15840 1658482444 0 5 0.64
15841 1658482444 0 6 0.14
15842 1658482445 0 8 4.997 12.276 11.89
15843 1658482445 0 7 $GNGGA,093405.000,4423.50650,N,00856.32851,E,1,12,0.7,3.2,M,44.7,M,,*4A
15844 1658482445 0 7 $GNGGA,093406.000,4423.50663,N,00856.32771,E,1,12,0.7,3.5,M,44.7,M,,*43
15845 1658482446 0 1 0.378
15846 1658482446 0 7 $GNGGA,093407.000,4423.50683,N,00856.32665,E,1,12,0.7,3.7,M,44.7,M,,*4A
15847 1658482447 0 0 28.34 8.20 106.7 68.07 122.9 7.45 16.0 0.0 335.6 3.81 46.31 1.2
15848 1658482447 0 3 2.765 0.005
15849 1658482447 0 4 2.560 1.641
15850 1658482447 0 5 0.64
15851 1658482447 0 6 0.14
15852 1658482447 0 8 4.997 12.285 11.89
15853 1658482448 0 7 $GNGGA,093408.000,4423.50709,N,00856.32555,E,1,12,0.7,3.7,M,44.7,M,,*46
15854 1658482448 0 7 $GNGGA,093409.000,4423.50734,N,00856.32452,E,1,12,0.7,3.6,M,44.7,M,,*4E
15855 1658482449 0 1 0.201
15856 1658482449 0 7 $GNGGA,093410.000,4423.50758,N,00856.32357,E,1,12,0.7,3.6,M,44.7,M,,*4E
15857 1658482450 0 0 28.31 8.20 106.8 68.05 122.9 7.45 16.0 0.0 337.4 3.74 46.30 1.2
15858 1658482450 0 3 2.764 0.005
15859 1658482450 0 4 2.560 1.641
15860 1658482450 0 5 0.64
15861 1658482450 0 6 0.14
15862 1658482450 0 8 4.997 12.285 11.89
15863 1658482451 0 7 $GNGGA,093411.000,4423.50772,N,00856.32272,E,1,12,0.7,3.7,M,44.7,M,,*40
15864 1658482451 0 7 $GNGGA,093412.000,4423.50786,N,00856.32188,E,1,12,0.7,3.6,M,44.7,M,,*4F
15865 1658482452 0 1 0.880
15866 1658482452 0 7 $GNGGA,093413.000,4423.50797,N,00856.32099,E,1,12,0.7,3.6,M,44.7,M,,*4F
15867 1658482453 0 0 28.32 8.20 106.7 68.03 122.9 7.45 16.0 0.0 337.8 3.81 46.29 1.2
15868 1658482453 0 3 2.765 0.005
15869 1658482453 0 4 2.560 1.638
15870 1658482453 0 5 0.64
15871 1658482453 0 6 0.14
15872 1658482453 0 8 4.997 12.285 11.89
15873 1658482454 0 7 $GNGGA,093414.000,4423.50815,N,00856.32003,E,1,12,0.7,3.5,M,44.7,M,,*4D
15874 1658482454 0 7 $GNGGA,093415.000,4423.50839,N,00856.31899,E,1,12,0.7,3.4,M,44.7,M,,*4B
15875 1658482455 0 1 0.212
15876 1658482455 0 7 $GNGGA,093416.000,4423.50871,N,00856.31789,E,1,12,0.7,3.2,M,44.7,M,,*4C
15877 1658482456 0 0 28.38 8.20 106.7 68.01 122.9 7.45 16.0 0.0 336.4 3.86 46.27 1.3
15878 1658482456 0 3 2.765 0.005
15879 1658482456 0 4 2.560 1.641
15880 1658482456 0 5 0.64
15881 1658482456 0 6 0.14
15882 1658482456 0 8 4.997 12.276 11.91
15883 1658482457 0 7 $GNGGA,093417.000,4423.50905,N,00856.31677,E,1,12,0.7,3.1,M,44.7,M,,*4C
15884 1658482457 0 7 $GNGGA,093418.000,4423.50938,N,00856.31564,E,1,12,0.7,3.0,M,44.7,M,,*4D
15885 1658482458 0 1 0.228
15886 1658482458 0 7 $GNGGA,093419.000,4423.50960,N,00856.31483,E,1,12,0.7,3.0,M,44.7,M,,*49
15887 1658482459 0 0 28.33 8.20 106.7 68.10 123.0 7.45 16.0 0.0 341.5 3.78 46.34 1.2
15888 1658482459 0 3 2.765 0.005
15889 1658482459 0 4 2.560 1.641
15890 1658482459 0 5 0.64
15891 1658482459 0 6 0.14
15892 1658482459 0 8 4.997 12.285 11.89
15893 1658482460 0 7 $GNGGA,093420.000,4423.50983,N,00856.31384,E,1,12,0.7,2.9,M,44.7,M,,*46
15894 1658482460 0 7 $GNGGA,093421.000,4423.51017,N,00856.31283,E,1,12,0.7,2.9,M,44.7,M,,*44
15895 1658482461 0 1 0.184
15896 1658482461 0 7 $GNGGA,093422.000,4423.51047,N,00856.31173,E,1,12,0.7,2.8,M,44.7,M,,*4F
15897 1658482462 0 0 28.31 8.20 106.7 68.04 123.0 7.46 16.1 0.0 342.2 3.77 46.30 1.2
15898 1658482462 0 3 2.765 0.005
15899 1658482462 0 4 2.560 1.643
15900 1658482462 0 5 0.64
15901 1658482462 0 6 0.14
15902 1658482462 0 8 4.997 12.285 11.91
15903 1658482463 0 7 $GNGGA,093423.000,4423.51080,N,00856.31062,E,1,12,0.7,2.7,M,44.7,M,,*4B
15904 1658482463 0 7 $GNGGA,093424.000,4423.51112,N,00856.30963,E,1,12,0.7,2.6,M,44.7,M,,*4E
15905 1658482464 0 1 0.183
15906 1658482464 0 7 $GNGGA,093425.000,4423.51144,N,00856.30862,E,1,12,0.7,2.6,M,44.7,M,,*4C
15907 1658482465 0 0 28.32 8.20 106.7 68.00 123.0 7.46 16.1 0.0 341.6 3.89 46.26 1.3
15908 1658482465 0 3 2.765 0.005
15909 1658482465 0 4 2.560 1.643
15910 1658482465 0 5 0.64
15911 1658482465 0 6 0.14
15912 1658482465 0 8 4.997 12.285 11.91
15913 1658482466 0 7 $GNGGA,093426.000,4423.51177,N,00856.30761,E,1,12,0.7,2.6,M,44.7,M,,*43
15914 1658482466 0 7 $GNGGA,093427.000,4423.51212,N,00856.30665,E,1,12,0.7,2.7,M,44.7,M,,*46
15915 1658482467 0 1 0.133
15916 1658482467 0 7 $GNGGA,093428.000,4423.51242,N,00856.30581,E,1,12,0.7,2.9,M,44.7,M,,*4B
15917 1658482468 0 0 28.29 8.20 106.7 68.04 123.0 7.46 16.1 0.0 342.9 3.85 46.29 1.2
15918 1658482468 0 3 2.765 0.005
15919 1658482468 0 4 2.560 1.638
15920 1658482468 0 5 0.65
15921 1658482468 0 6 0.14
15922 1658482469 0 8 4.997 12.295 11.89
15923 1658482469 0 7 $GNGGA,093429.000,4423.51282,N,00856.30477,E,1,12,0.7,3.0,M,44.7,M,,*46
15924 1658482469 0 7 $GNGGA,093430.000,4423.51317,N,00856.30378,E,1,12,0.7,3.1,M,44.7,M,,*4A
15925 1658482470 0 1 0.204
15926 1658482470 0 7 $GNGGA,093431.000,4423.51349,N,00856.30282,E,1,12,0.7,3.3,M,44.7,M,,*46
15927 1658482471 0 0 28.26 8.20 106.7 68.05 123.0 7.47 16.1 0.0 344.8 3.85 46.30 1.2
15928 1658482471 0 3 2.766 0.005
15929 1658482471 0 4 2.560 1.633
15930 1658482471 0 5 0.65
15931 1658482471 0 6 0.14
15932 1658482471 0 8 4.997 12.285 11.89
15933 1658482472 0 7 $GNGGA,093432.000,4423.51383,N,00856.30182,E,1,12,0.7,3.3,M,44.7,M,,*40
15934 1658482472 0 7 $GNGGA,093433.000,4423.51417,N,00856.30080,E,1,12,0.7,3.4,M,44.7,M,,*4F
15935 1658482473 0 1 0.360
15936 1658482473 0 7 $GNGGA,093434.000,4423.51457,N,00856.29982,E,1,12,0.7,3.4,M,44.7,M,,*4F
15937 1658482474 0 0 28.23 8.20 106.8 68.02 123.1 7.47 16.1 0.0 345.2 3.87 46.28 1.2
15938 1658482474 0 3 2.766 0.005
15939 1658482474 0 4 2.560 1.631
15940 1658482474 0 5 0.65
15941 1658482474 0 6 0.15
15942 1658482475 0 8 4.997 12.285 11.89
15943 1658482475 0 7 $GNGGA,093435.000,4423.51502,N,00856.29878,E,1,12,0.7,3.4,M,44.7,M,,*4B
15944 1658482475 0 7 $GNGGA,093436.000,4423.51535,N,00856.29786,E,1,12,0.7,3.5,M,44.7,M,,*43
15945 1658482476 0 1 0.178
15946 1658482476 0 7 $GNGGA,093437.000,4423.51569,N,00856.29682,E,1,12,0.7,3.5,M,44.7,M,,*4E
15947 1658482477 0 0 28.28 8.20 106.8 68.09 123.1 7.46 16.1 0.0 343.5 3.89 46.33 1.2
15948 1658482477 0 3 2.765 0.005
15949 1658482477 0 4 2.559 1.633
15950 1658482477 0 5 0.65
15951 1658482477 0 6 0.14
15952 1658482477 0 8 4.997 12.285 11.89
15953 1658482478 0 7 $GNGGA,093438.000,4423.51605,N,00856.29584,E,1,12,0.7,3.5,M,44.7,M,,*4D
15954 1658482478 0 7 $GNGGA,093439.000,4423.51634,N,00856.29487,E,1,12,0.7,3.5,M,44.7,M,,*4C
15955 1658482479 0 1 0.854
15956 1658482479 0 7 $GNGGA,093440.000,4423.51667,N,00856.29388,E,1,12,0.7,3.5,M,44.7,M,,*4C
15957 1658482480 0 0 28.24 8.20 106.8 68.12 123.1 7.47 16.0 0.0 346.9 3.89 46.36 1.2
15958 1658482480 0 3 2.766 0.005
15959 1658482480 0 4 2.560 1.631
15960 1658482480 0 5 0.65
15961 1658482480 0 6 0.14
15962 1658482481 0 8 4.997 12.276 11.91
15963 1658482481 0 7 $GNGGA,093441.000,4423.51701,N,00856.29284,E,1,12,0.7,3.5,M,44.7,M,,*41
15964 1658482481 0 7 $GNGGA,093442.000,4423.51727,N,00856.29189,E,1,12,0.7,3.7,M,44.7,M,,*4A
15965 1658482482 0 1 0.172
15966 1658482482 0 7 $GNGGA,093443.000,4423.51758,N,00856.29085,E,1,12,0.7,3.6,M,44.7,M,,*4F
15967 1658482483 0 0 28.24 8.20 106.7 68.02 123.1 7.47 16.0 0.0 346.0 3.83 46.28 1.2
15968 1658482483 0 3 2.766 0.005
15969 1658482483 0 4 2.560 1.628
15970 1658482483 0 5 0.64
15971 1658482483 0 6 0.14
15972 1658482484 0 8 4.997 12.276 11.89
15973 1658482484 0 7 $GNGGA,093444.000,4423.51784,N,00856.28979,E,1,12,0.7,3.5,M,44.7,M,,*41
15974 1658482484 0 7 $GNGGA,093445.000,4423.51814,N,00856.28881,E,1,12,0.7,3.5,M,44.7,M,,*40
15975 1658482485 0 1 0.182
15976 1658482485 0 7 $GNGGA,093446.000,4423.51847,N,00856.28788,E,1,12,0.7,3.6,M,44.7,M,,*40
15977 1658482486 0 0 28.24 8.20 106.7 68.07 123.1 7.47 16.0 0.0 346.7 3.84 46.32 1.2
15978 1658482486 0 3 2.766 0.005
15979 1658482486 0 4 2.560 1.631
15980 1658482486 0 5 0.64
15981 1658482486 0 6 0.14
15982 1658482486 0 8 4.997 12.285 11.91
15983 1658482487 0 7 $GNGGA,093447.000,4423.51878,N,00856.28697,E,1,12,0.7,3.8,M,44.7,M,,*4C
15984 1658482487 0 7 $GNGGA,093448.000,4423.51908,N,00856.28602,E,1,12,0.7,3.9,M,44.7,M,,*48
15985 1658482488 0 1 0.174
15986 1658482488 0 7 $GNGGA,093449.000,4423.51941,N,00856.28511,E,1,12,0.7,3.9,M,44.7,M,,*45
15987 1658482489 0 0 28.25 8.20 106.8 68.04 123.2 7.48 16.0 0.0 348.1 3.87 46.30 1.2
15988 1658482489 0 3 2.766 0.005
15989 1658482489 0 4 2.560 1.628
15990 1658482489 0 5 0.64
15991 1658482489 0 6 0.14
15992 1658482489 0 8 4.997 12.285 11.91
15993 1658482490 0 7 $GNGGA,093450.000,4423.51972,N,00856.28407,E,1,12,0.7,3.7,M,44.7,M,,*45
15994 1658482490 0 7 $GNGGA,093451.000,4423.52002,N,00856.28321,E,1,12,0.7,3.7,M,44.7,M,,*4A
15995 1658482491 0 1 0.204
15996 1658482491 0 7 $GNGGA,093452.000,4423.52030,N,00856.28231,E,1,12,0.7,3.7,M,44.7,M,,*48
15997 1658482492 0 0 28.28 8.20 106.8 68.09 123.2 7.47 16.0 0.0 348.5 3.82 46.33 1.2
15998 1658482492 0 3 2.766 0.005
15999 1658482492 0 4 2.560 1.633
16000 1658482492 0 5 0.64
16001 1658482492 0 6 0.14
16002 1658482492 0 8 4.997 12.276 11.89
16003 1658482493 0 7 $GNGGA,093453.000,4423.52058,N,00856.28125,E,1,12,0.7,3.7,M,44.7,M,,*41
16004 1658482493 0 7 $GNGGA,093454.000,4423.52090,N,00856.28000,E,1,12,0.7,3.7,M,44.7,M,,*44
16005 1658482494 0 1 0.107
16006 1658482494 0 7 $GNGGA,093455.000,4423.52122,N,00856.27906,E,1,12,0.7,3.7,M,44.7,M,,*4D
16007 1658482495 0 0 28.22 8.20 106.8 68.06 123.2 7.48 16.1 0.0 350.1 3.78 46.31 1.2
16008 1658482495 0 3 2.766 0.005
16009 1658482495 0 4 2.560 1.633
16010 1658482495 0 5 0.64
16011 1658482495 0 6 0.14
16012 1658482496 0 8 4.997 12.276 11.91
16013 1658482496 0 7 $GNGGA,093456.000,4423.52151,N,00856.27814,E,1,12,0.7,3.6,M,44.7,M,,*49
16014 1658482496 0 7 $GNGGA,093457.000,4423.52180,N,00856.27715,E,1,12,0.7,3.6,M,44.7,M,,*4A
16015 1658482497 0 1 0.197
16016 1658482497 0 7 $GNGGA,093458.000,4423.52213,N,00856.27605,E,1,12,0.7,3.5,M,44.7,M,,*4F
16017 1658482498 0 0 28.22 8.20 106.8 68.08 123.2 7.48 16.1 0.0 348.9 3.84 46.33 1.2
16018 1658482498 0 3 2.765 0.005
16019 1658482498 0 4 2.560 1.631
16020 1658482498 0 5 0.64
16021 1658482498 0 6 0.14
16022 1658482499 0 8 4.997 12.098 11.89
16023 1658482499 0 7 $GNGGA,093459.000,4423.52244,N,00856.27515,E,1,12,0.7,3.5,M,44.7,M,,*4E
16024 1658482499 0 7 $GNGGA,093500.000,4423.52270,N,00856.27413,E,1,12,0.7,3.4,M,44.7,M,,*42
16025 1658482500 0 1 0.338
16026 1658482500 0 7 $GNGGA,093501.000,4423.52297,N,00856.27308,E,1,12,0.7,3.4,M,44.7,M,,*47
16027 1658482501 0 0 28.20 8.20 106.8 68.08 123.2 7.48 16.1 0.0 349.9 3.88 46.33 1.2
16028 1658482501 0 3 2.766 0.005
16029 1658482501 0 4 2.560 1.626
16030 1658482501 0 5 0.64
16031 1658482501 0 6 0.14
16032 1658482501 0 8 4.997 12.088 11.89
16033 1658482502 0 7 $GNGGA,093502.000,4423.52331,N,00856.27205,E,1,12,0.7,3.4,M,44.7,M,,*45
16034 1658482502 0 7 $GNGGA,093503.000,4423.52367,N,00856.27102,E,1,12,0.7,3.3,M,44.7,M,,*44
16035 1658482503 0 1 0.204
16036 1658482503 0 7 $GNGGA,093504.000,4423.52398,N,00856.26995,E,1,12,0.7,3.3,M,44.7,M,,*44
16037 1658482504 0 0 28.17 8.20 106.9 68.06 123.2 7.49 16.1 0.0 352.7 3.78 46.32 1.2
16038 1658482504 0 3 2.766 0.005
16039 1658482504 0 4 2.560 1.626
16040 1658482504 0 5 0.64
16041 1658482504 0 6 0.14
16042 1658482504 0 8 4.997 12.295 11.89
16043 1658482505 0 7 $GNGGA,093505.000,4423.52430,N,00856.26890,E,1,12,0.7,3.2,M,44.7,M,,*45
16044 1658482505 0 7 $GNGGA,093506.000,4423.52468,N,00856.26786,E,1,12,0.7,3.3,M,44.7,M,,*42
16045 1658482506 0 1 0.836
16046 1658482506 0 7 $GNGGA,093507.000,4423.52507,N,00856.26685,E,1,12,0.7,3.2,M,44.7,M,,*48
16047 1658482507 0 0 28.15 8.20 106.9 68.02 123.2 7.49 16.1 0.0 352.4 3.72 46.29 1.2
16048 1658482507 0 3 2.766 0.005
16049 1658482507 0 4 2.559 1.626
16050 1658482507 0 5 0.64
16051 1658482507 0 6 0.14
16052 1658482507 0 8 4.997 12.088 11.89
16053 1658482508 0 7 $GNGGA,093508.000,4423.52542,N,00856.26577,E,1,12,0.7,3.1,M,44.7,M,,*4B
16054 1658482508 0 7 $GNGGA,093509.000,4423.52579,N,00856.26474,E,1,12,0.7,3.0,M,44.7,M,,*41
16055 1658482509 0 1 0.200
16056 1658482509 0 7 $GNGGA,093510.000,4423.52614,N,00856.26371,E,1,12,0.7,3.0,M,44.7,M,,*43
16057 1658482510 0 0 28.12 8.20 107.0 67.96 123.2 7.50 16.1 0.0 353.3 3.74 46.24 1.2
16058 1658482510 0 3 2.765 0.005
16059 1658482510 0 4 2.559 1.626
16060 1658482510 0 5 0.64
16061 1658482510 0 6 0.14
16062 1658482511 0 8 4.997 12.098 11.89
16063 1658482511 0 7 $GNGGA,093511.000,4423.52649,N,00856.26277,E,1,12,0.7,3.0,M,44.7,M,,*4D
16064 1658482511 0 7 $GNGGA,093512.000,4423.52681,N,00856.26179,E,1,12,0.7,3.0,M,44.7,M,,*47
16065 1658482512 0 1 0.208
16066 1658482512 0 7 $GNGGA,093513.000,4423.52714,N,00856.26076,E,1,12,0.7,3.1,M,44.7,M,,*44
16067 1658482513 0 0 28.17 8.20 106.9 67.89 123.2 7.49 16.1 0.0 349.9 3.83 46.19 1.2
16068 1658482513 0 3 2.765 0.005
16069 1658482513 0 4 2.560 1.626
16070 1658482513 0 5 0.64
16071 1658482513 0 6 0.14
16072 1658482514 0 8 4.997 12.276 11.91
16073 1658482514 0 7 $GNGGA,093514.000,4423.52753,N,00856.25969,E,1,12,0.7,3.1,M,44.7,M,,*44
16074 1658482514 0 7 $GNGGA,093515.000,4423.52791,N,00856.25860,E,1,12,0.7,3.0,M,44.7,M,,*42
16075 1658482515 0 1 0.182
16076 1658482515 0 7 $GNGGA,093516.000,4423.52830,N,00856.25745,E,1,12,0.7,3.0,M,44.7,M,,*4D
16077 1658482516 0 0 28.17 8.20 107.0 68.14 123.2 7.48 16.1 0.0 352.0 3.78 46.38 1.2
16078 1658482516 0 3 2.766 0.005
16079 1658482516 0 4 2.560 1.628
16080 1658482516 0 5 0.64
16081 1658482516 0 6 0.14
16082 1658482516 0 8 4.997 12.107 11.87
16083 1658482517 0 7 $GNGGA,093517.000,4423.52868,N,00856.25626,E,1,12,0.7,3.0,M,44.7,M,,*45
16084 1658482517 0 7 $GNGGA,093518.000,4423.52908,N,00856.25510,E,1,12,0.7,2.9,M,44.7,M,,*43
16085 1658482518 0 1 0.192
16086 1658482518 0 7 $GNGGA,093519.000,4423.52950,N,00856.25406,E,1,12,0.7,2.9,M,44.7,M,,*49
16087 1658482519 0 0 28.13 8.20 107.1 67.95 123.1 7.49 16.1 0.0 353.5 3.73 46.23 1.2
16088 1658482519 0 3 2.765 0.005
16089 1658482519 0 4 2.559 1.631
16090 1658482519 0 5 0.64
16091 1658482519 0 6 0.14
16092 1658482519 0 8 4.997 12.276 11.91
16093 1658482520 0 7 $GNGGA,093520.000,4423.52992,N,00856.25301,E,1,12,0.7,2.9,M,44.7,M,,*4D
16094 1658482520 0 7 $GNGGA,093521.000,4423.53029,N,00856.25199,E,1,12,0.7,3.0,M,44.7,M,,*4F
16095 1658482521 0 1 0.146
16096 1658482521 0 7 $GNGGA,093522.000,4423.53066,N,00856.25089,E,1,12,0.7,3.0,M,44.7,M,,*47
16097 1658482522 0 0 28.14 8.20 107.1 67.87 123.2 7.49 16.1 0.0 351.5 3.79 46.17 1.2
16098 1658482522 0 3 2.766 0.005
16099 1658482522 0 4 2.559 1.626
16100 1658482522 0 5 0.64
16101 1658482522 0 6 0.14
16102 1658482522 0 8 4.997 12.276 11.89
16103 1658482523 0 7 $GNGGA,093523.000,4423.53097,N,00856.24990,E,1,12,0.7,3.0,M,44.7,M,,*48
16104 1658482523 0 7 $GNGGA,093524.000,4423.53129,N,00856.24886,E,1,12,0.7,2.9,M,44.7,M,,*45
16105 1658482524 0 1 0.215
16106 1658482524 0 7 $GNGGA,093525.000,4423.53164,N,00856.24777,E,1,12,0.7,2.7,M,44.7,M,,*42
16107 1658482525 0 0 28.14 8.20 107.1 67.98 123.2 7.49 16.1 0.0 351.1 3.84 46.25 1.2
16108 1658482525 0 3 2.766 0.005
16109 1658482525 0 4 2.560 1.626
16110 1658482525 0 5 0.64
16111 1658482525 0 6 0.14
16112 1658482526 0 8 4.997 12.276 11.89
16113 1658482526 0 7 $GNGGA,093526.000,4423.53201,N,00856.24687,E,1,12,0.7,2.7,M,44.7,M,,*4F
16114 1658482526 0 7 $GNGGA,093527.000,4423.53243,N,00856.24580,E,1,12,0.7,2.5,M,44.7,M,,*4E
16115 1658482527 0 1 0.378
16116 1658482527 0 7 $GNGGA,093528.000,4423.53280,N,00856.24464,E,1,12,0.7,2.6,M,44.7,M,,*46
16117 1658482528 0 0 28.09 8.20 107.1 68.05 123.2 7.49 16.0 0.0 354.5 3.81 46.31 1.2
16118 1658482528 0 3 2.765 0.005
16119 1658482528 0 4 2.560 1.628
16120 1658482528 0 5 0.64
16121 1658482528 0 6 0.14
16122 1658482529 0 8 4.997 12.295 11.89
16123 1658482529 0 7 $GNGGA,093529.000,4423.53316,N,00856.24360,E,1,12,0.7,2.6,M,44.7,M,,*4A
16124 1658482529 0 7 $GNGGA,093530.000,4423.53345,N,00856.24279,E,1,12,0.7,2.6,M,44.7,M,,*4D
16125 1658482530 0 1 0.213
16126 1658482530 0 7 $GNGGA,093531.000,4423.53375,N,00856.24186,E,1,12,0.7,2.3,M,44.7,M,,*49
16127 1658482531 0 0 28.12 8.20 107.1 68.04 123.1 7.49 16.0 0.0 352.8 3.74 46.30 1.2
16128 1658482531 0 3 2.766 0.005
16129 1658482531 0 4 2.560 1.628
16130 1658482531 0 5 0.64
16131 1658482531 0 6 0.14
16132 1658482531 0 8 4.997 12.276 11.89
16133 1658482532 0 7 $GNGGA,093532.000,4423.53404,N,00856.24082,E,1,12,0.7,2.1,M,44.7,M,,*4C
16134 1658482532 0 7 $GNGGA,093533.000,4423.53441,N,00856.23967,E,1,12,0.7,2.1,M,44.7,M,,*49
16135 1658482533 0 1 0.894
16136 1658482533 0 7 $GNGGA,093534.000,4423.53491,N,00856.23848,E,1,12,0.7,2.1,M,44.7,M,,*4F
16137 1658482534 0 0 28.11 8.20 107.1 68.04 123.1 7.49 16.1 0.0 353.7 3.75 46.30 1.2
16138 1658482534 0 3 2.765 0.005
16139 1658482534 0 4 2.560 1.628
16140 1658482534 0 5 0.64
16141 1658482534 0 6 0.14
16142 1658482534 0 8 4.997 12.276 11.89
16143 1658482535 0 7 $GNGGA,093535.000,4423.53539,N,00856.23741,E,1,12,0.7,2.0,M,44.7,M,,*4A
16144 1658482535 0 7 $GNGGA,093536.000,4423.53580,N,00856.23638,E,1,12,0.7,1.8,M,44.7,M,,*4F
16145 1658482536 0 1 0.207
16146 1658482536 0 7 $GNGGA,093537.000,4423.53621,N,00856.23530,E,1,12,0.7,1.9,M,44.7,M,,*4C
16147 1658482537 0 0 28.12 8.20 107.2 68.01 123.1 7.49 16.1 0.0 353.0 3.79 46.28 1.2
16148 1658482537 0 3 2.765 0.005
16149 1658482537 0 4 2.560 1.628
16150 1658482537 0 5 0.64
16151 1658482537 0 6 0.14
16152 1658482537 0 8 4.997 12.285 11.91
16153 1658482538 0 7 $GNGGA,093538.000,4423.53664,N,00856.23421,E,1,12,0.7,2.1,M,44.7,M,,*48
16154 1658482538 0 7 $GNGGA,093539.000,4423.53701,N,00856.23313,E,1,12,0.7,2.1,M,44.7,M,,*4D
16155 1658482539 0 1 0.232
16156 1658482539 0 7 $GNGGA,093540.000,4423.53727,N,00856.23216,E,1,12,0.7,2.0,M,44.7,M,,*42
16157 1658482540 0 0 28.12 8.20 107.2 68.10 123.1 7.49 16.1 0.0 353.1 3.80 46.35 1.2
16158 1658482540 0 3 2.766 0.005
16159 1658482540 0 4 2.560 1.628
16160 1658482540 0 5 0.64
16161 1658482540 0 6 0.14
16162 1658482540 0 8 4.997 12.285 11.89
16163 1658482541 0 7 $GNGGA,093541.000,4423.53754,N,00856.23110,E,1,12,0.7,2.0,M,44.7,M,,*42
16164 1658482541 0 7 $GNGGA,093542.000,4423.53787,N,00856.22997,E,1,12,0.7,1.9,M,44.7,M,,*43
16165 1658482542 0 1 0.213
16166 1658482542 0 7 $GNGGA,093543.000,4423.53816,N,00856.22884,E,1,12,0.7,1.8,M,44.7,M,,*47
16167 1658482543 0 0 28.11 8.20 107.1 68.04 123.1 7.49 16.0 0.0 352.7 3.78 46.30 1.2
16168 1658482543 0 3 2.765 0.005
16169 1658482543 0 4 2.560 1.626
16170 1658482543 0 5 0.64
16171 1658482543 0 6 0.14
16172 1658482543 0 8 4.997 12.285 11.89
16173 1658482544 0 7 $GNGGA,093544.000,4423.53850,N,00856.22772,E,1,12,0.7,1.7,M,44.7,M,,*4B
16174 1658482544 0 7 $GNGGA,093545.000,4423.53886,N,00856.22662,E,1,12,0.7,1.5,M,44.7,M,,*43
16175 1658482545 0 1 0.249
16176 1658482545 0 7 $GNGGA,093546.000,4423.53928,N,00856.22555,E,1,12,0.7,1.3,M,44.7,M,,*44
16177 1658482546 0 0 28.13 8.20 107.2 68.07 123.1 7.48 16.0 0.0 352.4 3.78 46.33 1.2
16178 1658482546 0 3 2.765 0.005
16179 1658482546 0 4 2.560 1.626
16180 1658482546 0 5 0.64
16181 1658482546 0 6 0.14
16182 1658482546 0 8 4.997 12.295 11.89
16183 1658482547 0 7 $GNGGA,093547.000,4423.53962,N,00856.22445,E,1,12,0.7,1.2,M,44.7,M,,*4A
16184 1658482547 0 7 $GNGGA,093548.000,4423.53986,N,00856.22326,E,1,12,0.7,1.0,M,44.7,M,,*4F
16185 1658482548 0 1 0.182
16186 1658482548 0 7 $GNGGA,093549.000,4423.54016,N,00856.22215,E,1,12,0.7,0.9,M,44.7,M,,*40
16187 1658482549 0 0 28.14 8.20 107.2 68.05 123.1 7.48 16.1 0.0 351.9 3.79 46.31 1.2
16188 1658482549 0 3 2.765 0.005
16189 1658482549 0 4 2.561 1.626
16190 1658482549 0 5 0.64
16191 1658482549 0 6 0.14
16192 1658482549 0 8 4.997 12.285 11.89
16193 1658482550 0 7 $GNGGA,093550.000,4423.54049,N,00856.22106,E,1,12,0.7,0.8,M,44.7,M,,*42
16194 1658482550 0 7 $GNGGA,093551.000,4423.54077,N,00856.22005,E,1,12,0.7,0.6,M,44.7,M,,*42
16195 1658482551 0 1 0.249
16196 1658482551 0 7 $GNGGA,093552.000,4423.54101,N,00856.21899,E,1,12,0.7,0.6,M,44.7,M,,*4F
16197 1658482552 0 0 28.15 8.20 107.2 67.95 123.0 7.48 16.0 0.0 352.3 3.85 46.23 1.2
16198 1658482552 0 3 2.765 0.005
16199 1658482552 0 4 2.561 1.626
16200 1658482552 0 5 0.64
16201 1658482552 0 6 0.14
16202 1658482553 0 8 4.997 12.285 11.89
16203 1658482553 0 7 $GNGGA,093553.000,4423.54130,N,00856.21790,E,1,12,0.7,0.6,M,44.7,M,,*4A
16204 1658482553 0 7 $GNGGA,093554.000,4423.54164,N,00856.21673,E,1,12,0.7,0.5,M,44.7,M,,*43
16205 1658482554 0 1 0.388
16206 1658482554 0 7 $GNGGA,093555.000,4423.54194,N,00856.21542,E,1,12,0.7,0.2,M,44.7,M,,*4B
16207 1658482555 0 0 28.16 8.20 107.3 68.00 123.0 7.48 16.0 0.0 350.9 3.82 46.27 1.2
16208 1658482555 0 3 2.765 0.005
16209 1658482555 0 4 2.561 1.628
16210 1658482555 0 5 0.64
16211 1658482555 0 6 0.14
16212 1658482555 0 8 4.997 12.285 11.89
16213 1658482556 0 7 $GNGGA,093556.000,4423.54217,N,00856.21416,E,1,12,0.7,0.1,M,44.7,M,,*43
16214 1658482556 0 7 $GNGGA,093557.000,4423.54239,N,00856.21303,E,1,12,0.7,0.0,M,44.7,M,,*4C
16215 1658482557 0 2 0.07040000 4.38600015 1.54040002 0.03370000 2.71589994 0.00540000 0.06450000 0.31189999 1.00000000 86.19000244
16216 1658482558 0 1 0.219
16217 1658482558 0 0 28.19 8.20 107.3 68.01 123.0 7.47 16.0 0.0 349.7 3.78 46.28 1.2
16218 1658482558 0 3 2.766 0.005
16219 1658482558 0 4 2.560 1.626
16220 1658482558 0 5 0.64
16221 1658482558 0 6 0.14
16222 1658482559 0 8 4.997 12.285 11.91
16223 1658482559 0 7 $GNGGA,093558.000,4423.54260,N,00856.21191,E,1,12,0.7,-0.0,M,44.7,M,,*6B
16224 1658482560 0 1 0.888
16225 1658482560 0 7 $GNGGA,093601.000,4423.54331,N,00856.20874,E,1,12,0.7,0.1,M,44.7,M,,*4E
16226 1658482561 0 0 28.19 8.20 107.3 68.03 123.0 7.47 16.0 0.0 350.6 3.73 46.29 1.2
16227 1658482561 0 3 2.766 0.005
16228 1658482561 0 4 2.560 1.628
16229 1658482561 0 5 0.64
16230 1658482561 0 6 0.14
16231 1658482561 0 8 4.997 12.285 11.89
16232 1658482562 0 7 $GNGGA,093602.000,4423.54350,N,00856.20766,E,1,12,0.7,0.1,M,44.7,M,,*46
16233 1658482562 0 7 $GNGGA,093603.000,4423.54367,N,00856.20659,E,1,12,0.7,0.1,M,44.7,M,,*4E
16234 1658482563 0 1 0.226
16235 1658482563 0 7 $GNGGA,093604.000,4423.54381,N,00856.20548,E,1,12,0.7,-0.1,M,44.7,M,,*6F
16236 1658482564 0 0 28.21 8.20 107.3 68.10 122.9 7.46 16.0 0.0 350.3 3.76 46.34 1.2
16237 1658482564 0 3 2.766 0.005
16238 1658482564 0 4 2.560 1.626
16239 1658482564 0 5 0.63
16240 1658482564 0 6 0.14
16241 1658482564 0 8 4.997 12.285 11.89
16242 1658482565 0 7 $GNGGA,093605.000,4423.54399,N,00856.20432,E,1,12,0.7,-0.1,M,44.7,M,,*6B
16243 1658482565 0 7 $GNGGA,093606.000,4423.54424,N,00856.20324,E,1,12,0.7,-0.0,M,44.7,M,,*68
16244 1658482566 0 1 0.209
16245 1658482566 0 7 $GNGGA,093607.000,4423.54450,N,00856.20214,E,1,12,0.7,0.1,M,44.7,M,,*44
16246 1658482567 0 0 28.24 8.20 107.2 68.03 123.0 7.46 16.0 0.0 348.4 3.78 46.29 1.2
16247 1658482567 0 3 2.766 0.005
16248 1658482567 0 4 2.561 1.626
16249 1658482567 0 5 0.64
16250 1658482567 0 6 0.14
16251 1658482567 0 8 4.997 12.285 11.89
16253 1658482568 0 7 $GNGGA,093609.000,4423.54494,N,00856.19983,E,1,12,0.7,0.2,M,44.7,M,,*4E
16254 1658482569 0 1 0.200
16255 1658482570 0 7 $GNGGA,093610.000,4423.54505,N,00856.19883,E,1,12,0.7,0.4,M,44.7,M,,*48
16256 1658482570 0 0 28.25 8.20 107.3 68.06 122.9 7.46 16.0 0.0 349.2 3.80 46.31 1.2
16257 1658482570 0 3 2.766 0.005
16258 1658482570 0 4 2.560 1.626
16259 1658482570 0 5 0.64
16260 1658482570 0 6 0.14
16261 1658482571 0 8 4.997 12.285 11.91
16262 1658482571 0 7 $GNGGA,093611.000,4423.54512,N,00856.19792,E,1,12,0.7,0.4,M,44.7,M,,*40
16263 1658482571 0 7 $GNGGA,093612.000,4423.54520,N,00856.19696,E,1,12,0.7,0.5,M,44.7,M,,*46
16264 1658482572 0 1 0.229
16265 1658482572 0 7 $GNGGA,093613.000,4423.54528,N,00856.19592,E,1,12,0.7,0.6,M,44.7,M,,*4B
16266 1658482573 0 0 28.26 8.20 107.3 68.06 122.9 7.46 16.1 0.0 349.4 3.77 46.31 1.2
16267 1658482573 0 3 2.766 0.005
16268 1658482573 0 4 2.560 1.626
16269 1658482573 0 5 0.63
16270 1658482573 0 6 0.14
16271 1658482573 0 8 4.997 12.285 11.89
16272 1658482574 0 7 $GNGGA,093614.000,4423.54544,N,00856.19495,E,1,12,0.7,0.7,M,44.7,M,,*41
16273 1658482574 0 7 $GNGGA,093615.000,4423.54557,N,00856.19395,E,1,12,0.7,0.9,M,44.7,M,,*4B
16274 1658482575 0 1 0.199
16275 1658482575 0 7 $GNGGA,093616.000,4423.54573,N,00856.19289,E,1,12,0.7,1.0,M,44.7,M,,*4A
16276 1658482576 0 0 28.27 8.20 107.3 68.04 122.9 7.46 16.0 0.0 349.2 3.77 46.29 1.2
16277 1658482576 0 3 2.766 0.005
16278 1658482576 0 4 2.560 1.623
16279 1658482576 0 5 0.63
16280 1658482576 0 6 0.14
16281 1658482576 0 8 4.997 12.285 11.89
16282 1658482577 0 7 $GNGGA,093617.000,4423.54589,N,00856.19187,E,1,12,0.7,1.0,M,44.7,M,,*43
16283 1658482577 0 7 $GNGGA,093618.000,4423.54607,N,00856.19086,E,1,12,0.7,1.0,M,44.7,M,,*49
16284 1658482578 0 1 0.236
16285 1658482578 0 7 $GNGGA,093619.000,4423.54627,N,00856.18982,E,1,12,0.7,1.1,M,44.7,M,,*47
16286 1658482579 0 0 28.30 8.20 107.3 68.09 122.9 7.45 15.9 0.0 348.2 3.76 46.33 1.2
16287 1658482579 0 3 2.766 0.005
16288 1658482579 0 4 2.560 1.618
16289 1658482579 0 5 0.63
16290 1658482579 0 6 0.14
16291 1658482579 0 8 4.997 12.285 11.89
16292 1658482580 0 7 $GNGGA,093620.000,4423.54639,N,00856.18883,E,1,12,0.7,1.1,M,44.7,M,,*42
16293 1658482580 0 7 $GNGGA,093621.000,4423.54656,N,00856.18766,E,1,12,0.7,1.1,M,44.7,M,,*4E
16294 1658482581 0 1 0.382
16295 1658482581 0 7 $GNGGA,093622.000,4423.54677,N,00856.18627,E,1,12,0.7,1.1,M,44.7,M,,*4A
16296 1658482582 0 0 28.32 8.20 107.3 68.05 122.9 7.45 16.0 0.0 347.9 3.74 46.30 1.2
16297 1658482582 0 3 2.766 0.005
16298 1658482582 0 4 2.560 1.618
16299 1658482582 0 5 0.63
16300 1658482582 0 6 0.14
16301 1658482582 0 8 4.997 12.266 11.89
16302 1658482583 0 7 $GNGGA,093623.000,4423.54699,N,00856.18512,E,1,12,0.7,0.8,M,44.7,M,,*46
16303 1658482583 0 7 $GNGGA,093624.000,4423.54716,N,00856.18413,E,1,12,0.7,0.6,M,44.7,M,,*49
16304 1658482584 0 1 0.204
16305 1658482584 0 7 $GNGGA,093625.000,4423.54733,N,00856.18308,E,1,12,0.7,0.4,M,44.7,M,,*40
16306 1658482585 0 0 28.32 8.20 107.3 68.08 122.9 7.45 16.0 0.0 346.9 3.81 46.32 1.2
16307 1658482585 0 3 2.766 0.005
16308 1658482585 0 4 2.560 1.621
16309 1658482585 0 5 0.64
16310 1658482585 0 6 0.14
16311 1658482585 0 8 4.997 12.276 11.89
16312 1658482586 0 7 $GNGGA,093626.000,4423.54761,N,00856.18185,E,1,12,0.7,0.2,M,44.7,M,,*45
16313 1658482586 0 7 $GNGGA,093627.000,4423.54796,N,00856.18048,E,1,12,0.7,-0.1,M,44.7,M,,*62
16314 1658482587 0 1 0.866
16315 1658482587 0 7 $GNGGA,093628.000,4423.54817,N,00856.17943,E,1,12,0.7,-0.1,M,44.7,M,,*66
16316 1658482588 0 0 28.32 8.20 107.3 68.10 122.9 7.45 16.0 0.0 348.1 3.83 46.34 1.3
16317 1658482588 0 3 2.766 0.005
16318 1658482588 0 4 2.560 1.618
16319 1658482588 0 5 0.64
16320 1658482588 0 6 0.14
16321 1658482588 0 8 4.997 12.285 11.91
16322 1658482589 0 7 $GNGGA,093629.000,4423.54824,N,00856.17852,E,1,12,0.7,-0.2,M,44.7,M,,*65
16323 1658482589 0 7 $GNGGA,093630.000,4423.54839,N,00856.17763,E,1,12,0.7,-0.1,M,44.7,M,,*6F
16324 1658482590 0 1 0.217
16325 1658482590 0 7 $GNGGA,093631.000,4423.54861,N,00856.17674,E,1,12,0.7,0.1,M,44.7,M,,*49
16326 1658482591 0 0 28.31 8.20 107.3 68.05 122.9 7.45 16.0 0.0 350.0 3.82 46.30 1.2
16327 1658482591 0 3 2.766 0.005
16328 1658482591 0 4 2.561 1.621
16329 1658482591 0 5 0.64
16330 1658482591 0 6 0.14
16331 1658482591 0 8 4.997 12.285 11.89
16332 1658482592 0 7 $GNGGA,093632.000,4423.54889,N,00856.17578,E,1,12,0.7,0.1,M,44.7,M,,*43
16333 1658482592 0 7 $GNGGA,093633.000,4423.54921,N,00856.17492,E,1,12,0.7,0.6,M,44.7,M,,*43
16334 1658482593 0 1 0.232
16335 1658482593 0 7 $GNGGA,093634.000,4423.54953,N,00856.17396,E,1,12,0.7,0.8,M,44.7,M,,*4C
16336 1658482594 0 0 28.31 8.20 107.4 68.09 122.9 7.45 16.0 0.0 348.8 3.89 46.33 1.2
16337 1658482594 0 3 2.766 0.005
16338 1658482594 0 4 2.560 1.618
16339 1658482594 0 5 0.64
16340 1658482594 0 6 0.14
16341 1658482594 0 8 4.997 12.285 11.89
16342 1658482595 0 7 $GNGGA,093635.000,4423.54999,N,00856.17292,E,1,12,0.7,1.1,M,44.7,M,,*46
16343 1658482595 0 7 $GNGGA,093636.000,4423.55052,N,00856.17201,E,1,12,0.7,1.2,M,44.7,M,,*43
16344 1658482596 0 1 0.174
16345 1658482596 0 7 $GNGGA,093637.000,4423.55084,N,00856.17110,E,1,12,0.7,1.3,M,44.7,M,,*4B
16346 1658482597 0 0 28.32 8.20 107.4 68.09 122.9 7.45 16.0 0.0 348.4 3.96 46.33 1.2
16347 1658482597 0 3 2.766 0.005
16348 1658482597 0 4 2.560 1.616
16349 1658482597 0 5 0.64
16350 1658482597 0 6 0.14
16351 1658482597 0 8 4.997 12.285 11.91
16352 1658482598 0 7 $GNGGA,093638.000,4423.55103,N,00856.17017,E,1,12,0.7,1.4,M,44.7,M,,*4B
16353 1658482598 0 7 $GNGGA,093639.000,4423.55127,N,00856.16928,E,1,12,0.7,1.5,M,44.7,M,,*49
16354 1658482599 0 1 0.210
16355 1658482599 0 7 $GNGGA,093640.000,4423.55159,N,00856.16838,E,1,12,0.7,1.6,M,44.7,M,,*4D
16356 1658482600 0 0 28.32 8.20 107.4 68.08 122.9 7.45 16.0 0.0 349.4 3.92 46.32 1.2
16357 1658482600 0 3 2.767 0.005
16358 1658482600 0 4 2.561 1.616
16359 1658482600 0 5 0.64
16360 1658482600 0 6 0.14
16361 1658482600 0 8 4.997 12.285 11.89
16362 1658482601 0 7 $GNGGA,093641.000,4423.55187,N,00856.16752,E,1,12,0.7,1.6,M,44.7,M,,*4C
16363 1658482601 0 7 $GNGGA,093642.000,4423.55212,N,00856.16669,E,1,12,0.7,1.8,M,44.7,M,,*47
16364 1658482602 0 1 0.148
16365 1658482602 0 7 $GNGGA,093643.000,4423.55247,N,00856.16578,E,1,12,0.7,1.9,M,44.7,M,,*44
16366 1658482603 0 0 28.32 8.20 107.4 68.09 122.9 7.45 16.0 0.0 350.1 3.89 46.34 1.2
16367 1658482603 0 3 2.767 0.005
16368 1658482603 0 4 2.560 1.616
16369 1658482603 0 5 0.64
16370 1658482603 0 6 0.14
16371 1658482603 0 8 4.997 12.285 11.89
16372 1658482604 0 7 $GNGGA,093644.000,4423.55272,N,00856.16487,E,1,12,0.7,2.0,M,44.7,M,,*4E
16373 1658482604 0 7 $GNGGA,093645.000,4423.55290,N,00856.16378,E,1,12,0.7,2.2,M,44.7,M,,*46
16374 1658482605 0 1 0.222
16375 1658482605 0 7 $GNGGA,093646.000,4423.55311,N,00856.16271,E,1,12,0.7,2.4,M,44.7,M,,*43
16376 1658482606 0 0 28.32 8.20 107.4 68.18 122.9 7.44 16.0 0.0 350.9 3.90 46.41 1.3
16377 1658482606 0 3 2.766 0.005
16378 1658482606 0 4 2.560 1.613
16379 1658482606 0 5 0.64
16380 1658482606 0 6 0.14
16381 1658482606 0 8 4.997 12.276 11.89
16382 1658482607 0 7 $GNGGA,093647.000,4423.55330,N,00856.16158,E,1,12,0.7,2.5,M,44.7,M,,*48
16383 1658482607 0 7 $GNGGA,093648.000,4423.55352,N,00856.16048,E,1,12,0.7,2.7,M,44.7,M,,*41
16384 1658482608 0 1 0.382
16385 1658482608 0 7 $GNGGA,093649.000,4423.55375,N,00856.15938,E,1,12,0.7,2.8,M,44.7,M,,*47
16386 1658482609 0 0 28.32 8.20 107.4 68.10 122.9 7.45 16.0 0.0 350.4 3.91 46.34 1.2
16387 1658482609 0 3 2.766 0.005
16388 1658482609 0 4 2.560 1.611
16389 1658482609 0 5 0.64
16390 1658482609 0 6 0.14
16391 1658482610 0 8 4.997 12.285 11.89
16392 1658482610 0 7 $GNGGA,093650.000,4423.55392,N,00856.15840,E,1,12,0.7,2.9,M,44.7,M,,*49
16393 1658482610 0 7 $GNGGA,093651.000,4423.55406,N,00856.15730,E,1,12,0.7,3.0,M,44.7,M,,*42
16394 1658482611 0 1 0.209
16395 1658482611 0 7 $GNGGA,093652.000,4423.55430,N,00856.15610,E,1,12,0.7,3.1,M,44.7,M,,*46
16396 1658482612 0 0 28.33 8.20 107.4 68.08 122.9 7.45 16.0 0.0 350.7 3.92 46.32 1.2
16397 1658482612 0 3 2.766 0.005
16398 1658482612 0 4 2.560 1.611
16399 1658482612 0 5 0.64
16400 1658482612 0 6 0.14
16401 1658482612 0 8 4.997 12.266 11.89
16402 1658482613 0 7 $GNGGA,093653.000,4423.55451,N,00856.15492,E,1,12,0.7,3.2,M,44.7,M,,*4B
16403 1658482613 0 7 $GNGGA,093654.000,4423.55470,N,00856.15378,E,1,12,0.7,3.2,M,44.7,M,,*4C
16404 1658482614 0 1 0.890
16405 1658482614 0 7 $GNGGA,093655.000,4423.55487,N,00856.15271,E,1,12,0.7,3.2,M,44.7,M,,*4D
16406 1658482615 0 0 28.34 8.20 107.4 68.09 122.9 7.45 15.9 0.0 351.6 3.86 46.34 1.2
16407 1658482615 0 3 2.766 0.005
16408 1658482615 0 4 2.560 1.608
16409 1658482615 0 5 0.64
16410 1658482615 0 6 0.14
16411 1658482615 0 8 4.997 12.285 11.89
16412 1658482616 0 7 $GNGGA,093656.000,4423.55503,N,00856.15158,E,1,12,0.7,3.2,M,44.7,M,,*4B
16413 1658482616 0 7 $GNGGA,093657.000,4423.55521,N,00856.15047,E,1,12,0.7,3.2,M,44.7,M,,*45
16414 1658482617 0 1 0.244
16415 1658482617 0 7 $GNGGA,093658.000,4423.55539,N,00856.14943,E,1,12,0.7,3.0,M,44.7,M,,*4D
16416 1658482618 0 0 28.35 8.20 107.4 68.17 122.9 7.44 16.0 0.0 351.6 3.86 46.39 1.2
16417 1658482618 0 3 2.766 0.005
16418 1658482618 0 4 2.562 1.609
16419 1658482618 0 5 0.64
16420 1658482618 0 6 0.14
16421 1658482618 0 8 4.997 12.098 11.89
16422 1658482619 0 7 $GNGGA,093659.000,4423.55554,N,00856.14838,E,1,12,0.7,3.0,M,44.7,M,,*4A
16423 1658482619 0 7 $GNGGA,093700.000,4423.55568,N,00856.14734,E,1,12,0.7,2.9,M,44.7,M,,*43
16424 1658482620 0 1 0.231
16425 1658482620 0 7 $GNGGA,093701.000,4423.55583,N,00856.14640,E,1,12,0.7,2.8,M,44.7,M,,*44
16426 1658482621 0 0 28.35 8.20 107.5 68.15 122.9 7.44 16.0 0.0 351.3 3.86 46.38 1.3
16427 1658482621 0 3 2.766 0.006
16428 1658482621 0 4 2.562 1.611
16429 1658482621 0 5 0.64
16430 1658482621 0 6 0.14
16431 1658482621 0 8 4.997 12.088 11.89
16432 1658482622 0 7 $GNGGA,093702.000,4423.55596,N,00856.14545,E,1,12,0.7,2.6,M,44.7,M,,*4B
16433 1658482622 0 7 $GNGGA,093703.000,4423.55614,N,00856.14435,E,1,12,0.7,2.5,M,44.7,M,,*46
16434 1658482623 0 1 0.188
16435 1658482623 0 7 $GNGGA,093704.000,4423.55636,N,00856.14302,E,1,12,0.7,2.7,M,44.7,M,,*40
16436 1658482624 0 0 28.36 8.20 107.4 68.09 122.9 7.45 16.0 0.0 351.3 3.87 46.33 1.3
16437 1658482624 0 3 2.766 0.005
16438 1658482624 0 4 2.560 1.608
16439 1658482624 0 5 0.64
16440 1658482624 0 6 0.14
16441 1658482624 0 8 4.997 12.295 11.89
16442 1658482625 0 7 $GNGGA,093705.000,4423.55656,N,00856.14192,E,1,12,0.7,2.7,M,44.7,M,,*4C
16443 1658482625 0 7 $GNGGA,093706.000,4423.55677,N,00856.14078,E,1,12,0.7,2.7,M,44.7,M,,*49
16444 1658482626 0 1 0.241
16445 1658482626 0 7 $GNGGA,093707.000,4423.55698,N,00856.13959,E,1,12,0.7,2.8,M,44.7,M,,*4B
16446 1658482627 0 0 28.38 8.20 107.4 68.18 122.9 7.44 16.0 0.0 351.7 3.81 46.40 1.2
16447 1658482627 0 3 2.766 0.006
16448 1658482627 0 4 2.560 1.611
16449 1658482627 0 5 0.64
16450 1658482627 0 6 0.14
16451 1658482627 0 8 4.997 12.098 11.87
16452 1658482628 0 7 $GNGGA,093708.000,4423.55720,N,00856.13845,E,1,12,0.7,2.8,M,44.7,M,,*4A
16453 1658482628 0 7 $GNGGA,093709.000,4423.55738,N,00856.13749,E,1,12,0.7,2.7,M,44.7,M,,*4E
16454 1658482629 0 1 0.133
16455 1658482629 0 7 $GNGGA,093710.000,4423.55750,N,00856.13668,E,1,12,0.7,2.7,M,44.7,M,,*4A
16456 1658482630 0 0 28.37 8.20 107.4 68.07 122.9 7.45 16.0 0.0 353.2 3.82 46.31 1.2
16457 1658482630 0 3 2.766 0.005
16458 1658482630 0 4 2.561 1.609
16459 1658482630 0 5 0.64
16460 1658482630 0 6 0.14
16461 1658482630 0 8 4.997 12.098 11.89
16462 1658482631 0 7 $GNGGA,093711.000,4423.55768,N,00856.13574,E,1,12,0.7,2.8,M,44.7,M,,*41
16463 1658482631 0 7 $GNGGA,093712.000,4423.55788,N,00856.13464,E,1,12,0.7,2.7,M,44.7,M,,*43
16464 1658482632 0 1 0.244
16465 1658482632 0 7 $GNGGA,093713.000,4423.55809,N,00856.13356,E,1,12,0.7,2.7,M,44.7,M,,*42
16466 1658482633 0 0 28.37 8.20 107.4 68.05 123.0 7.45 16.0 0.0 351.8 3.86 46.30 1.2
16467 1658482633 0 3 2.766 0.005
16468 1658482633 0 4 2.561 1.608
16469 1658482633 0 5 0.65
16470 1658482633 0 6 0.14
16471 1658482633 0 8 4.997 12.266 11.89
16472 1658482634 0 7 $GNGGA,093714.000,4423.55828,N,00856.13255,E,1,12,0.7,2.7,M,44.7,M,,*44
16473 1658482634 0 7 $GNGGA,093715.000,4423.55851,N,00856.13144,E,1,12,0.7,2.7,M,44.7,M,,*48
16474 1658482635 0 1 0.414
16475 1658482635 0 7 $GNGGA,093716.000,4423.55878,N,00856.13032,E,1,12,0.7,2.6,M,44.7,M,,*41
16476 1658482636 0 0 28.38 8.20 107.3 68.05 123.1 7.45 16.0 0.0 354.3 3.84 46.30 1.2
16477 1658482636 0 3 2.767 0.005
16478 1658482636 0 4 2.560 1.606
16479 1658482636 0 5 0.65
16480 1658482636 0 6 0.14
16481 1658482636 0 8 4.997 12.107 11.87
16482 1658482637 0 7 $GNGGA,093717.000,4423.55905,N,00856.12919,E,1,12,0.7,2.6,M,44.7,M,,*4A
16483 1658482637 0 7 $GNGGA,093718.000,4423.55930,N,00856.12802,E,1,12,0.7,2.5,M,44.7,M,,*4B
16484 1658482638 0 1 0.230
16485 1658482638 0 7 $GNGGA,093719.000,4423.55955,N,00856.12689,E,1,12,0.7,2.4,M,44.7,M,,*45
16486 1658482639 0 0 28.35 8.20 107.3 68.07 123.1 7.46 16.0 0.0 355.9 3.82 46.31 1.2
16487 1658482639 0 3 2.766 0.005
16488 1658482639 0 4 2.561 1.606
16489 1658482639 0 5 0.65
16490 1658482639 0 6 0.14
16491 1658482640 0 8 4.997 12.295 11.91
16492 1658482640 0 7 $GNGGA,093720.000,4423.55981,N,00856.12581,E,1,12,0.7,2.2,M,44.7,M,,*4B
16493 1658482640 0 7 $GNGGA,093721.000,4423.56009,N,00856.12481,E,1,12,0.7,2.1,M,44.7,M,,*42
16494 1658482641 0 1 1.060
16495 1658482641 0 7 $GNGGA,093722.000,4423.56044,N,00856.12389,E,1,12,0.7,2.0,M,44.7,M,,*46
16496 1658482642 0 0 28.36 8.20 107.4 68.06 123.1 7.46 16.0 0.0 354.3 3.80 46.31 1.2
16497 1658482642 0 3 2.766 0.005
16498 1658482642 0 4 2.560 1.606
16499 1658482642 0 5 0.65
16500 1658482642 0 6 0.14
16501 1658482642 0 8 4.997 12.276 11.89
16502 1658482643 0 7 $GNGGA,093723.000,4423.56066,N,00856.12296,E,1,12,0.7,1.9,M,44.7,M,,*42
16503 1658482643 0 7 $GNGGA,093724.000,4423.56080,N,00856.12208,E,1,12,0.7,1.9,M,44.7,M,,*4A
16504 1658482644 0 1 0.245
16505 1658482644 0 7 $GNGGA,093725.000,4423.56099,N,00856.12114,E,1,12,0.7,2.0,M,44.7,M,,*47
16506 1658482645 0 0 28.40 8.20 107.4 68.12 123.2 7.46 16.0 0.0 352.2 3.81 46.35 1.3
16507 1658482645 0 3 2.766 0.005
16508 1658482645 0 4 2.560 1.606
16509 1658482645 0 5 0.64
16510 1658482645 0 6 0.14
16511 1658482646 0 8 4.997 12.276 11.89
16512 1658482646 0 7 $GNGGA,093726.000,4423.56123,N,00856.12009,E,1,12,0.7,2.0,M,44.7,M,,*49
16513 1658482646 0 7 $GNGGA,093727.000,4423.56147,N,00856.11905,E,1,12,0.7,2.0,M,44.7,M,,*4C
16514 1658482647 0 1 0.236
16515 1658482647 0 7 $GNGGA,093728.000,4423.56175,N,00856.11797,E,1,12,0.7,2.0,M,44.7,M,,*47
16516 1658482648 0 0 28.36 8.20 107.3 68.08 123.2 7.46 16.0 0.0 357.5 3.83 46.32 1.2
16517 1658482648 0 3 2.767 0.005
16518 1658482648 0 4 2.560 1.616
16519 1658482648 0 5 0.64
16520 1658482648 0 6 0.15
16521 1658482648 0 8 4.997 12.285 11.89
16522 1658482649 0 7 $GNGGA,093729.000,4423.56202,N,00856.11696,E,1,12,0.7,2.1,M,44.7,M,,*44
16523 1658482649 0 7 $GNGGA,093730.000,4423.56229,N,00856.11600,E,1,12,0.7,2.2,M,44.7,M,,*49
16524 1658482650 0 1 0.178
16525 1658482650 0 7 $GNGGA,093731.000,4423.56260,N,00856.11499,E,1,12,0.7,2.2,M,44.7,M,,*47
16526 1658482651 0 0 28.37 8.20 107.3 68.02 123.2 7.47 16.0 0.0 356.4 3.82 46.28 1.2
16527 1658482651 0 3 2.766 0.005
16528 1658482651 0 4 2.560 1.611
16529 1658482651 0 5 0.64
16530 1658482651 0 6 0.15
16531 1658482651 0 8 4.997 12.276 11.89
16532 1658482652 0 7 $GNGGA,093732.000,4423.56290,N,00856.11396,E,1,12,0.7,2.3,M,44.7,M,,*42
16533 1658482652 0 7 $GNGGA,093733.000,4423.56323,N,00856.11298,E,1,12,0.7,2.4,M,44.7,M,,*42
16534 1658482653 0 1 0.239
16535 1658482653 0 7 $GNGGA,093734.000,4423.56348,N,00856.11201,E,1,12,0.7,2.4,M,44.7,M,,*48
16536 1658482654 0 0 28.36 8.20 107.3 68.02 123.2 7.47 16.0 0.0 356.2 3.83 46.28 1.2
16537 1658482654 0 3 2.767 0.005
16538 1658482654 0 4 2.560 1.613
16539 1658482654 0 5 0.64
16540 1658482654 0 6 0.15
16541 1658482655 0 8 4.997 12.276 11.89
16542 1658482655 0 7 $GNGGA,093735.000,4423.56370,N,00856.11105,E,1,12,0.7,2.5,M,44.7,M,,*44
16543 1658482655 0 7 $GNGGA,093736.000,4423.56397,N,00856.10999,E,1,12,0.7,2.5,M,44.7,M,,*42
16544 1658482656 0 1 0.163
16545 1658482656 0 7 $GNGGA,093737.000,4423.56423,N,00856.10912,E,1,12,0.7,2.6,M,44.7,M,,*4B
16546 1658482657 0 0 28.37 8.20 107.3 68.08 123.2 7.46 16.0 0.0 358.4 3.85 46.32 1.3
16547 1658482657 0 3 2.767 0.005
16548 1658482657 0 4 2.560 1.611
16549 1658482657 0 5 0.64
16550 1658482657 0 6 0.15
16551 1658482657 0 8 4.997 12.285 11.89
16552 1658482658 0 7 $GNGGA,093738.000,4423.56452,N,00856.10821,E,1,12,0.7,2.6,M,44.7,M,,*43
16553 1658482658 0 7 $GNGGA,093739.000,4423.56480,N,00856.10722,E,1,12,0.7,2.5,M,44.7,M,,*42
16554 1658482659 0 1 0.245
16555 1658482659 0 7 $GNGGA,093740.000,4423.56505,N,00856.10615,E,1,12,0.7,2.4,M,44.7,M,,*44
16556 1658482660 0 0 28.37 8.20 107.2 68.14 123.3 7.46 16.0 0.0 359.0 3.84 46.37 1.3
16557 1658482660 0 3 2.767 0.005
16558 1658482660 0 4 2.560 1.613
16559 1658482660 0 5 0.64
16560 1658482660 0 6 0.15
16561 1658482661 0 8 4.997 12.285 11.89
16562 1658482661 0 7 $GNGGA,093741.000,4423.56534,N,00856.10513,E,1,12,0.7,2.3,M,44.7,M,,*45
16563 1658482661 0 7 $GNGGA,093742.000,4423.56562,N,00856.10414,E,1,12,0.7,2.3,M,44.7,M,,*43
16564 1658482662 0 1 0.418
16565 1658482662 0 7 $GNGGA,093743.000,4423.56592,N,00856.10309,E,1,12,0.7,2.3,M,44.7,M,,*46
16566 1658482663 0 0 28.37 8.20 107.2 68.17 123.3 7.46 16.1 0.0 358.1 3.84 46.39 1.3
16567 1658482663 0 3 2.767 0.005
16568 1658482663 0 4 2.560 1.613
16569 1658482663 0 5 0.64
16570 1658482663 0 6 0.14
16571 1658482664 0 8 4.997 12.285 11.89
16572 1658482664 0 7 $GNGGA,093744.000,4423.56621,N,00856.10201,E,1,12,0.7,2.2,M,44.7,M,,*42
16573 1658482664 0 7 $GNGGA,093745.000,4423.56651,N,00856.10106,E,1,12,0.7,2.2,M,44.7,M,,*40
16574 1658482665 0 1 0.219
16575 1658482665 0 7 $GNGGA,093746.000,4423.56682,N,00856.10001,E,1,12,0.7,2.1,M,44.7,M,,*48
16576 1658482666 0 0 28.37 8.20 107.1 67.99 123.3 7.47 16.0 0.0 360.1 3.86 46.25 1.3
16577 1658482666 0 3 2.767 0.005
16578 1658482666 0 4 2.560 1.618
16579 1658482666 0 5 0.64
16580 1658482666 0 6 0.14
16581 1658482667 0 8 4.997 12.285 11.91
16582 1658482667 0 7 $GNGGA,093747.000,4423.56714,N,00856.09893,E,1,12,0.7,2.1,M,44.7,M,,*4C
16583 1658482667 0 7 $GNGGA,093748.000,4423.56743,N,00856.09781,E,1,12,0.7,2.0,M,44.7,M,,*4C
16584 1658482668 0 1 1.059
16585 1658482668 0 7 $GNGGA,093749.000,4423.56776,N,00856.09669,E,1,12,0.7,2.0,M,44.7,M,,*4C
16586 1658482669 0 0 28.37 8.20 107.1 67.98 123.3 7.47 16.0 0.0 360.2 3.84 46.24 1.2
16587 1658482669 0 3 2.767 0.005
16588 1658482669 0 4 2.560 1.616
16589 1658482669 0 5 0.64
16590 1658482669 0 6 0.14
16591 1658482670 0 8 4.997 12.285 11.89
16592 1658482670 0 7 $GNGGA,093750.000,4423.56809,N,00856.09558,E,1,12,0.7,1.9,M,44.7,M,,*48
16593 1658482670 0 7 $GNGGA,093751.000,4423.56844,N,00856.09454,E,1,12,0.7,1.8,M,44.7,M,,*4C
16594 1658482671 0 1 0.239
16595 1658482671 0 7 $GNGGA,093752.000,4423.56877,N,00856.09353,E,1,12,0.7,1.8,M,44.7,M,,*4F
16596 1658482672 0 0 28.37 8.20 107.1 68.04 123.3 7.47 16.1 0.0 359.9 3.85 46.29 1.3
16597 1658482672 0 3 2.767 0.005
16598 1658482672 0 4 2.560 1.618
16599 1658482672 0 5 0.64
16600 1658482672 0 6 0.14
16601 1658482673 0 8 4.997 12.285 11.89
16602 1658482673 0 7 $GNGGA,093753.000,4423.56900,N,00856.09250,E,1,12,0.7,1.8,M,44.7,M,,*4D
16603 1658482673 0 7 $GNGGA,093754.000,4423.56925,N,00856.09148,E,1,12,0.7,1.9,M,44.7,M,,*46
16604 1658482674 0 1 0.252
16605 1658482675 0 7 $GNGGA,093755.000,4423.56957,N,00856.09050,E,1,12,0.7,2.0,M,44.7,M,,*40
16606 1658482675 0 0 28.38 8.20 107.1 68.02 123.2 7.47 16.1 0.0 359.6 3.84 46.27 1.3
16607 1658482675 0 3 2.767 0.005
16608 1658482675 0 4 2.560 1.618
16609 1658482675 0 5 0.64
16610 1658482675 0 6 0.15
16611 1658482676 0 8 4.997 12.285 11.89
16612 1658482676 0 7 $GNGGA,093756.000,4423.56981,N,00856.08942,E,1,12,0.7,2.0,M,44.7,M,,*43
16613 1658482676 0 7 $GNGGA,093757.000,4423.57013,N,00856.08843,E,1,12,0.7,2.0,M,44.7,M,,*41
16614 1658482677 0 2 0.07420000 4.52710008 1.52330007 0.03480000 2.81290006 0.00520000 0.06530001 0.32870001 1.00000000 86.04199981
16615 1658482677 0 1 0.196
16616 1658482678 0 7 $GNGGA,093758.000,4423.57049,N,00856.08747,E,1,12,0.7,2.1,M,44.7,M,,*4B
16617 1658482678 0 0 28.38 8.20 107.0 68.04 123.2 7.46 16.1 0.0 361.1 3.89 46.30 1.3
16618 1658482678 0 3 2.767 0.005
16619 1658482678 0 4 2.560 1.621
16620 1658482678 0 5 0.64
16621 1658482679 0 6 0.14
16622 1658482679 0 8 4.997 12.285 11.89
16623 1658482679 0 7 $GNGGA,093759.000,4423.57082,N,00856.08648,E,1,12,0.7,2.3,M,44.7,M,,*41
16624 1658482679 0 7 $GNGGA,093800.000,4423.57113,N,00856.08554,E,1,12,0.7,2.3,M,44.7,M,,*45
16625 1658482680 0 1 0.264
16626 1658482681 0 7 $GNGGA,093801.000,4423.57140,N,00856.08454,E,1,12,0.7,2.3,M,44.7,M,,*43
16627 1658482681 0 0 28.39 8.20 107.0 68.10 123.2 7.46 16.0 0.0 361.1 3.90 46.34 1.3
16628 1658482681 0 3 2.767 0.005
16629 1658482681 0 4 2.561 1.625
16630 1658482681 0 5 0.64
16631 1658482682 0 6 0.15
16632 1658482682 0 8 4.997 12.285 11.89
16633 1658482682 0 7 $GNGGA,093802.000,4423.57184,N,00856.08371,E,1,12,0.7,2.2,M,44.7,M,,*49
16634 1658482682 0 7 $GNGGA,093803.000,4423.57224,N,00856.08281,E,1,12,0.7,2.1,M,44.7,M,,*4C
16635 1658482683 0 1 0.218
16636 1658482683 0 7 $GNGGA,093804.000,4423.57272,N,00856.08196,E,1,12,0.7,1.9,M,44.7,M,,*46
16637 1658482684 0 0 28.35 8.20 106.9 68.12 123.2 7.46 16.0 0.0 363.2 3.89 46.35 1.2
16638 1658482684 0 3 2.767 0.005
16639 1658482684 0 4 2.560 1.619
16640 1658482684 0 5 0.64
16641 1658482684 0 6 0.14
16642 1658482685 0 8 4.997 12.285 11.89
16643 1658482685 0 7 $GNGGA,093805.000,4423.57313,N,00856.08119,E,1,12,0.7,1.8,M,44.7,M,,*47
16644 1658482685 0 7 $GNGGA,093806.000,4423.57344,N,00856.08027,E,1,12,0.7,1.6,M,44.7,M,,*44
16645 1658482686 0 1 0.257
16646 1658482686 0 7 $GNGGA,093807.000,4423.57378,N,00856.07936,E,1,12,0.7,1.2,M,44.7,M,,*48
16647 1658482686 0 0 28.37 8.20 106.9 68.09 123.2 7.46 16.0 0.0 361.2 3.91 46.33 1.3
16648 1658482687 0 3 2.767 0.005
16649 1658482687 0 4 2.560 1.637
16650 1658482687 0 5 0.64
16651 1658482687 0 6 0.14
16652 1658482687 0 8 4.997 12.285 11.89
16653 1658482687 0 7 $GNGGA,093808.000,4423.57416,N,00856.07836,E,1,12,0.7,1.0,M,44.7,M,,*4B
16654 1658482688 0 7 $GNGGA,093809.000,4423.57463,N,00856.07738,E,1,12,0.7,0.8,M,44.7,M,,*40
16655 1658482689 0 1 0.415
16656 1658482689 0 7 $GNGGA,093810.000,4423.57511,N,00856.07645,E,1,12,0.7,0.8,M,44.7,M,,*47
16657 1658482689 0 0 28.38 8.20 106.8 68.03 123.2 7.46 16.0 0.0 362.0 3.90 46.29 1.3
16658 1658482690 0 3 2.767 0.005
16659 1658482690 0 4 2.561 1.637
16660 1658482690 0 5 0.64
16661 1658482690 0 6 0.14
16662 1658482690 0 8 4.997 12.285 11.89
16663 1658482690 0 7 $GNGGA,093811.000,4423.57555,N,00856.07556,E,1,12,0.7,0.8,M,44.7,M,,*47
16664 1658482691 0 7 $GNGGA,093812.000,4423.57607,N,00856.07473,E,1,12,0.7,0.8,M,44.7,M,,*46
16665 1658482692 0 1 0.251
16666 1658482692 0 7 $GNGGA,093813.000,4423.57653,N,00856.07386,E,1,12,0.7,0.9,M,44.7,M,,*4A
16667 1658482692 0 0 28.42 8.20 106.8 68.15 123.2 7.46 16.0 0.0 359.9 3.91 46.37 1.3
16668 1658482693 0 3 2.767 0.005
16669 1658482693 0 4 2.561 1.636
16670 1658482693 0 5 0.64
16671 1658482693 0 6 0.15
16672 1658482693 0 8 4.997 12.285 11.89
16673 1658482693 0 7 $GNGGA,093814.000,4423.57693,N,00856.07293,E,1,12,0.7,0.8,M,44.7,M,,*45
16674 1658482694 0 7 $GNGGA,093815.000,4423.57734,N,00856.07204,E,1,13,0.7,0.8,M,44.7,M,,*47
16675 1658482695 0 1 1.060
16676 1658482695 0 7 $GNGGA,093816.000,4423.57776,N,00856.07114,E,1,12,0.7,0.8,M,44.7,M,,*41
16677 1658482695 0 0 28.39 8.20 106.6 68.04 123.2 7.46 16.0 0.0 361.1 3.90 46.29 1.3
16678 1658482696 0 3 2.767 0.005
16679 1658482696 0 4 2.561 1.636
16680 1658482696 0 5 0.64
16681 1658482696 0 6 0.14
16682 1658482696 0 8 4.997 12.285 11.89
16683 1658482696 0 7 $GNGGA,093817.000,4423.57814,N,00856.07018,E,1,12,0.7,0.7,M,44.7,M,,*49
16684 1658482697 0 7 $GNGGA,093818.000,4423.57854,N,00856.06924,E,1,12,0.7,0.6,M,44.7,M,,*44
16685 1658482698 0 1 0.224
16686 1658482698 0 7 $GNGGA,093819.000,4423.57893,N,00856.06823,E,1,12,0.7,0.6,M,44.7,M,,*48
16687 1658482698 0 0 28.35 8.20 106.7 68.04 123.2 7.47 16.1 0.0 363.1 3.86 46.29 1.3
16688 1658482699 0 3 2.767 0.005
16689 1658482699 0 4 2.561 1.633
16690 1658482699 0 5 0.64
16691 1658482699 0 6 0.14
16692 1658482699 0 8 4.997 12.285 11.89
16693 1658482699 0 7 $GNGGA,093820.000,4423.57932,N,00856.06722,E,1,12,0.7,0.5,M,44.7,M,,*45
16694 1658482700 0 7 $GNGGA,093821.000,4423.57969,N,00856.06623,E,1,12,0.7,0.4,M,44.7,M,,*4B
16695 1658482701 0 7 $GNGGA,093822.000,4423.58007,N,00856.06527,E,1,12,0.7,0.4,M,44.7,M,,*41
16696 1658482701 0 1 0.234
16697 1658482701 0 0 28.35 8.20 106.6 68.10 123.2 7.46 16.0 0.0 361.0 3.84 46.34 1.3
16698 1658482702 0 3 2.767 0.005
16699 1658482702 0 4 2.560 1.633
16700 1658482702 0 5 0.64
16701 1658482702 0 6 0.15
16702 1658482702 0 8 4.997 12.285 11.89
16703 1658482702 0 7 $GNGGA,093823.000,4423.58045,N,00856.06427,E,1,12,0.7,0.4,M,44.7,M,,*47
16704 1658482703 0 7 $GNGGA,093824.000,4423.58081,N,00856.06327,E,1,12,0.7,0.4,M,44.7,M,,*4F
16705 1658482704 0 1 0.216
16706 1658482704 0 7 $GNGGA,093825.000,4423.58117,N,00856.06229,E,1,12,0.7,0.4,M,44.7,M,,*4F
16707 1658482704 0 0 28.32 8.20 106.6 68.13 123.2 7.47 16.0 0.0 364.4 3.88 46.36 1.2
16708 1658482705 0 3 2.767 0.005
16709 1658482705 0 4 2.560 1.631
16710 1658482705 0 5 0.64
16711 1658482705 0 6 0.14
16712 1658482705 0 8 4.997 12.285 11.89
16713 1658482705 0 7 $GNGGA,093826.000,4423.58152,N,00856.06127,E,1,12,0.7,0.4,M,44.7,M,,*40
16714 1658482706 0 7 $GNGGA,093827.000,4423.58180,N,00856.06022,E,1,12,0.7,0.5,M,44.7,M,,*4B
16715 1658482707 0 7 $GNGGA,093828.000,4423.58215,N,00856.05927,E,1,12,0.7,0.5,M,44.7,M,,*44
16716 1658482707 0 1 0.262
16717 1658482707 0 0 28.27 8.20 106.6 68.08 123.2 7.48 16.1 0.0 366.0 3.86 46.33 1.3
16718 1658482708 0 3 2.767 0.005
16719 1658482708 0 4 2.560 1.631
16720 1658482708 0 5 0.64
16721 1658482708 0 6 0.15
16722 1658482708 0 8 4.997 12.285 11.89
16723 1658482708 0 7 $GNGGA,093829.000,4423.58251,N,00856.05828,E,1,12,0.7,0.4,M,44.7,M,,*4A
16724 1658482709 0 7 $GNGGA,093830.000,4423.58279,N,00856.05725,E,1,12,0.7,0.4,M,44.7,M,,*4A
16725 1658482710 0 1 0.235
16726 1658482710 0 7 $GNGGA,093831.000,4423.58311,N,00856.05624,E,1,12,0.7,0.4,M,44.7,M,,*44
16727 1658482710 0 0 28.28 8.20 106.6 68.15 123.2 7.47 16.0 0.0 363.7 3.89 46.38 1.2
16728 1658482711 0 3 2.767 0.005
16729 1658482711 0 4 2.560 1.631
16730 1658482711 0 5 0.64
16731 1658482711 0 6 0.14
16732 1658482711 0 8 4.997 12.285 11.91
16733 1658482711 0 7 $GNGGA,093832.000,4423.58353,N,00856.05532,E,1,12,0.7,0.4,M,44.7,M,,*45
16734 1658482712 0 7 $GNGGA,093833.000,4423.58392,N,00856.05441,E,1,12,0.7,0.4,M,44.7,M,,*4C
16735 1658482713 0 7 $GNGGA,093834.000,4423.58427,N,00856.05342,E,1,12,0.7,0.4,M,44.7,M,,*46
16736 1658482713 0 1 0.229
16737 1658482714 0 0 28.34 8.20 106.5 68.10 123.2 7.46 16.0 0.0 362.1 3.86 46.34 1.2
16738 1658482714 0 3 2.767 0.005
16739 1658482714 0 4 2.560 1.631
16740 1658482714 0 5 0.64
16741 1658482714 0 6 0.15
16742 1658482714 0 8 4.997 12.285 11.89
16743 1658482714 0 7 $GNGGA,093835.000,4423.58467,N,00856.05241,E,1,12,0.7,0.4,M,44.7,M,,*41
16744 1658482715 0 7 $GNGGA,093836.000,4423.58513,N,00856.05146,E,1,12,0.7,0.4,M,44.7,M,,*44
16745 1658482716 0 1 0.266
16746 1658482716 0 7 $GNGGA,093837.000,4423.58558,N,00856.05052,E,1,12,0.7,0.4,M,44.7,M,,*4E
16747 1658482716 0 0 28.32 8.20 106.5 68.09 123.2 7.47 16.0 0.0 368.4 3.93 46.33 1.2
16748 1658482717 0 3 2.767 0.005
16749 1658482717 0 4 2.561 1.626
16750 1658482717 0 5 0.64
16751 1658482717 0 6 0.14
16752 1658482717 0 8 4.997 12.285 11.89
16753 1658482717 0 7 $GNGGA,093838.000,4423.58604,N,00856.04960,E,1,12,0.7,0.4,M,44.7,M,,*42
16754 1658482718 0 7 $GNGGA,093839.000,4423.58642,N,00856.04860,E,1,12,0.7,0.5,M,44.7,M,,*41
16755 1658482719 0 1 0.243
16756 1658482719 0 7 $GNGGA,093840.000,4423.58680,N,00856.04757,E,1,12,0.7,0.5,M,44.7,M,,*4A
16757 1658482719 0 0 28.32 8.20 106.5 68.05 123.2 7.47 16.0 0.0 365.2 3.96 46.30 1.3
16758 1658482720 0 3 2.767 0.005
16759 1658482720 0 4 2.561 1.628
16760 1658482720 0 5 0.64
16761 1658482720 0 6 0.14
16762 1658482720 0 8 4.997 12.285 11.91
16763 1658482720 0 7 $GNGGA,093841.000,4423.58729,N,00856.04670,E,1,12,0.7,0.4,M,44.7,M,,*4C
16764 1658482721 0 7 $GNGGA,093842.000,4423.58776,N,00856.04584,E,1,12,0.7,0.3,M,44.7,M,,*4A
16765 1658482722 0 1 0.903
16766 1658482722 0 7 $GNGGA,093843.000,4423.58807,N,00856.04477,E,1,12,0.7,0.3,M,44.7,M,,*4F
16767 1658482722 0 0 28.31 8.20 106.4 68.08 123.1 7.47 16.1 0.0 367.9 3.91 46.32 1.3
16768 1658482723 0 3 2.767 0.005
16769 1658482723 0 4 2.560 1.628
16770 1658482723 0 5 0.64
16771 1658482723 0 6 0.15
16772 1658482723 0 8 4.997 12.285 11.89
16773 1658482724 0 7 $GNGGA,093844.000,4423.58840,N,00856.04372,E,1,12,0.7,0.2,M,44.7,M,,*48
16774 1658482724 0 7 $GNGGA,093845.000,4423.58876,N,00856.04286,E,1,12,0.7,0.3,M,44.7,M,,*47
16775 1658482725 0 1 0.261
16776 1658482725 0 7 $GNGGA,093846.000,4423.58907,N,00856.04195,E,1,12,0.7,0.3,M,44.7,M,,*42
16777 1658482725 0 0 28.30 8.20 106.4 67.97 123.1 7.47 16.1 0.0 371.5 3.88 46.24 1.2
16778 1658482726 0 3 2.767 0.005
16779 1658482726 0 4 2.561 1.626
16780 1658482726 0 5 0.64
16781 1658482726 0 6 0.15
16782 1658482726 0 8 4.997 12.285 11.89
16783 1658482726 0 7 $GNGGA,093847.000,4423.58938,N,00856.04092,E,1,12,0.7,0.2,M,44.7,M,,*48
16784 1658482727 0 7 $GNGGA,093848.000,4423.58974,N,00856.03998,E,1,12,0.7,0.2,M,44.7,M,,*4B
16785 1658482728 0 7 $GNGGA,093849.000,4423.59010,N,00856.03899,E,1,12,0.7,0.3,M,44.7,M,,*41
16786 1658482728 0 1 0.256
16787 1658482728 0 0 28.35 8.20 106.4 68.03 123.1 7.46 16.0 0.0 361.1 3.92 46.29 1.2
16788 1658482729 0 3 2.767 0.005
16789 1658482729 0 4 2.560 1.628
16790 1658482729 0 5 0.64
16791 1658482729 0 6 0.15
16792 1658482729 0 8 4.997 12.285 11.89
16793 1658482729 0 7 $GNGGA,093850.000,4423.59039,N,00856.03789,E,1,12,0.7,0.3,M,44.7,M,,*4C
16794 1658482730 0 7 $GNGGA,093851.000,4423.59062,N,00856.03676,E,1,12,0.7,0.5,M,44.7,M,,*44
16795 1658482731 0 1 0.195
16796 1658482731 0 7 $GNGGA,093852.000,4423.59091,N,00856.03569,E,1,12,0.7,0.5,M,44.7,M,,*46
16797 1658482731 0 0 28.31 8.20 106.4 68.10 123.1 7.46 16.0 0.0 364.8 3.94 46.34 1.2
16798 1658482732 0 3 2.767 0.005
16799 1658482732 0 4 2.561 1.628
16800 1658482732 0 5 0.64
16801 1658482732 0 6 0.15
16802 1658482732 0 8 4.997 12.285 11.89
16803 1658482732 0 7 $GNGGA,093853.000,4423.59124,N,00856.03466,E,1,12,0.7,0.3,M,44.7,M,,*40
16804 1658482733 0 7 $GNGGA,093854.000,4423.59158,N,00856.03363,E,1,11,0.8,0.1,M,44.7,M,,*40
16805 1658482734 0 7 $GNGGA,093855.000,4423.59187,N,00856.03262,E,1,11,0.8,0.0,M,44.7,M,,*42
16806 1658482734 0 1 0.228
16807 1658482734 0 0 28.32 8.20 106.4 68.11 123.1 7.46 16.0 0.0 366.7 3.85 46.35 1.2
16808 1658482735 0 3 2.767 0.005
16809 1658482735 0 4 2.560 1.628
16810 1658482735 0 5 0.64
16811 1658482735 0 6 0.14
16812 1658482735 0 8 4.997 12.285 11.89
16813 1658482735 0 7 $GNGGA,093856.000,4423.59213,N,00856.03158,E,1,11,0.8,-0.0,M,44.7,M,,*68
16814 1658482736 0 7 $GNGGA,093857.000,4423.59242,N,00856.03056,E,1,11,0.8,-0.0,M,44.7,M,,*62
16815 1658482737 0 7 $GNGGA,093858.000,4423.59273,N,00856.02945,E,1,11,0.8,-0.2,M,44.7,M,,*67
16816 1658482737 0 1 0.157
16817 1658482737 0 0 28.36 8.20 106.4 67.99 123.1 7.46 16.1 0.0 364.2 3.85 46.25 1.3
16818 1658482738 0 3 2.767 0.006
16819 1658482738 0 4 2.560 1.633
16820 1658482738 0 5 0.64
16821 1658482738 0 6 0.14
16822 1658482738 0 8 4.997 12.098 11.89
16823 1658482738 0 7 $GNGGA,093859.000,4423.59299,N,00856.02824,E,1,11,0.8,-0.5,M,44.7,M,,*63
16824 1658482739 0 7 $GNGGA,093900.000,4423.59318,N,00856.02721,E,1,11,0.8,-0.5,M,44.7,M,,*6C
16825 1658482740 0 7 $GNGGA,093901.000,4423.59336,N,00856.02617,E,1,11,0.8,-0.3,M,44.7,M,,*63
16826 1658482740 0 1 0.220
16827 1658482740 0 0 28.28 8.20 106.4 67.93 123.1 7.47 16.0 0.0 367.0 3.93 46.21 1.2
16828 1658482741 0 3 2.767 0.005
16829 1658482741 0 4 2.560 1.636
16830 1658482741 0 5 0.64
16831 1658482741 0 6 0.14
16832 1658482741 0 8 4.997 12.088 11.89
16833 1658482741 0 7 $GNGGA,093902.000,4423.59360,N,00856.02504,E,1,11,0.8,-0.3,M,44.7,M,,*62
16834 1658482742 0 7 $GNGGA,093903.000,4423.59382,N,00856.02394,E,1,11,0.8,-0.5,M,44.7,M,,*66
16835 1658482743 0 1 0.292
16836 1658482743 0 7 $GNGGA,093904.000,4423.59406,N,00856.02287,E,1,11,0.8,-0.5,M,44.7,M,,*69
16837 1658482743 0 0 28.38 8.20 106.4 68.11 123.1 7.46 15.9 0.0 362.7 3.94 46.35 1.2
16838 1658482744 0 3 2.767 0.005
16839 1658482744 0 4 2.561 1.633
16840 1658482744 0 5 0.64
16841 1658482744 0 6 0.15
16842 1658482744 0 8 4.997 12.295 11.89
16843 1658482744 0 7 $GNGGA,093905.000,4423.59434,N,00856.02184,E,1,11,0.8,-0.5,M,44.7,M,,*69
16844 1658482745 0 7 $GNGGA,093906.000,4423.59458,N,00856.02087,E,1,11,0.8,-0.5,M,44.7,M,,*62
16845 1658482746 0 7 $GNGGA,093907.000,4423.59485,N,00856.01982,E,1,11,0.8,-0.7,M,44.7,M,,*6E
16846 1658482746 0 1 0.242
16847 1658482746 0 0 28.35 8.20 106.4 68.04 123.1 7.46 16.0 0.0 364.2 3.87 46.30 1.3
16848 1658482747 0 3 2.767 0.005
16849 1658482747 0 4 2.560 1.636
16850 1658482747 0 5 0.64
16851 1658482747 0 6 0.14
16852 1658482747 0 8 4.997 12.098 11.89
16853 1658482747 0 7 $GNGGA,093908.000,4423.59507,N,00856.01869,E,1,11,0.8,-0.8,M,44.7,M,,*61
16854 1658482748 0 7 $GNGGA,093909.000,4423.59527,N,00856.01767,E,1,11,0.8,-0.7,M,44.7,M,,*6C
16856 1658482749 0 1 0.903
16857 1658482749 0 0 28.21 8.20 106.4 67.88 123.1 7.48 16.1 0.0 369.8 3.94 46.17 1.2
16858 1658482750 0 3 2.767 0.005
16859 1658482750 0 4 2.560 1.633
16860 1658482750 0 5 0.64
16861 1658482750 0 6 0.14
16862 1658482750 0 8 4.997 12.098 11.89
16863 1658482750 0 7 $GNGGA,093911.000,4423.59574,N,00856.01566,E,1,11,0.8,-0.8,M,44.7,M,,*6F
16864 1658482751 0 7 $GNGGA,093912.000,4423.59595,N,00856.01455,E,1,11,0.8,-1.0,M,44.7,M,,*6B
16865 1658482752 0 7 $GNGGA,093913.000,4423.59613,N,00856.01357,E,1,11,0.8,-1.0,M,44.7,M,,*62
16866 1658482752 0 1 0.230
16867 1658482752 0 0 28.27 8.20 106.5 67.95 123.1 7.47 16.1 0.0 367.5 3.95 46.22 1.2
16868 1658482753 0 3 2.766 0.005
16869 1658482753 0 4 2.561 1.633
16870 1658482753 0 5 0.64
16871 1658482753 0 6 0.14
16872 1658482753 0 8 4.997 12.266 11.89
16873 1658482753 0 7 $GNGGA,093914.000,4423.59629,N,00856.01253,E,1,11,0.8,-0.8,M,44.7,M,,*60
16874 1658482754 0 7 $GNGGA,093915.000,4423.59646,N,00856.01151,E,1,11,0.8,-0.7,M,44.7,M,,*66
16875 1658482755 0 7 $GNGGA,093916.000,4423.59663,N,00856.01048,E,1,11,0.8,-0.7,M,44.7,M,,*6B
16876 1658482755 0 1 0.221
16877 1658482755 0 0 28.33 8.20 106.5 68.03 123.1 7.46 16.0 0.0 363.0 3.90 46.28 1.2
16878 1658482756 0 3 2.767 0.005
16879 1658482756 0 4 2.560 1.633
16880 1658482756 0 5 0.63
16881 1658482756 0 6 0.14
16882 1658482756 0 8 4.997 12.098 11.89
16883 1658482757 0 7 $GNGGA,093917.000,4423.59681,N,00856.00931,E,1,11,0.8,-0.5,M,44.7,M,,*62
16884 1658482757 0 7 $GNGGA,093918.000,4423.59704,N,00856.00822,E,1,11,0.8,-0.3,M,44.7,M,,*64
16885 1658482758 0 7 $GNGGA,093919.000,4423.59727,N,00856.00724,E,1,11,0.8,-0.4,M,44.7,M,,*6A
16886 1658482758 0 1 0.202
16887 1658482759 0 0 28.34 8.20 106.5 68.07 123.1 7.46 16.0 0.0 366.0 3.82 46.32 1.3
16888 1658482759 0 3 2.767 0.005
16889 1658482759 0 4 2.561 1.628
16890 1658482759 0 5 0.64
16891 1658482759 0 6 0.14
16892 1658482759 0 8 4.997 12.285 11.91
16893 1658482759 0 7 $GNGGA,093920.000,4423.59743,N,00856.00629,E,1,11,0.8,-0.3,M,44.7,M,,*69
16894 1658482760 0 7 $GNGGA,093921.000,4423.59759,N,00856.00544,E,1,11,0.8,0.0,M,44.7,M,,*45
16895 1658482761 0 7 $GNGGA,093922.000,4423.59778,N,00856.00436,E,1,11,0.8,0.1,M,44.7,M,,*40
16896 1658482761 0 1 0.236
16897 1658482761 0 0 28.32 8.20 106.5 67.99 123.1 7.47 16.1 0.0 366.1 3.86 46.25 1.3
16898 1658482762 0 3 2.767 0.005
16899 1658482762 0 4 2.560 1.628
16900 1658482762 0 5 0.64
16901 1658482762 0 6 0.14
16902 1658482762 0 8 4.997 12.276 11.89
16903 1658482762 0 7 $GNGGA,093923.000,4423.59795,N,00856.00336,E,1,11,0.8,0.3,M,44.7,M,,*47
16904 1658482763 0 7 $GNGGA,093924.000,4423.59816,N,00856.00238,E,1,11,0.8,0.5,M,44.7,M,,*4D
16905 1658482764 0 7 $GNGGA,093925.000,4423.59842,N,00856.00134,E,1,11,0.8,0.4,M,44.7,M,,*43
16906 1658482764 0 1 0.158
16907 1658482764 0 0 28.28 8.20 106.5 68.04 123.1 7.47 16.1 0.0 366.8 3.92 46.30 1.2
16908 1658482765 0 3 2.767 0.005
16909 1658482765 0 4 2.560 1.626
16910 1658482765 0 5 0.64
16911 1658482765 0 6 0.14
16912 1658482765 0 8 4.997 12.276 11.89
16913 1658482765 0 7 $GNGGA,093926.000,4423.59866,N,00856.00050,E,1,11,0.8,0.5,M,44.7,M,,*44
16914 1658482766 0 7 $GNGGA,093927.000,4423.59893,N,00855.99959,E,1,11,0.8,0.6,M,44.7,M,,*4F
16915 1658482767 0 7 $GNGGA,093928.000,4423.59919,N,00855.99858,E,1,11,0.8,0.5,M,44.7,M,,*40
16916 1658482767 0 1 0.235
16917 1658482767 0 0 28.32 8.20 106.6 68.10 123.1 7.46 16.0 0.0 366.3 3.89 46.34 1.2
16918 1658482768 0 3 2.766 0.005
16919 1658482768 0 4 2.560 1.626
16920 1658482768 0 5 0.64
16921 1658482768 0 6 0.14
16922 1658482768 0 8 4.997 12.276 11.91
16923 1658482768 0 7 $GNGGA,093929.000,4423.59941,N,00855.99763,E,1,11,0.8,0.5,M,44.7,M,,*4B
16924 1658482769 0 7 $GNGGA,093930.000,4423.59966,N,00855.99670,E,1,11,0.8,0.6,M,44.7,M,,*46
16925 1658482770 0 7 $GNGGA,093931.000,4423.59990,N,00855.99563,E,1,11,0.8,0.6,M,44.7,M,,*4F
16926 1658482770 0 1 0.319
16927 1658482770 0 0 28.34 8.20 106.6 68.13 123.1 7.46 16.0 0.0 369.8 3.86 46.36 1.2
16928 1658482771 0 3 2.767 0.005
16929 1658482771 0 4 2.560 1.626
16930 1658482771 0 5 0.63
16931 1658482771 0 6 0.14
16932 1658482771 0 8 4.997 12.276 11.91
16933 1658482771 0 7 $GNGGA,093932.000,4423.60012,N,00855.99455,E,1,11,0.8,0.6,M,44.7,M,,*41
16934 1658482772 0 7 $GNGGA,093933.000,4423.60032,N,00855.99343,E,1,11,0.8,0.7,M,44.7,M,,*43
16935 1658482773 0 7 $GNGGA,093934.000,4423.60054,N,00855.99239,E,1,11,0.8,0.5,M,44.7,M,,*4A
16936 1658482773 0 1 0.261
16937 1658482774 0 0 28.32 8.20 106.7 68.08 123.1 7.46 16.0 0.0 365.4 3.85 46.33 1.2
16938 1658482774 0 3 2.766 0.005
16939 1658482774 0 4 2.560 1.628
16940 1658482774 0 5 0.64
16941 1658482774 0 6 0.14
16942 1658482774 0 8 4.997 12.276 11.89
16943 1658482774 0 7 $GNGGA,093935.000,4423.60079,N,00855.99132,E,1,11,0.8,0.5,M,44.7,M,,*4C
16944 1658482775 0 7 $GNGGA,093936.000,4423.60105,N,00855.99021,E,1,11,0.8,0.4,M,44.7,M,,*47
16945 1658482776 0 7 $GNGGA,093937.000,4423.60130,N,00855.98907,E,1,11,0.8,0.3,M,44.7,M,,*4B
16946 1658482776 0 1 0.884
16947 1658482776 0 0 28.32 8.20 106.6 68.01 123.1 7.47 16.1 0.0 364.5 3.92 46.27 1.3
16948 1658482777 0 3 2.766 0.005
16949 1658482777 0 4 2.560 1.631
16950 1658482777 0 5 0.63
16951 1658482777 0 6 0.14
16952 1658482777 0 8 4.997 12.285 11.89
16953 1658482777 0 7 $GNGGA,093938.000,4423.60152,N,00855.98812,E,1,11,0.8,0.3,M,44.7,M,,*45
16954 1658482778 0 7 $GNGGA,093939.000,4423.60176,N,00855.98706,E,1,11,0.8,0.3,M,44.7,M,,*48
16955 1658482779 0 7 $GNGGA,093940.000,4423.60203,N,00855.98586,E,1,11,0.8,0.3,M,44.7,M,,*4D
16956 1658482779 0 1 0.227
16957 1658482780 0 0 28.28 8.20 106.6 68.07 123.1 7.47 16.0 0.0 366.6 3.89 46.32 1.2
16958 1658482780 0 3 2.767 0.005
16959 1658482780 0 4 2.560 1.631
16960 1658482780 0 5 0.64
16961 1658482780 0 6 0.14
16962 1658482780 0 8 4.997 12.276 11.91
16963 1658482780 0 7 $GNGGA,093941.000,4423.60231,N,00855.98477,E,1,11,0.8,0.2,M,44.7,M,,*43
16964 1658482781 0 7 $GNGGA,093942.000,4423.60260,N,00855.98371,E,1,11,0.8,0.2,M,44.7,M,,*45
16965 1658482782 0 7 $GNGGA,093943.000,4423.60288,N,00855.98269,E,1,11,0.8,0.1,M,44.7,M,,*49
16966 1658482782 0 1 0.250
16967 1658482782 0 0 28.32 8.20 106.7 68.06 123.1 7.46 16.0 0.0 365.0 3.89 46.31 1.3
16968 1658482783 0 3 2.767 0.005
16969 1658482783 0 4 2.560 1.636
16970 1658482783 0 5 0.64
16971 1658482783 0 6 0.14
16972 1658482783 0 8 4.997 12.285 11.89
16973 1658482783 0 7 $GNGGA,093944.000,4423.60317,N,00855.98167,E,1,11,0.8,0.0,M,44.7,M,,*45
16974 1658482784 0 7 $GNGGA,093945.000,4423.60346,N,00855.98063,E,1,11,0.8,-0.0,M,44.7,M,,*68
16975 1658482785 0 7 $GNGGA,093946.000,4423.60380,N,00855.97957,E,1,11,0.8,0.0,M,44.7,M,,*4D
16976 1658482785 0 1 0.195
16977 1658482785 0 0 28.35 8.20 106.7 68.06 123.2 7.46 16.0 0.0 364.4 3.92 46.30 1.3
16978 1658482786 0 3 2.767 0.005
16979 1658482786 0 4 2.560 1.636
16980 1658482786 0 5 0.64
16981 1658482786 0 6 0.15
16982 1658482786 0 8 4.997 12.285 11.91
16983 1658482786 0 7 $GNGGA,093947.000,4423.60408,N,00855.97843,E,1,11,0.8,0.1,M,44.7,M,,*4E
16984 1658482787 0 7 $GNGGA,093948.000,4423.60441,N,00855.97733,E,1,11,0.8,0.2,M,44.7,M,,*47
16985 1658482788 0 7 $GNGGA,093949.000,4423.60479,N,00855.97636,E,1,11,0.8,0.2,M,44.7,M,,*49
16986 1658482788 0 1 0.233
16987 1658482789 0 0 28.34 8.20 106.7 68.13 123.2 7.46 16.0 0.0 364.6 3.95 46.37 1.3
16988 1658482789 0 3 2.767 0.005
16989 1658482789 0 4 2.560 1.643
16990 1658482789 0 5 0.63
16991 1658482789 0 6 0.14
16992 1658482789 0 8 4.997 12.285 11.89
16993 1658482789 0 7 $GNGGA,093950.000,4423.60509,N,00855.97527,E,1,11,0.8,0.4,M,44.7,M,,*42
16994 1658482790 0 7 $GNGGA,093951.000,4423.60542,N,00855.97423,E,1,11,0.8,0.5,M,44.7,M,,*48
16995 1658482791 0 7 $GNGGA,093952.000,4423.60575,N,00855.97319,E,1,11,0.8,0.6,M,44.7,M,,*42
16996 1658482791 0 1 0.159
16997 1658482792 0 0 28.35 8.20 106.7 68.11 123.2 7.46 16.0 0.0 362.9 3.95 46.35 1.3
16998 1658482792 0 3 2.767 0.005
16999 1658482792 0 4 2.560 1.638
17000 1658482792 0 5 0.63
17001 1658482792 0 6 0.14
17002 1658482792 0 8 4.997 12.304 11.89
17003 1658482792 0 7 $GNGGA,093953.000,4423.60608,N,00855.97216,E,1,11,0.8,0.7,M,44.7,M,,*45
17004 1658482793 0 7 $GNGGA,093954.000,4423.60642,N,00855.97115,E,1,11,0.8,0.6,M,44.7,M,,*4D
17005 1658482794 0 7 $GNGGA,093955.000,4423.60677,N,00855.97017,E,1,11,0.8,0.7,M,44.7,M,,*48
17006 1658482794 0 1 0.242
17007 1658482794 0 0 28.33 8.20 106.8 67.99 123.2 7.47 16.0 0.0 363.5 3.95 46.25 1.3
17008 1658482795 0 3 2.767 0.005
17009 1658482795 0 4 2.560 1.636
17010 1658482795 0 5 0.63
17011 1658482795 0 6 0.14
17012 1658482795 0 8 4.997 12.313 11.89
17013 1658482795 0 7 $GNGGA,093956.000,4423.60712,N,00855.96918,E,1,11,0.8,0.7,M,44.7,M,,*4E
17014 1658482796 0 7 $GNGGA,093957.000,4423.60747,N,00855.96821,E,1,11,0.8,0.7,M,44.7,M,,*44
17015 1658482797 0 2 0.06930000 4.44680023 1.58220005 0.03420000 2.91429996 0.00520000 0.06590000 0.30690000 1.00000000 85.93099975
17016 1658482797 0 7 $GNGGA,093958.000,4423.60780,N,00855.96721,E,1,11,0.8,0.7,M,44.7,M,,*4F
17017 1658482798 0 1 0.254
17018 1658482798 0 3 2.767 0.005
17019 1658482798 0 4 2.560 1.633
17020 1658482798 0 5 0.63
17021 1658482798 0 6 0.14
17022 1658482798 0 8 4.997 12.304 11.89
17023 1658482799 0 0 28.36 8.20 106.8 68.12 123.2 7.46 16.0 0.0 363.2 3.92 46.35 1.3
17024 1658482799 0 7 $GNGGA,093959.000,4423.60815,N,00855.96627,E,1,11,0.8,0.7,M,44.7,M,,*4A
17025 1658482799 0 7 $GNGGA,094000.000,4423.60851,N,00855.96536,E,1,11,0.8,0.7,M,44.7,M,,*4B
17026 1658482800 0 7 $GNGGA,094001.000,4423.60888,N,00855.96443,E,1,11,0.8,0.7,M,44.7,M,,*4D
17027 1658482800 0 1 0.215
17028 1658482801 0 3 2.767 0.005
17029 1658482801 0 4 2.560 1.633
17030 1658482801 0 5 0.63
17031 1658482801 0 6 0.14
17032 1658482801 0 8 4.997 12.304 11.91
17033 1658482801 0 0 28.36 8.20 106.7 67.95 123.3 7.47 16.0 0.0 363.0 3.94 46.22 1.3
17034 1658482802 0 7 $GNGGA,094002.000,4423.60927,N,00855.96350,E,1,11,0.8,0.7,M,44.7,M,,*4F
17035 1658482802 0 7 $GNGGA,094003.000,4423.60965,N,00855.96255,E,1,11,0.8,0.6,M,44.7,M,,*4D
17036 1658482803 0 7 $GNGGA,094004.000,4423.61002,N,00855.96159,E,1,11,0.8,0.4,M,44.7,M,,*4E
17037 1658482804 0 1 0.242
17038 1658482804 0 3 2.767 0.005
17039 1658482804 0 4 2.560 1.638
17040 1658482804 0 5 0.63
17041 1658482804 0 6 0.14
17042 1658482804 0 8 4.997 12.313 11.89
17043 1658482804 0 0 28.36 8.20 106.8 68.04 123.3 7.47 16.0 0.0 364.2 3.99 46.29 1.3
17044 1658482804 0 7 $GNGGA,094005.000,4423.61036,N,00855.96066,E,1,11,0.8,0.3,M,44.7,M,,*42
17045 1658482805 0 7 $GNGGA,094006.000,4423.61070,N,00855.95970,E,1,11,0.8,0.4,M,44.7,M,,*49
17046 1658482806 0 7 $GNGGA,094007.000,4423.61097,N,00855.95866,E,1,11,0.8,0.6,M,44.7,M,,*45
17047 1658482806 0 1 0.201
17048 1658482807 0 3 2.767 0.005
17049 1658482807 0 4 2.560 1.633
17050 1658482807 0 5 0.63
17051 1658482807 0 6 0.15
17052 1658482807 0 8 4.997 12.304 11.89
17053 1658482808 0 0 28.36 8.20 106.8 68.07 123.3 7.47 16.0 0.0 365.7 3.95 46.32 1.3
17054 1658482808 0 7 $GNGGA,094008.000,4423.61120,N,00855.95762,E,1,11,0.8,0.8,M,44.7,M,,*42
17055 1658482808 0 7 $GNGGA,094009.000,4423.61151,N,00855.95664,E,1,11,0.8,0.8,M,44.7,M,,*42
17056 1658482809 0 7 $GNGGA,094010.000,4423.61185,N,00855.95567,E,1,11,0.8,0.8,M,44.7,M,,*43
17057 1658482810 0 1 0.282
17058 1658482810 0 3 2.767 0.005
17059 1658482810 0 4 2.560 1.633
17060 1658482810 0 5 0.63
17061 1658482810 0 6 0.14
17062 1658482810 0 8 4.997 12.304 11.89
17063 1658482810 0 0 28.32 8.20 106.9 68.06 123.3 7.48 16.1 0.0 366.0 3.89 46.31 1.3
17064 1658482810 0 7 $GNGGA,094011.000,4423.61218,N,00855.95470,E,1,11,0.8,0.7,M,44.7,M,,*4D
17065 1658482811 0 7 $GNGGA,094012.000,4423.61251,N,00855.95374,E,1,11,0.8,0.7,M,44.7,M,,*40
17066 1658482812 0 7 $GNGGA,094013.000,4423.61285,N,00855.95284,E,1,11,0.8,0.5,M,44.7,M,,*44
17067 1658482812 0 1 0.558
17068 1658482813 0 3 2.767 0.005
17069 1658482813 0 4 2.560 1.633
17070 1658482813 0 5 0.63
17071 1658482813 0 6 0.15
17072 1658482813 0 8 4.997 12.304 11.89
17073 1658482814 0 0 28.32 8.20 106.9 68.09 123.3 7.48 16.1 0.0 365.6 3.92 46.33 1.3
17074 1658482814 0 7 $GNGGA,094014.000,4423.61319,N,00855.95186,E,1,11,0.8,0.6,M,44.7,M,,*45
17075 1658482814 0 7 $GNGGA,094015.000,4423.61351,N,00855.95085,E,1,11,0.8,0.7,M,44.7,M,,*4B
17076 1658482815 0 7 $GNGGA,094016.000,4423.61386,N,00855.94985,E,1,11,0.8,0.7,M,44.7,M,,*4A
17077 1658482816 0 1 0.257
17078 1658482816 0 3 2.767 0.005
17079 1658482816 0 4 2.560 1.636
17080 1658482816 0 5 0.63
17081 1658482816 0 6 0.14
17082 1658482816 0 8 4.997 12.304 11.89
17083 1658482816 0 0 28.39 8.20 106.9 68.06 123.3 7.47 16.0 0.0 362.2 3.91 46.31 1.3
17084 1658482816 0 7 $GNGGA,094017.000,4423.61428,N,00855.94889,E,1,11,0.8,0.6,M,44.7,M,,*44
17085 1658482817 0 7 $GNGGA,094018.000,4423.61471,N,00855.94793,E,1,11,0.8,0.5,M,44.7,M,,*40
17086 1658482818 0 7 $GNGGA,094019.000,4423.61511,N,00855.94694,E,1,11,0.8,0.5,M,44.7,M,,*40
17087 1658482818 0 1 1.085
17088 1658482819 0 3 2.767 0.005
17089 1658482819 0 4 2.560 1.631
17090 1658482819 0 5 0.63
17091 1658482819 0 6 0.15
17092 1658482819 0 8 4.997 12.304 11.89
17093 1658482820 0 0 28.37 8.20 106.9 68.11 123.3 7.47 16.0 0.0 363.8 3.88 46.35 1.3
17094 1658482820 0 7 $GNGGA,094020.000,4423.61547,N,00855.94590,E,1,11,0.8,0.6,M,44.7,M,,*4D
17095 1658482820 0 7 $GNGGA,094021.000,4423.61579,N,00855.94483,E,1,11,0.8,0.7,M,44.7,M,,*43
17096 1658482821 0 7 $GNGGA,094022.000,4423.61618,N,00855.94386,E,1,11,0.8,0.6,M,44.7,M,,*47
17097 1658482822 0 1 0.230
17098 1658482822 0 3 2.767 0.005
17099 1658482822 0 4 2.560 1.631
17100 1658482822 0 5 0.63
17101 1658482822 0 6 0.14
17102 1658482822 0 8 4.997 12.304 11.89
17103 1658482822 0 0 28.33 8.20 106.9 67.98 123.3 7.48 16.0 0.0 365.6 3.92 46.25 1.2
17104 1658482822 0 7 $GNGGA,094023.000,4423.61658,N,00855.94289,E,1,11,0.8,0.5,M,44.7,M,,*4F
17105 1658482823 0 7 $GNGGA,094024.000,4423.61691,N,00855.94186,E,1,11,0.8,0.6,M,44.7,M,,*42
17106 1658482824 0 7 $GNGGA,094025.000,4423.61721,N,00855.94082,E,1,11,0.8,0.8,M,44.7,M,,*42
17107 1658482825 0 1 0.260
17108 1658482825 0 3 2.767 0.005
17109 1658482825 0 4 2.560 1.631
17110 1658482825 0 5 0.63
17111 1658482825 0 6 0.14
17112 1658482825 0 8 4.997 12.313 11.89
17113 1658482825 0 0 28.28 8.20 106.9 68.01 123.4 7.49 16.0 0.0 367.2 3.92 46.28 1.2
17114 1658482826 0 7 $GNGGA,094026.000,4423.61757,N,00855.93977,E,1,11,0.8,0.9,M,44.7,M,,*45
17115 1658482826 0 7 $GNGGA,094027.000,4423.61793,N,00855.93876,E,1,11,0.8,1.0,M,44.7,M,,*44
17116 1658482827 0 7 $GNGGA,094028.000,4423.61830,N,00855.93777,E,1,11,0.8,1.1,M,44.7,M,,*42
17117 1658482828 0 1 0.228
17118 1658482828 0 3 2.768 0.005
17119 1658482828 0 4 2.560 1.631
17120 1658482828 0 5 0.63
17121 1658482828 0 6 0.14
17122 1658482828 0 8 4.997 12.304 11.89
17123 1658482828 0 0 28.28 8.20 107.0 68.10 123.4 7.48 16.1 0.0 367.7 3.90 46.34 1.3
17124 1658482828 0 7 $GNGGA,094029.000,4423.61863,N,00855.93669,E,1,11,0.8,1.1,M,44.7,M,,*4B
17125 1658482829 0 7 $GNGGA,094030.000,4423.61896,N,00855.93562,E,1,11,0.8,1.1,M,44.7,M,,*41
17126 1658482830 0 7 $GNGGA,094031.000,4423.61934,N,00855.93462,E,1,11,0.8,1.0,M,44.7,M,,*49
17127 1658482831 0 1 0.278
17128 1658482831 0 3 2.767 0.005
17129 1658482831 0 4 2.560 1.631
17130 1658482831 0 5 0.63
17131 1658482831 0 6 0.14
17132 1658482831 0 8 4.997 12.304 11.91
17133 1658482831 0 0 28.28 8.20 106.9 67.97 123.4 7.49 16.0 0.0 365.8 3.84 46.24 1.2
17134 1658482831 0 7 $GNGGA,094032.000,4423.61973,N,00855.93358,E,1,11,0.8,1.0,M,44.7,M,,*47
17135 1658482832 0 7 $GNGGA,094033.000,4423.62013,N,00855.93250,E,1,11,0.8,1.0,M,44.7,M,,*43
17136 1658482833 0 7 $GNGGA,094034.000,4423.62053,N,00855.93148,E,1,11,0.8,1.1,M,44.7,M,,*4B
17137 1658482834 0 1 0.278
17138 1658482834 0 3 2.768 0.005
17139 1658482834 0 4 2.560 1.628
17140 1658482834 0 5 0.63
17141 1658482834 0 6 0.15
17142 1658482834 0 8 4.997 12.304 11.91
17143 1658482834 0 0 28.28 8.20 107.0 68.03 123.4 7.49 16.1 0.0 366.0 3.85 46.29 1.3
17144 1658482834 0 7 $GNGGA,094035.000,4423.62086,N,00855.93049,E,1,11,0.8,1.2,M,44.7,M,,*41
17145 1658482835 0 7 $GNGGA,094036.000,4423.62117,N,00855.92951,E,1,11,0.8,1.3,M,44.7,M,,*4B
17146 1658482836 0 7 $GNGGA,094037.000,4423.62147,N,00855.92858,E,1,11,0.8,1.3,M,44.7,M,,*47
17147 1658482837 0 1 0.263
17148 1658482837 0 3 2.768 0.005
17149 1658482837 0 4 2.560 1.631
17150 1658482837 0 5 0.63
17151 1658482837 0 6 0.14
17152 1658482837 0 8 4.997 12.304 11.89
17153 1658482837 0 0 28.26 8.20 107.0 68.01 123.4 7.49 16.1 0.0 366.4 3.85 46.27 1.2
17154 1658482838 0 7 $GNGGA,094038.000,4423.62184,N,00855.92764,E,1,11,0.8,1.3,M,44.7,M,,*47
17155 1658482838 0 7 $GNGGA,094039.000,4423.62219,N,00855.92666,E,1,11,0.8,1.3,M,44.7,M,,*42
17156 1658482839 0 7 $GNGGA,094040.000,4423.62240,N,00855.92555,E,1,11,0.8,1.2,M,44.7,M,,*42
17157 1658482840 0 1 0.413
17158 1658482840 0 3 2.768 0.005
17159 1658482840 0 4 2.560 1.631
17160 1658482840 0 5 0.63
17161 1658482840 0 6 0.15
17162 1658482840 0 8 4.997 12.304 11.89
17163 1658482840 0 0 28.25 8.20 107.0 68.00 123.4 7.49 16.1 0.0 365.7 3.87 46.27 1.2
17164 1658482840 0 7 $GNGGA,094041.000,4423.62270,N,00855.92445,E,1,11,0.8,1.2,M,44.7,M,,*40
17165 1658482841 0 7 $GNGGA,094042.000,4423.62303,N,00855.92341,E,1,11,0.8,1.3,M,44.7,M,,*44
17166 1658482842 0 7 $GNGGA,094043.000,4423.62330,N,00855.92236,E,1,11,0.8,1.3,M,44.7,M,,*44
17167 1658482843 0 1 0.266
17168 1658482843 0 3 2.767 0.005
17169 1658482843 0 4 2.560 1.633
17170 1658482843 0 5 0.63
17171 1658482843 0 6 0.15
17172 1658482843 0 8 4.997 12.304 11.89
17173 1658482843 0 0 28.24 8.20 107.0 67.90 123.4 7.50 16.0 0.0 364.2 3.84 46.19 1.2
17174 1658482843 0 7 $GNGGA,094044.000,4423.62359,N,00855.92129,E,1,11,0.8,1.3,M,44.7,M,,*41
17175 1658482844 0 7 $GNGGA,094045.000,4423.62392,N,00855.92027,E,1,11,0.8,1.1,M,44.7,M,,*4A
17176 1658482845 0 7 $GNGGA,094046.000,4423.62426,N,00855.91926,E,1,11,0.8,1.0,M,44.7,M,,*4B
17177 1658482846 0 1 0.918
17178 1658482846 0 3 2.768 0.005
17179 1658482846 0 4 2.560 1.633
17180 1658482846 0 5 0.63
17181 1658482846 0 6 0.14
17182 1658482846 0 8 4.997 12.304 11.89
17183 1658482846 0 0 28.26 8.20 107.0 68.01 123.4 7.49 16.1 0.0 364.0 3.77 46.27 1.2
17184 1658482846 0 7 $GNGGA,094047.000,4423.62460,N,00855.91825,E,1,11,0.8,0.9,M,44.7,M,,*42
17185 1658482847 0 7 $GNGGA,094048.000,4423.62497,N,00855.91722,E,1,11,0.8,0.9,M,44.7,M,,*4D
17186 1658482848 0 7 $GNGGA,094049.000,4423.62536,N,00855.91617,E,1,11,0.8,1.1,M,44.7,M,,*48
17187 1658482849 0 1 0.265
17188 1658482849 0 3 2.767 0.005
17189 1658482849 0 4 2.559 1.631
17190 1658482849 0 5 0.63
17191 1658482849 0 6 0.14
17192 1658482849 0 8 4.997 12.304 11.89
17193 1658482849 0 0 28.24 8.20 107.1 68.02 123.4 7.49 16.1 0.0 366.1 3.76 46.28 1.2
17194 1658482849 0 7 $GNGGA,094050.000,4423.62566,N,00855.91507,E,1,11,0.8,1.3,M,44.7,M,,*45
17195 1658482850 0 7 $GNGGA,094051.000,4423.62596,N,00855.91392,E,1,11,0.8,1.6,M,44.7,M,,*44
17196 1658482851 0 7 $GNGGA,094052.000,4423.62624,N,00855.91272,E,1,11,0.8,1.8,M,44.7,M,,*4C
17197 1658482852 0 1 0.309
17198 1658482852 0 3 2.767 0.005
17199 1658482852 0 4 2.560 1.633
17200 1658482852 0 5 0.63
17201 1658482852 0 6 0.14
17202 1658482852 0 8 4.997 12.304 11.89
17203 1658482852 0 0 28.21 8.20 107.1 68.03 123.4 7.49 16.1 0.0 366.9 3.81 46.29 1.2
17204 1658482853 0 7 $GNGGA,094053.000,4423.62648,N,00855.91172,E,1,11,0.8,1.8,M,44.7,M,,*44
17205 1658482853 0 7 $GNGGA,094054.000,4423.62680,N,00855.91081,E,1,11,0.8,1.7,M,44.7,M,,*45
17206 1658482854 0 7 $GNGGA,094055.000,4423.62713,N,00855.90978,E,1,11,0.8,1.7,M,44.7,M,,*41
17207 1658482855 0 1 0.264
17208 1658482855 0 3 2.768 0.005
17209 1658482855 0 4 2.560 1.633
17210 1658482855 0 5 0.63
17211 1658482855 0 6 0.14
17212 1658482855 0 8 4.997 12.313 11.89
17213 1658482855 0 0 28.21 8.20 107.1 67.94 123.4 7.50 16.1 0.0 364.9 3.82 46.22 1.2
17214 1658482856 0 7 $GNGGA,094056.000,4423.62747,N,00855.90871,E,1,11,0.8,1.8,M,44.7,M,,*44
17215 1658482856 0 7 $GNGGA,094057.000,4423.62779,N,00855.90757,E,1,11,0.8,1.8,M,44.7,M,,*43
17216 1658482857 0 7 $GNGGA,094058.000,4423.62825,N,00855.90640,E,1,11,0.8,1.8,M,44.7,M,,*4D
17217 1658482858 0 1 0.276
17218 1658482858 0 3 2.768 0.005
17219 1658482858 0 4 2.560 1.633
17220 1658482858 0 5 0.63
17221 1658482858 0 6 0.14
17222 1658482858 0 8 4.997 11.872 11.89
17223 1658482858 0 0 28.19 8.20 107.1 67.92 123.4 7.50 16.1 0.0 364.2 3.80 46.20 1.2
17224 1658482859 0 7 $GNGGA,094059.000,4423.62870,N,00855.90529,E,1,11,0.8,1.8,M,44.7,M,,*40
17225 1658482859 0 7 $GNGGA,094100.000,4423.62916,N,00855.90417,E,1,11,0.8,1.5,M,44.7,M,,*4D
17226 1658482860 0 7 $GNGGA,094101.000,4423.62955,N,00855.90317,E,1,11,0.8,1.4,M,44.7,M,,*4D
17227 1658482861 0 1 0.244
17228 1658482861 0 3 2.768 0.005
17229 1658482861 0 4 2.560 1.633
17230 1658482861 0 5 0.63
17231 1658482861 0 6 0.14
17232 1658482861 0 8 4.997 12.116 11.89
17233 1658482861 0 0 28.19 8.20 107.1 67.92 123.4 7.50 16.1 0.0 364.2 3.83 46.21 1.2
17234 1658482861 0 7 $GNGGA,094102.000,4423.63001,N,00855.90204,E,1,11,0.8,1.5,M,44.7,M,,*45
17235 1658482862 0 7 $GNGGA,094103.000,4423.63048,N,00855.90089,E,1,11,0.8,1.6,M,44.7,M,,*4D
17236 1658482863 0 7 $GNGGA,094104.000,4423.63089,N,00855.89981,E,1,11,0.8,1.6,M,44.7,M,,*4E
17237 1658482864 0 1 0.271
17238 1658482864 0 3 2.767 0.005
17239 1658482864 0 4 2.560 1.633
17240 1658482864 0 5 0.63
17241 1658482864 0 6 0.14
17242 1658482864 0 8 4.997 12.304 11.89
17243 1658482864 0 0 28.18 8.20 107.2 67.99 123.4 7.50 16.0 0.0 363.4 3.84 46.26 1.2
17244 1658482864 0 7 $GNGGA,094105.000,4423.63131,N,00855.89883,E,1,11,0.8,1.5,M,44.7,M,,*4D
17245 1658482865 0 7 $GNGGA,094106.000,4423.63178,N,00855.89796,E,1,11,0.8,1.3,M,44.7,M,,*4E
17246 1658482866 0 7 $GNGGA,094107.000,4423.63212,N,00855.89704,E,1,11,0.8,1.1,M,44.7,M,,*49
17247 1658482867 0 1 0.338
17248 1658482867 0 3 2.768 0.005
17249 1658482867 0 4 2.560 1.636
17250 1658482867 0 5 0.63
17251 1658482867 0 6 0.14
17252 1658482867 0 8 4.997 12.126 11.89
17253 1658482867 0 0 28.13 8.20 107.1 67.93 123.4 7.51 16.1 0.0 367.1 3.89 46.21 1.2
17254 1658482867 0 7 $GNGGA,094108.000,4423.63252,N,00855.89611,E,1,11,0.8,0.9,M,44.7,M,,*4E
17255 1658482868 0 7 $GNGGA,094109.000,4423.63296,N,00855.89516,E,1,11,0.8,1.0,M,44.7,M,,*4B
17256 1658482869 0 7 $GNGGA,094110.000,4423.63335,N,00855.89413,E,1,11,0.8,1.2,M,44.7,M,,*4D
17257 1658482870 0 1 0.327
17258 1658482870 0 3 2.768 0.005
17259 1658482870 0 4 2.561 1.636
17260 1658482870 0 5 0.63
17261 1658482870 0 6 0.14
17262 1658482870 0 8 4.997 12.163 11.89
17263 1658482870 0 0 28.12 8.20 107.1 68.02 123.4 7.51 16.0 0.0 364.5 3.86 46.28 1.2
17264 1658482870 0 7 $GNGGA,094111.000,4423.63370,N,00855.89301,E,1,11,0.8,1.1,M,44.7,M,,*4A
17265 1658482871 0 7 $GNGGA,094112.000,4423.63408,N,00855.89200,E,1,11,0.8,1.1,M,44.7,M,,*41
17266 1658482872 0 7 $GNGGA,094113.000,4423.63455,N,00855.89119,E,1,11,0.8,1.0,M,44.7,M,,*42
17267 1658482873 0 1 0.805
17268 1658482873 0 3 2.768 0.005
17269 1658482873 0 4 2.559 1.638
17270 1658482873 0 5 0.63
17271 1658482873 0 6 0.14
17272 1658482873 0 8 4.997 12.332 11.89
17273 1658482873 0 0 28.14 8.20 107.2 67.83 123.4 7.51 16.1 0.0 361.1 3.86 46.13 1.2
17274 1658482873 0 7 $GNGGA,094114.000,4423.63495,N,00855.89036,E,1,11,0.8,0.9,M,44.7,M,,*4D
17275 1658482874 0 7 $GNGGA,094115.000,4423.63541,N,00855.88944,E,1,11,0.8,0.8,M,44.7,M,,*48
17276 1658482875 0 7 $GNGGA,094116.000,4423.63585,N,00855.88855,E,1,11,0.8,0.7,M,44.7,M,,*4D
17277 1658482876 0 1 0.304
17278 1658482876 0 3 2.768 0.005
17279 1658482876 0 4 2.560 1.638
17280 1658482876 0 5 0.63
17281 1658482876 0 6 0.14
17282 1658482876 0 8 4.997 12.163 11.89
17283 1658482876 0 0 28.16 8.20 107.2 67.98 123.4 7.50 16.0 0.0 360.9 3.93 46.26 1.2
17284 1658482876 0 7 $GNGGA,094117.000,4423.63626,N,00855.88782,E,1,11,0.8,0.9,M,44.7,M,,*4D
17285 1658482877 0 7 $GNGGA,094118.000,4423.63667,N,00855.88719,E,1,11,0.8,1.1,M,44.7,M,,*4C
17286 1658482878 0 7 $GNGGA,094119.000,4423.63704,N,00855.88641,E,1,11,0.8,1.2,M,44.7,M,,*46
17287 1658482879 0 1 0.296
17288 1658482879 0 3 2.768 0.005
17289 1658482879 0 4 2.560 1.641
17290 1658482879 0 5 0.63
17291 1658482879 0 6 0.14
17292 1658482879 0 8 4.997 12.351 11.89
17293 1658482879 0 0 28.12 8.20 107.2 68.02 123.4 7.50 16.0 0.0 364.8 3.97 46.28 1.2
17294 1658482880 0 7 $GNGGA,094120.000,4423.63746,N,00855.88556,E,1,11,0.8,1.1,M,44.7,M,,*4C
17295 1658482880 0 7 $GNGGA,094121.000,4423.63793,N,00855.88481,E,1,11,0.8,1.2,M,44.7,M,,*4D
17296 1658482881 0 7 $GNGGA,094122.000,4423.63842,N,00855.88402,E,1,11,0.8,1.3,M,44.7,M,,*47
17297 1658482882 0 1 0.280
17298 1658482882 0 3 2.768 0.005
17299 1658482882 0 4 2.560 1.641
17300 1658482882 0 5 0.63
17301 1658482882 0 6 0.14
17302 1658482882 0 8 4.997 12.332 11.89
17303 1658482882 0 0 27.98 8.20 107.2 67.94 123.4 7.52 16.1 0.0 366.5 3.87 46.23 1.2
17304 1658482882 0 7 $GNGGA,094123.000,4423.63886,N,00855.88318,E,1,11,0.8,1.4,M,44.7,M,,*45
17305 1658482883 0 7 $GNGGA,094124.000,4423.63927,N,00855.88235,E,1,11,0.8,1.6,M,44.7,M,,*44
17306 1658482884 0 7 $GNGGA,094125.000,4423.63971,N,00855.88154,E,1,11,0.8,1.8,M,44.7,M,,*4C
17307 1658482885 0 1 0.331
17308 1658482885 0 3 2.767 0.005
17309 1658482885 0 4 2.560 1.641
17310 1658482885 0 5 0.63
17311 1658482885 0 6 0.14
17312 1658482885 0 8 4.997 12.332 11.89
17313 1658482885 0 0 27.97 8.20 107.2 67.90 123.3 7.52 16.1 0.0 364.0 3.85 46.20 1.2
17314 1658482886 0 7 $GNGGA,094126.000,4423.64014,N,00855.88071,E,1,11,0.8,2.0,M,44.7,M,,*4F
17315 1658482886 0 7 $GNGGA,094127.000,4423.64057,N,00855.87987,E,1,11,0.8,2.4,M,44.7,M,,*42
17316 1658482887 0 7 $GNGGA,094128.000,4423.64106,N,00855.87885,E,1,11,0.8,2.6,M,44.7,M,,*49
17317 1658482888 0 1 0.232
17318 1658482888 0 3 2.767 0.005
17319 1658482888 0 4 2.561 1.643
17320 1658482888 0 5 0.63
17321 1658482888 0 6 0.14
17322 1658482888 0 8 4.997 12.341 11.89
17323 1658482888 0 0 27.97 8.21 107.3 68.00 123.3 7.52 16.0 0.0 359.8 3.96 46.27 1.2
17324 1658482888 0 7 $GNGGA,094129.000,4423.64166,N,00855.87763,E,1,11,0.8,2.8,M,44.7,M,,*47
17325 1658482889 0 7 $GNGGA,094130.000,4423.64219,N,00855.87661,E,1,11,0.8,3.0,M,44.7,M,,*4E
17326 1658482890 0 7 $GNGGA,094131.000,4423.64251,N,00855.87569,E,1,11,0.8,2.8,M,44.7,M,,*41
17327 1658482891 0 1 0.314
17328 1658482891 0 3 2.767 0.005
17329 1658482891 0 4 2.560 1.643
17330 1658482891 0 5 0.62
17331 1658482891 0 6 0.14
17332 1658482891 0 8 4.997 12.332 11.89
17333 1658482891 0 0 28.09 8.20 107.2 67.94 123.3 7.51 16.0 0.0 358.3 3.92 46.23 1.2
17334 1658482892 0 7 $GNGGA,094132.000,4423.64285,N,00855.87472,E,1,11,0.8,2.7,M,44.7,M,,*4F
17335 1658482892 0 7 $GNGGA,094133.000,4423.64321,N,00855.87391,E,1,11,0.8,2.8,M,44.7,M,,*44
17336 1658482893 0 7 $GNGGA,094134.000,4423.64372,N,00855.87340,E,1,11,0.8,3.0,M,44.7,M,,*40
17337 1658482894 0 1 0.323
17338 1658482894 0 3 2.767 0.005
17339 1658482894 0 4 2.560 1.646
17340 1658482894 0 5 0.62
17341 1658482894 0 6 0.14
17342 1658482894 0 8 4.997 12.332 11.89
17343 1658482894 0 0 28.14 8.20 107.2 67.92 123.3 7.50 16.0 0.0 356.4 3.82 46.21 1.2
17344 1658482895 0 7 $GNGGA,094135.000,4423.64432,N,00855.87276,E,1,11,0.8,3.0,M,44.7,M,,*46
17345 1658482895 0 7 $GNGGA,094136.000,4423.64481,N,00855.87200,E,1,11,0.8,3.1,M,44.7,M,,*4D
17346 1658482896 0 7 $GNGGA,094137.000,4423.64532,N,00855.87106,E,1,11,0.8,3.1,M,44.7,M,,*40
17347 1658482897 0 1 0.290
17348 1658482897 0 3 2.767 0.005
17349 1658482897 0 4 2.560 1.646
17350 1658482897 0 5 0.62
17351 1658482897 0 6 0.14
17352 1658482897 0 8 4.997 12.341 11.89
17353 1658482897 0 0 28.15 8.20 107.3 67.90 123.3 7.50 16.0 0.0 354.5 3.80 46.19 1.2
17354 1658482898 0 7 $GNGGA,094138.000,4423.64578,N,00855.87017,E,1,11,0.8,3.1,M,44.7,M,,*40
17355 1658482898 0 7 $GNGGA,094139.000,4423.64633,N,00855.86915,E,1,11,0.8,2.8,M,44.7,M,,*4F
17356 1658482899 0 7 $GNGGA,094140.000,4423.64685,N,00855.86810,E,1,11,0.8,2.8,M,44.7,M,,*48
17357 1658482900 0 1 0.785
17358 1658482900 0 3 2.767 0.005
