/home/danielacabiddu/Devel/src/MATRAC/test/tuttomatrac/apps/build-mokupUI-Desktop_Qt_6_2_0_GCC_64bit-Release/MATRAC_Session_2022-07-22.13-05-42/porto_grid.mesh
43226 1658490990 0 7 $GNGGA,115632.000,4424.71588,N,00854.78083,E,1,13,0.8,-3.4,M,44.7,M,,*6F
43231 1658490992 0 8 4.997 12.332 11.91
43232 1658490992 0 0 27.22 8.22 100.0 67.70 138.8 8.58 15.1 0.0 273.5 3.18 46.07 1.1
43233 1658490992 0 7 $GNGGA,115633.000,4424.71635,N,00854.78065,E,1,13,0.8,-3.9,M,44.7,M,,*6E
43234 1658490993 0 7 $GNGGA,115635.000,4424.71707,N,00854.78041,E,1,13,0.8,-4.2,M,44.7,M,,*62
43235 1658490994 0 3 2.739 0.005
43236 1658490994 0 1 2.113
43242 1658490995 0 7 $GNGGA,115636.000,4424.71742,N,00854.78008,E,1,13,0.8,-4.1,M,44.7,M,,*6E
43243 1658490996 0 1 2.080
43247 1658490997 0 6 0.11
43248 1658490998 0 8 4.997 12.332 11.91
43249 1658490998 0 0 27.19 8.22 100.0 67.73 138.4 8.55 15.1 0.0 274.0 3.22 46.09 1.1
43251 1658490998 0 7 $GNGGA,115639.000,4424.71829,N,00854.77943,E,1,13,0.8,-3.9,M,44.7,M,,*65
43252 1658490999 0 7 $GNGGA,115641.000,4424.71928,N,00854.77985,E,1,13,0.8,-3.2,M,44.7,M,,*6B
43253 1658491000 0 3 2.739 0.005
43260 1658491001 0 7 $GNGGA,115642.000,4424.71981,N,00854.77994,E,1,13,0.8,-3.2,M,44.7,M,,*6B
43261 1658491002 0 1 2.365
43262 1658491003 0 3 2.740 0.005
43269 1658491004 0 7 $GNGGA,115645.000,4424.72069,N,00854.77971,E,1,13,0.8,-3.1,M,44.7,M,,*68
43270 1658491005 0 7 $GNGGA,115647.000,4424.72122,N,00854.77910,E,1,13,0.8,-2.3,M,44.7,M,,*60
43272 1658491006 0 4 2.558 1.556
43273 1658491006 0 5 0.36
43274 1658491006 0 6 0.11
43278 1658491008 0 1 2.806
43283 1658491010 0 8 4.997 12.332 11.91
43284 1658491010 0 0 27.21 8.22 100.0 67.82 137.7 8.51 15.0 0.0 274.3 3.25 46.16 1.1
43287 1658491011 0 7 $GNGGA,115653.000,4424.72181,N,00854.77788,E,1,13,0.8,-0.9,M,44.7,M,,*6B
43288 1658491012 0 3 2.740 0.005
43294 1658491013 0 7 $GNGGA,115654.000,4424.72182,N,00854.77785,E,1,13,0.8,-0.9,M,44.7,M,,*62
43295 1658491014 0 7 $GNGGA,115656.000,4424.72176,N,00854.77774,E,1,13,0.8,-0.9,M,44.7,M,,*65
43296 1658491015 0 3 2.740 0.005
43298 1658491015 0 4 2.559 1.553
43299 1658491015 0 5 0.36
43300 1658491015 0 6 0.11
43301 1658491016 0 8 4.997 12.332 11.91
43304 1658491017 0 7 $GNGGA,115659.000,4424.72253,N,00854.77799,E,1,13,0.8,-1.8,M,44.7,M,,*6D
43305 1658491018 0 3 2.740 0.005
43312 1658491020 0 7 $GNGGA,115702.000,4424.72333,N,00854.77812,E,1,13,0.8,-2.6,M,44.7,M,,*64
43313 1658491021 0 3 2.740 0.005
43314 1658491021 0 1 2.436
43320 1658491022 0 7 $GNGGA,115703.000,4424.72337,N,00854.77807,E,1,13,0.8,-2.5,M,44.7,M,,*66
43321 1658491023 0 7 $GNGGA,115705.000,4424.72344,N,00854.77797,E,1,13,0.8,-2.4,M,44.7,M,,*63
43322 1658491024 0 1 2.541
43324 1658491024 0 4 2.558 1.551
43325 1658491024 0 5 0.36
43326 1658491025 0 6 0.11
43330 1658491026 0 7 $GNGGA,115708.000,4424.72355,N,00854.77795,E,1,12,0.8,-2.5,M,44.7,M,,*6C
43331 1658491027 0 3 2.740 0.005
43338 1658491028 0 7 $GNGGA,115709.000,4424.72385,N,00854.77836,E,1,12,0.8,-2.4,M,44.7,M,,*67
43339 1658491029 0 7 $GNGGA,115711.000,4424.72447,N,00854.77922,E,1,13,0.8,-1.8,M,44.7,M,,*6D
43340 1658491030 0 3 2.740 0.005
43342 1658491030 0 5 0.37
43346 1658491031 0 7 $GNGGA,115712.000,4424.72475,N,00854.77976,E,1,13,0.8,-1.9,M,44.7,M,,*6F
43347 1658491032 0 7 $GNGGA,115714.000,4424.72524,N,00854.78037,E,1,12,0.8,-2.0,M,44.7,M,,*64
43351 1658491033 0 6 0.11
43352 1658491034 0 8 4.997 12.323 11.89
43353 1658491034 0 0 27.30 8.22 99.8 67.75 136.4 8.41 15.0 0.0 272.9 3.26 46.10 1.1
43354 1658491034 0 7 $GNGGA,115715.000,4424.72552,N,00854.78080,E,1,12,0.8,-2.3,M,44.7,M,,*6B
43355 1658491035 0 7 $GNGGA,115717.000,4424.72619,N,00854.78195,E,1,12,0.8,-3.2,M,44.7,M,,*60
43356 1658491036 0 1 2.664
43363 1658491037 0 7 $GNGGA,115718.000,4424.72645,N,00854.78248,E,1,12,0.8,-3.8,M,44.7,M,,*6F
43364 1658491038 0 7 $GNGGA,115720.000,4424.72722,N,00854.78352,E,1,12,0.8,-3.9,M,44.7,M,,*6F
43366 1658491039 0 3 2.740 0.005
43367 1658491039 0 4 2.558 1.553
43373 1658491041 0 7 $GNGGA,115723.000,4424.72846,N,00854.78507,E,1,12,0.8,-4.0,M,44.7,M,,*69
43374 1658491042 0 3 2.741 0.005
43379 1658491043 0 8 4.997 12.323 11.91
43380 1658491043 0 0 27.34 8.22 99.7 67.78 136.3 8.40 14.9 0.0 272.3 3.25 46.12 1.1
43381 1658491043 0 7 $GNGGA,115724.000,4424.72893,N,00854.78573,E,1,12,0.8,-4.2,M,44.7,M,,*67
43382 1658491044 0 7 $GNGGA,115726.000,4424.72976,N,00854.78659,E,1,12,0.8,-4.7,M,44.7,M,,*61
43383 1658491045 0 1 2.102
43390 1658491046 0 7 $GNGGA,115727.000,4424.73003,N,00854.78700,E,1,12,0.8,-4.7,M,44.7,M,,*67
43391 1658491047 0 7 $GNGGA,115729.000,4424.73048,N,00854.78827,E,1,13,0.8,-4.2,M,44.7,M,,*68
43400 1658491050 0 7 $GNGGA,115732.000,4424.73079,N,00854.78959,E,1,13,0.8,-3.3,M,44.7,M,,*6E
43403 1658491051 0 5 0.37
43404 1658491052 0 6 0.11
43405 1658491052 0 8 4.997 12.323 11.91
43406 1658491052 0 0 27.30 8.22 99.7 67.78 136.4 8.41 14.9 0.0 273.9 3.24 46.13 1.1
43407 1658491052 0 7 $GNGGA,115733.000,4424.73067,N,00854.78990,E,1,13,0.8,-2.8,M,44.7,M,,*6F
43408 1658491053 0 7 $GNGGA,115735.000,4424.73108,N,00854.79099,E,1,12,0.8,-2.3,M,44.7,M,,*6A
43409 1658491054 0 3 2.741 0.005
43410 1658491054 0 1 2.485
43416 1658491055 0 7 $GNGGA,115736.000,4424.73148,N,00854.79149,E,1,12,0.8,-2.3,M,44.7,M,,*61
43417 1658491056 0 7 $GNGGA,115738.000,4424.73150,N,00854.79228,E,1,12,0.8,-1.9,M,44.7,M,,*6B
43418 1658491057 0 1 2.435
43421 1658491057 0 5 0.37
43425 1658491058 0 7 $GNGGA,115739.000,4424.73144,N,00854.79272,E,1,12,0.8,-2.0,M,44.7,M,,*6A
43426 1658491059 0 7 $GNGGA,115741.000,4424.73145,N,00854.79362,E,1,12,0.8,-1.7,M,44.7,M,,*60
43427 1658491060 0 1 2.158
43434 1658491061 0 7 $GNGGA,115742.000,4424.73141,N,00854.79408,E,1,12,0.8,-1.7,M,44.7,M,,*6C
43435 1658491062 0 7 $GNGGA,115744.000,4424.73125,N,00854.79505,E,1,12,0.8,-1.6,M,44.7,M,,*65
43437 1658491063 0 3 2.740 0.005
43444 1658491065 0 7 $GNGGA,115747.000,4424.73029,N,00854.79635,E,1,12,0.8,-1.3,M,44.7,M,,*6E
43445 1658491066 0 1 2.321
43448 1658491066 0 5 0.37
43449 1658491067 0 6 0.12
43450 1658491067 0 8 4.997 12.323 11.89
43451 1658491067 0 0 27.28 8.22 99.6 67.71 136.4 8.42 14.9 0.0 274.0 3.16 46.07 1.1
43452 1658491068 0 7 $GNGGA,115748.000,4424.72998,N,00854.79671,E,1,12,0.8,-1.0,M,44.7,M,,*60
43453 1658491068 0 7 $GNGGA,115750.000,4424.72960,N,00854.79762,E,1,12,0.8,-0.7,M,44.7,M,,*6B
43454 1658491069 0 3 2.740 0.005
43461 1658491070 0 7 $GNGGA,115751.000,4424.72960,N,00854.79823,E,1,12,0.8,-0.6,M,44.7,M,,*61
43462 1658491071 0 7 $GNGGA,115753.000,4424.72937,N,00854.79902,E,1,12,0.8,-0.3,M,44.7,M,,*66
43464 1658491072 0 3 2.741 0.005
43465 1658491072 0 4 2.559 1.568
43470 1658491074 0 7 $GNGGA,115754.000,4424.72922,N,00854.79931,E,1,12,0.8,-0.3,M,44.7,M,,*65
43471 1658491074 0 7 $GNGGA,115756.000,4424.72912,N,00854.80019,E,1,12,0.8,-0.2,M,44.7,M,,*60
43472 1658491075 0 3 2.740 0.005
43478 1658491076 0 0 27.24 8.22 99.6 67.71 136.3 8.42 14.9 0.0 273.3 3.20 46.08 1.1
43481 1658491077 0 7 $GNGGA,115759.000,4424.72878,N,00854.80085,E,1,12,0.8,0.5,M,44.7,M,,*4D
43482 1658491078 0 1 2.485
43490 1658491080 0 7 $GNGGA,115801.000,4424.72859,N,00854.80165,E,1,12,0.8,0.1,M,44.7,M,,*47
43491 1658491080 0 7 $GNGGA,115802.000,4424.72856,N,00854.80193,E,1,12,0.8,-0.1,M,44.7,M,,*6F
43493 1658491081 0 1 2.155
43495 1658491081 0 5 0.36
43501 1658491083 0 7 $GNGGA,115805.000,4424.72836,N,00854.80293,E,1,12,0.8,-0.5,M,44.7,M,,*69
43502 1658491084 0 1 2.391
43507 1658491085 0 8 4.997 12.332 11.89
43508 1658491085 0 0 27.24 8.22 99.7 67.69 136.3 8.42 15.0 0.0 275.4 3.24 46.06 1.1
43509 1658491085 0 7 $GNGGA,115806.000,4424.72838,N,00854.80340,E,1,12,0.8,-0.8,M,44.7,M,,*66
43511 1658491086 0 7 $GNGGA,115808.000,4424.72790,N,00854.80381,E,1,12,0.8,-1.2,M,44.7,M,,*63
43512 1658491087 0 1 2.467
43519 1658491088 0 7 $GNGGA,115809.000,4424.72756,N,00854.80371,E,1,12,0.8,-1.3,M,44.7,M,,*66
43520 1658491089 0 7 $GNGGA,115811.000,4424.72705,N,00854.80392,E,1,11,0.9,-0.9,M,44.7,M,,*6D
43529 1658491092 0 7 $GNGGA,115814.000,4424.72635,N,00854.80501,E,1,12,0.8,-0.6,M,44.7,M,,*6B
43530 1658491093 0 1 2.464
43535 1658491094 0 8 4.997 12.332 11.91
43536 1658491094 0 0 27.17 8.22 99.8 67.74 136.3 8.43 15.0 0.0 276.4 3.25 46.10 1.1
43537 1658491094 0 7 $GNGGA,115815.000,4424.72640,N,00854.80503,E,1,12,0.8,-0.6,M,44.7,M,,*6A
43538 1658491095 0 7 $GNGGA,115817.000,4424.72659,N,00854.80534,E,1,12,0.8,-0.7,M,44.7,M,,*65
43545 1658491097 0 7 $GNGGA,115818.000,4424.72668,N,00854.80547,E,1,12,0.8,-0.7,M,44.7,M,,*6C
43546 1658491098 0 7 $GNGGA,115819.000,4424.72676,N,00854.80557,E,1,12,0.8,-0.7,M,44.7,M,,*63
43547 1658491098 0 7 $GNGGA,115820.000,4424.72686,N,00854.80572,E,1,12,0.8,-0.8,M,44.7,M,,*6E
43550 1658491099 0 4 2.559 1.561
43551 1658491099 0 5 0.36
43552 1658491099 0 6 0.11
43556 1658491101 0 7 $GNGGA,115823.000,4424.72664,N,00854.80731,E,1,12,0.8,-0.8,M,44.7,M,,*64
43557 1658491102 0 3 2.741 0.005
43562 1658491103 0 0 27.13 8.22 99.9 67.70 136.3 8.43 15.1 0.0 277.7 3.28 46.07 1.1
43563 1658491103 0 7 $GNGGA,115824.000,4424.72674,N,00854.80791,E,1,12,0.8,-0.5,M,44.7,M,,*65
43564 1658491104 0 7 $GNGGA,115826.000,4424.72674,N,00854.80852,E,1,12,0.8,-0.5,M,44.7,M,,*67
43566 1658491105 0 3 2.740 0.005
43573 1658491107 0 7 $GNGGA,115828.000,4424.72677,N,00854.80896,E,1,12,0.8,-0.3,M,44.7,M,,*64
43574 1658491107 0 7 $GNGGA,115829.000,4424.72678,N,00854.80907,E,1,12,0.8,-0.3,M,44.7,M,,*63
43577 1658491108 0 4 2.559 1.566
43578 1658491109 0 5 0.36
43579 1658491109 0 6 0.11
43583 1658491110 0 7 $GNGGA,115831.000,4424.72674,N,00854.80939,E,1,12,0.8,-0.2,M,44.7,M,,*6A
43584 1658491110 0 7 $GNGGA,115832.000,4424.72679,N,00854.80953,E,1,12,0.8,-0.2,M,44.7,M,,*68
43585 1658491111 0 1 2.440
43592 1658491112 0 7 $GNGGA,115833.000,4424.72680,N,00854.80970,E,1,12,0.8,-0.1,M,44.7,M,,*6D
43593 1658491113 0 7 $GNGGA,115834.000,4424.72682,N,00854.80985,E,1,12,0.8,-0.1,M,44.7,M,,*62
43594 1658491113 0 7 $GNGGA,115835.000,4424.72687,N,00854.81004,E,1,12,0.8,-0.2,M,44.7,M,,*64
43595 1658491114 0 3 2.743 0.005
43602 1658491116 0 7 $GNGGA,115838.000,4424.72626,N,00854.81133,E,1,12,0.8,0.0,M,44.7,M,,*48
43606 1658491117 0 5 0.36
43607 1658491118 0 6 0.11
43608 1658491118 0 8 4.997 12.332 11.89
43609 1658491118 0 0 27.23 8.22 100.1 67.74 136.2 8.41 15.0 0.0 274.0 3.28 46.10 1.1
43610 1658491118 0 7 $GNGGA,115839.000,4424.72616,N,00854.81172,E,1,12,0.8,0.2,M,44.7,M,,*4D
43611 1658491119 0 7 $GNGGA,115840.000,4424.72609,N,00854.81228,E,1,12,0.8,0.3,M,44.7,M,,*40
43612 1658491119 0 7 $GNGGA,115841.000,4424.72586,N,00854.81287,E,1,12,0.8,0.4,M,44.7,M,,*47
43613 1658491120 0 1 2.082
43620 1658491121 0 7 $GNGGA,115842.000,4424.72570,N,00854.81346,E,1,11,0.9,0.5,M,44.7,M,,*42
43621 1658491122 0 7 $GNGGA,115844.000,4424.72586,N,00854.81407,E,1,11,0.9,0.5,M,44.7,M,,*4F
43624 1658491123 0 4 2.559 1.576
43625 1658491123 0 5 0.35
43630 1658491125 0 7 $GNGGA,115847.000,4424.72615,N,00854.81505,E,1,11,0.9,0.5,M,44.7,M,,*46
43631 1658491126 0 1 1.910
43637 1658491127 0 0 27.24 8.22 100.3 67.75 136.2 8.41 15.1 0.0 275.0 3.30 46.10 1.1
43641 1658491129 0 3 2.741 0.005
43642 1658491129 0 1 1.985
43649 1658491131 0 7 $GNGGA,115853.000,4424.72689,N,00854.81763,E,1,11,0.9,-0.2,M,44.7,M,,*6E
43650 1658491132 0 1 1.862
43651 1658491132 0 3 2.741 0.005
43652 1658491132 0 4 2.559 1.573
43654 1658491133 0 6 0.11
43658 1658491134 0 7 $GNGGA,115856.000,4424.72689,N,00854.81819,E,1,11,0.9,-0.2,M,44.7,M,,*69
43660 1658491135 0 1 1.858
43665 1658491136 0 0 27.22 8.22 100.4 67.76 136.2 8.41 15.0 0.0 275.6 3.31 46.11 1.1
43668 1658491137 0 7 $GNGGA,115859.000,4424.72696,N,00854.81876,E,1,12,0.8,-0.3,M,44.7,M,,*62
43669 1658491138 0 1 2.168
43676 1658491139 0 7 $GNGGA,115900.000,4424.72699,N,00854.81902,E,1,12,0.8,-0.4,M,44.7,M,,*65
43677 1658491140 0 7 $GNGGA,115901.000,4424.72697,N,00854.81917,E,1,12,0.8,-0.4,M,44.7,M,,*6E
43678 1658491140 0 7 $GNGGA,115902.000,4424.72697,N,00854.81946,E,1,12,0.8,-0.4,M,44.7,M,,*69
43681 1658491141 0 4 2.559 1.584
43682 1658491141 0 5 0.35
43688 1658491143 0 7 $GNGGA,115905.000,4424.72660,N,00854.82063,E,1,12,0.8,-0.5,M,44.7,M,,*6A
43689 1658491144 0 1 2.689
43693 1658491145 0 6 0.11
43694 1658491145 0 8 4.997 12.257 11.89
43695 1658491145 0 0 27.19 8.22 100.5 67.73 136.2 8.42 15.1 0.0 276.8 3.31 46.09 1.1
43696 1658491145 0 7 $GNGGA,115906.000,4424.72643,N,00854.82091,E,1,12,0.8,-0.7,M,44.7,M,,*67
43697 1658491146 0 7 $GNGGA,115908.000,4424.72666,N,00854.82134,E,1,12,0.8,-0.8,M,44.7,M,,*6F
43698 1658491147 0 1 1.996
43699 1658491147 0 3 2.741 0.005
43705 1658491148 0 7 $GNGGA,115909.000,4424.72672,N,00854.82149,E,1,12,0.8,-0.8,M,44.7,M,,*61
43706 1658491149 0 7 $GNGGA,115910.000,4424.72676,N,00854.82160,E,1,12,0.8,-0.9,M,44.7,M,,*67
43707 1658491149 0 7 $GNGGA,115911.000,4424.72675,N,00854.82177,E,1,12,0.8,-0.9,M,44.7,M,,*63
43710 1658491150 0 4 2.559 1.586
43716 1658491152 0 7 $GNGGA,115914.000,4424.72669,N,00854.82203,E,1,12,0.8,-0.8,M,44.7,M,,*6A
43717 1658491153 0 1 1.879
43721 1658491153 0 6 0.11
43723 1658491154 0 0 27.18 8.22 100.7 67.64 136.1 8.42 15.0 0.0 277.1 3.31 46.02 1.1
43724 1658491154 0 7 $GNGGA,115915.000,4424.72663,N,00854.82215,E,1,12,0.8,-0.9,M,44.7,M,,*67
43725 1658491155 0 7 $GNGGA,115917.000,4424.72647,N,00854.82225,E,1,12,0.8,-1.2,M,44.7,M,,*6A
43726 1658491156 0 3 2.741 0.005
43727 1658491156 0 1 1.998
43733 1658491157 0 7 $GNGGA,115918.000,4424.72622,N,00854.82217,E,1,12,0.8,-1.5,M,44.7,M,,*60
43734 1658491158 0 7 $GNGGA,115920.000,4424.72548,N,00854.82226,E,1,12,0.8,-0.6,M,44.7,M,,*64
43735 1658491159 0 1 2.051
43736 1658491159 0 3 2.742 0.005
43737 1658491159 0 4 2.559 1.588
43738 1658491159 0 5 0.05
43739 1658491159 0 6 0.11
43740 1658491160 0 8 4.997 12.276 11.91
43743 1658491161 0 7 $GNGGA,115923.000,4424.72526,N,00854.82257,E,1,12,0.8,-0.4,M,44.7,M,,*6B
43744 1658491162 0 3 2.741 0.005
43751 1658491163 0 7 $GNGGA,115924.000,4424.72522,N,00854.82271,E,1,12,0.8,-0.3,M,44.7,M,,*6B
43752 1658491164 0 7 $GNGGA,115926.000,4424.72528,N,00854.82295,E,1,12,0.8,-0.1,M,44.7,M,,*6B
43753 1658491165 0 1 2.303
43754 1658491165 0 3 2.741 0.005
43761 1658491167 0 7 $GNGGA,115929.000,4424.72536,N,00854.82315,E,1,12,0.8,-0.1,M,44.7,M,,*62
43762 1658491168 0 1 2.113
43764 1658491168 0 4 2.559 1.588
43765 1658491168 0 5 0.05
43766 1658491168 0 6 0.11
43767 1658491169 0 8 4.997 12.266 11.91
43770 1658491170 0 7 $GNGGA,115932.000,4424.72546,N,00854.82336,E,1,12,0.8,0.1,M,44.7,M,,*43
43777 1658491172 0 7 $GNGGA,115933.000,4424.72548,N,00854.82342,E,1,12,0.8,0.1,M,44.7,M,,*4F
43778 1658491173 0 7 $GNGGA,115935.000,4424.72552,N,00854.82356,E,1,12,0.8,0.1,M,44.7,M,,*47
43779 1658491174 0 1 2.033
43780 1658491174 0 3 2.741 0.005
43787 1658491176 0 7 $GNGGA,115938.000,4424.72537,N,00854.82392,E,1,12,0.8,0.3,M,44.7,M,,*43
43788 1658491177 0 3 2.741 0.005
43792 1658491178 0 6 0.11
43793 1658491178 0 8 4.997 12.266 11.89
43795 1658491178 0 7 $GNGGA,115939.000,4424.72502,N,00854.82404,E,1,12,0.8,0.2,M,44.7,M,,*4D
43796 1658491179 0 7 $GNGGA,115941.000,4424.72516,N,00854.82436,E,1,13,0.8,0.5,M,44.7,M,,*40
43797 1658491180 0 1 2.038
43804 1658491181 0 7 $GNGGA,115942.000,4424.72520,N,00854.82457,E,1,13,0.8,0.6,M,44.7,M,,*42
43805 1658491182 0 7 $GNGGA,115944.000,4424.72528,N,00854.82493,E,1,13,0.8,0.7,M,44.7,M,,*45
43808 1658491183 0 4 2.559 1.571
43809 1658491183 0 5 0.05
43814 1658491185 0 7 $GNGGA,115947.000,4424.72537,N,00854.82520,E,1,13,0.8,0.8,M,44.7,M,,*4E
43815 1658491186 0 1 2.032
43821 1658491187 0 0 27.11 8.22 101.2 67.78 136.0 8.41 15.0 0.0 277.4 3.29 46.13 1.1
43822 1658491187 0 7 $GNGGA,115948.000,4424.72541,N,00854.82536,E,1,13,0.8,0.9,M,44.7,M,,*46
43823 1658491188 0 7 $GNGGA,115950.000,4424.72513,N,00854.82551,E,1,13,0.8,0.9,M,44.7,M,,*49
43824 1658491189 0 3 2.741 0.005
43828 1658491190 0 6 0.11
43829 1658491190 0 8 4.997 12.266 11.91
43830 1658491190 0 0 27.11 8.22 101.1 67.71 136.0 8.41 15.0 0.0 277.6 3.30 46.08 1.1
43831 1658491190 0 7 $GNGGA,115951.000,4424.72487,N,00854.82573,E,1,13,0.8,0.8,M,44.7,M,,*45
43832 1658491191 0 7 $GNGGA,115953.000,4424.72484,N,00854.82596,E,1,13,0.8,0.9,M,44.7,M,,*4E
43833 1658491192 0 3 2.741 0.005
43834 1658491192 0 4 2.559 1.566
43840 1658491194 0 7 $GNGGA,115955.000,4424.72485,N,00854.82611,E,1,13,0.8,0.9,M,44.7,M,,*45
43841 1658491194 0 7 $GNGGA,115956.000,4424.72463,N,00854.82612,E,1,13,0.8,1.0,M,44.7,M,,*45
43842 1658491195 0 1 2.258
43848 1658491196 0 0 27.10 8.22 101.3 67.72 135.9 8.41 15.0 0.0 277.6 3.30 46.08 1.1
43849 1658491196 0 7 $GNGGA,115957.000,4424.72462,N,00854.82621,E,1,13,0.8,1.0,M,44.7,M,,*45
43851 1658491197 0 7 $GNGGA,115959.000,4424.72455,N,00854.82632,E,1,13,0.8,1.1,M,44.7,M,,*4C
43852 1658491198 0 3 2.741 0.005
43858 1658491199 0 7 $GNGGA,120000.000,4424.72451,N,00854.82637,E,1,13,0.8,1.2,M,44.7,M,,*4D
43859 1658491200 0 7 $GNGGA,120001.000,4424.72454,N,00854.82652,E,1,13,0.8,1.2,M,44.7,M,,*4A
43860 1658491200 0 7 $GNGGA,120002.000,4424.72444,N,00854.82669,E,1,13,0.8,1.1,M,44.7,M,,*43
43861 1658491201 0 1 2.092
43863 1658491201 0 4 2.560 1.563
43864 1658491201 0 5 0.05
43865 1658491202 0 6 0.11
43870 1658491203 0 7 $GNGGA,120005.000,4424.72420,N,00854.82696,E,1,13,0.8,1.5,M,44.7,M,,*42
43871 1658491204 0 3 2.741 0.005
43878 1658491205 0 7 $GNGGA,120006.000,4424.72387,N,00854.82708,E,1,13,0.8,1.9,M,44.7,M,,*41
43879 1658491206 0 7 $GNGGA,120007.000,4424.72379,N,00854.82719,E,1,13,0.8,1.9,M,44.7,M,,*41
43880 1658491206 0 7 $GNGGA,120008.000,4424.72370,N,00854.82733,E,1,13,0.8,2.0,M,44.7,M,,*45
43882 1658491207 0 3 2.742 0.005
43888 1658491208 0 7 $GNGGA,120009.000,4424.72361,N,00854.82741,E,1,13,0.8,2.1,M,44.7,M,,*40
44169 1658491292 0 7 $GNGGA,120134.000,4424.70360,N,00854.84024,E,1,13,0.8,12.0,M,44.7,M,,*7E
44170 1658491293 0 7 $GNGGA,120135.000,4424.70308,N,00854.84054,E,1,13,0.8,12.1,M,44.7,M,,*77
44171 1658491294 0 1 1.998
44173 1658491294 0 4 2.559 1.581
44174 1658491294 0 5 0.07
44175 1658491294 0 6 0.12
44179 1658491295 0 7 $GNGGA,120137.000,4424.70189,N,00854.84105,E,1,13,0.8,12.3,M,44.7,M,,*79
44180 1658491296 0 7 $GNGGA,120138.000,4424.70135,N,00854.84114,E,1,13,0.8,12.6,M,44.7,M,,*74
44181 1658491297 0 1 2.102
44188 1658491298 0 7 $GNGGA,120139.000,4424.70085,N,00854.84160,E,1,13,0.8,12.9,M,44.7,M,,*73
44189 1658491298 0 7 $GNGGA,120140.000,4424.70008,N,00854.84184,E,1,13,0.8,13.1,M,44.7,M,,*7B
44190 1658491299 0 7 $GNGGA,120141.000,4424.69937,N,00854.84207,E,1,13,0.8,13.3,M,44.7,M,,*7D
44192 1658491300 0 3 2.738 0.005
44199 1658491301 0 7 $GNGGA,120143.000,4424.69792,N,00854.84275,E,1,13,0.8,13.6,M,44.7,M,,*7E
44200 1658491302 0 7 $GNGGA,120144.000,4424.69719,N,00854.84310,E,1,13,0.8,13.6,M,44.7,M,,*78
44201 1658491303 0 1 2.174
44204 1658491303 0 5 0.06
44205 1658491303 0 6 0.13
44206 1658491304 0 8 4.997 12.276 11.91
44210 1658491305 0 7 $GNGGA,120147.000,4424.69499,N,00854.84400,E,1,13,0.8,13.8,M,44.7,M,,*78
44211 1658491306 0 1 2.714
44219 1658491307 0 7 $GNGGA,120149.000,4424.69360,N,00854.84467,E,1,13,0.8,13.8,M,44.7,M,,*76
44220 1658491308 0 7 $GNGGA,120150.000,4424.69286,N,00854.84490,E,1,13,0.8,13.5,M,44.7,M,,*72
44222 1658491309 0 3 2.736 0.005
44223 1658491309 0 4 2.558 1.576
44230 1658491311 0 7 $GNGGA,120153.000,4424.69077,N,00854.84616,E,1,13,0.8,13.4,M,44.7,M,,*70
44232 1658491312 0 1 2.055
44236 1658491313 0 8 4.997 12.266 11.91
44237 1658491313 0 0 27.18 8.22 102.0 67.54 136.6 8.45 15.2 0.0 274.0 2.28 45.94 1.1
44238 1658491313 0 7 $GNGGA,120154.000,4424.69005,N,00854.84669,E,1,13,0.8,13.6,M,44.7,M,,*78
44240 1658491314 0 7 $GNGGA,120156.000,4424.68881,N,00854.84756,E,1,13,0.8,13.8,M,44.7,M,,*7C
44247 1658491316 0 7 $GNGGA,120157.000,4424.68831,N,00854.84794,E,1,13,0.8,13.9,M,44.7,M,,*79
44248 1658491317 0 2 0.06520000 6.26700019 1.72130002 0.04820000 2.76349997 0.00430000 0.08260000 0.28880000 1.00000000 82.67400360
44249 1658491317 0 7 $GNGGA,120159.000,4424.68706,N,00854.84908,E,1,13,0.8,14.3,M,44.7,M,,*7A
44252 1658491318 0 4 2.558 1.571
44253 1658491318 0 5 0.06
44258 1658491319 0 7 $GNGGA,120201.000,4424.68599,N,00854.85010,E,1,13,0.8,14.8,M,44.7,M,,*7A
44264 1658491321 0 6 0.12
44265 1658491322 0 8 4.997 12.276 11.91
44266 1658491322 0 0 27.17 8.22 102.0 67.61 137.0 8.47 15.2 0.0 274.3 2.18 46.00 1.1
44267 1658491322 0 7 $GNGGA,120203.000,4424.68476,N,00854.85102,E,1,13,0.8,15.1,M,44.7,M,,*72
44268 1658491322 0 7 $GNGGA,120204.000,4424.68416,N,00854.85144,E,1,13,0.8,15.3,M,44.7,M,,*73
44269 1658491323 0 7 $GNGGA,120205.000,4424.68359,N,00854.85190,E,1,13,0.8,15.4,M,44.7,M,,*70
44270 1658491324 0 3 2.730 0.005
44271 1658491324 0 1 2.028
44272 1658491324 0 4 2.558 1.571
44273 1658491324 0 5 0.07
44274 1658491325 0 6 0.12
44275 1658491325 0 8 4.997 12.276 11.89
44276 1658491325 0 0 27.16 8.22 101.9 67.65 137.1 8.48 15.3 0.0 276.7 2.14 46.03 1.1
44277 1658491325 0 7 $GNGGA,120206.000,4424.68296,N,00854.85254,E,1,13,0.8,15.6,M,44.7,M,,*78
44278 1658491325 0 7 $GNGGA,120207.000,4424.68235,N,00854.85305,E,1,13,0.8,15.8,M,44.7,M,,*7B
44279 1658491326 0 7 $GNGGA,120208.000,4424.68160,N,00854.85329,E,1,13,0.8,15.5,M,44.7,M,,*74
44280 1658491327 0 1 2.191
44281 1658491327 0 3 2.730 0.005
44282 1658491327 0 4 2.558 1.571
44283 1658491327 0 5 0.06
44284 1658491327 0 6 0.12
44285 1658491328 0 8 4.997 12.276 11.89
44286 1658491328 0 0 27.09 8.22 101.9 67.59 137.2 8.50 15.3 0.0 277.5 2.14 45.99 1.1
44287 1658491328 0 7 $GNGGA,120209.000,4424.68111,N,00854.85355,E,1,13,0.8,15.4,M,44.7,M,,*79
44288 1658491328 0 7 $GNGGA,120210.000,4424.68050,N,00854.85385,E,1,13,0.8,15.3,M,44.7,M,,*7F
44289 1658491329 0 7 $GNGGA,120211.000,4424.67981,N,00854.85416,E,1,13,0.8,15.2,M,44.7,M,,*78
44290 1658491330 0 1 2.046
44291 1658491330 0 3 2.730 0.005
44298 1658491331 0 7 $GNGGA,120213.000,4424.67808,N,00854.85541,E,1,13,0.8,15.7,M,44.7,M,,*7C
44299 1658491332 0 7 $GNGGA,120214.000,4424.67731,N,00854.85604,E,1,13,0.8,15.8,M,44.7,M,,*73
44300 1658491333 0 1 2.659
44304 1658491333 0 6 0.12
44305 1658491334 0 8 4.997 12.276 11.89
44306 1658491334 0 0 27.14 8.22 101.9 67.61 137.3 8.50 15.2 0.0 274.3 2.07 46.00 1.1
44307 1658491334 0 7 $GNGGA,120215.000,4424.67641,N,00854.85652,E,1,13,0.8,15.4,M,44.7,M,,*7B
44309 1658491335 0 7 $GNGGA,120217.000,4424.67473,N,00854.85750,E,1,13,0.8,15.1,M,44.7,M,,*7C
44310 1658491336 0 1 2.060
44318 1658491337 0 7 $GNGGA,120219.000,4424.67315,N,00854.85867,E,1,13,0.8,15.1,M,44.7,M,,*7E
44319 1658491338 0 7 $GNGGA,120220.000,4424.67241,N,00854.85921,E,1,13,0.8,15.3,M,44.7,M,,*75
44322 1658491339 0 4 2.558 1.576
44323 1658491339 0 5 0.06
44329 1658491341 0 7 $GNGGA,120223.000,4424.67038,N,00854.86109,E,1,13,0.8,15.6,M,44.7,M,,*7E
44330 1658491342 0 1 2.084
44334 1658491343 0 6 0.12
44335 1658491343 0 8 4.997 12.266 11.91
44336 1658491343 0 0 27.25 8.22 101.8 67.74 137.7 8.50 15.2 0.0 274.2 2.05 46.10 1.1
44337 1658491343 0 7 $GNGGA,120224.000,4424.66963,N,00854.86186,E,1,13,0.8,15.6,M,44.7,M,,*78
44340 1658491345 0 3 2.727 0.005
44341 1658491345 0 1 2.015
44349 1658491347 0 7 $GNGGA,120229.000,4424.66495,N,00854.86497,E,1,13,0.8,16.2,M,44.7,M,,*73
44350 1658491348 0 3 2.727 0.005
44351 1658491348 0 4 2.559 1.576
44352 1658491348 0 5 0.06
44357 1658491350 0 7 $GNGGA,120232.000,4424.66253,N,00854.86707,E,1,13,0.8,15.8,M,44.7,M,,*76
44358 1658491351 0 3 2.726 0.005
44361 1658491351 0 5 0.06
44364 1658491352 0 0 27.16 8.22 101.6 67.67 138.1 8.54 15.3 0.0 275.5 2.02 46.05 1.1
44365 1658491352 0 7 $GNGGA,120233.000,4424.66164,N,00854.86761,E,1,13,0.8,15.5,M,44.7,M,,*7D
44366 1658491353 0 7 $GNGGA,120235.000,4424.65994,N,00854.86882,E,1,13,0.8,15.2,M,44.7,M,,*7A
44367 1658491354 0 1 2.247
44368 1658491354 0 3 2.725 0.005
44375 1658491355 0 7 $GNGGA,120237.000,4424.65817,N,00854.86998,E,1,13,0.8,14.8,M,44.7,M,,*73
44376 1658491356 0 7 $GNGGA,120238.000,4424.65731,N,00854.87068,E,1,13,0.8,14.5,M,44.7,M,,*7D
44379 1658491357 0 4 2.558 1.576
44380 1658491357 0 5 0.07
44381 1658491358 0 6 0.12
44382 1658491358 0 8 4.997 12.266 11.91
44384 1658491358 0 7 $GNGGA,120239.000,4424.65655,N,00854.87136,E,1,13,0.8,14.3,M,44.7,M,,*73
44385 1658491358 0 7 $GNGGA,120240.000,4424.65603,N,00854.87216,E,1,13,0.8,14.5,M,44.7,M,,*79
44386 1658491359 0 7 $GNGGA,120241.000,4424.65525,N,00854.87290,E,1,13,0.8,14.5,M,44.7,M,,*71
44387 1658491360 0 1 2.753
44394 1658491361 0 7 $GNGGA,120242.000,4424.65437,N,00854.87392,E,1,13,0.8,14.5,M,44.7,M,,*73
44395 1658491361 0 7 $GNGGA,120243.000,4424.65356,N,00854.87484,E,1,13,0.8,14.3,M,44.7,M,,*74
44398 1658491363 0 3 2.720 0.005
44399 1658491363 0 4 2.558 1.576
44406 1658491365 0 7 $GNGGA,120247.000,4424.65135,N,00854.87801,E,1,13,0.8,14.4,M,44.7,M,,*71
44410 1658491366 0 6 0.12
44411 1658491367 0 8 4.997 12.266 11.91
44412 1658491367 0 0 27.15 8.22 101.4 67.63 138.5 8.57 15.2 0.0 274.8 1.91 46.01 1.1
44413 1658491367 0 7 $GNGGA,120248.000,4424.65067,N,00854.87896,E,1,13,0.8,14.6,M,44.7,M,,*74
44414 1658491368 0 7 $GNGGA,120250.000,4424.64915,N,00854.88049,E,1,13,0.8,14.9,M,44.7,M,,*7A
44415 1658491369 0 1 1.933
44416 1658491369 0 3 2.720 0.005
44423 1658491370 0 7 $GNGGA,120252.000,4424.64785,N,00854.88180,E,1,13,0.8,15.7,M,44.7,M,,*74
44424 1658491371 0 7 $GNGGA,120253.000,4424.64717,N,00854.88238,E,1,13,0.8,15.9,M,44.7,M,,*70
44425 1658491372 0 3 2.722 0.005
44426 1658491372 0 4 2.559 1.581
44432 1658491374 0 7 $GNGGA,120256.000,4424.64496,N,00854.88434,E,1,13,0.8,15.6,M,44.7,M,,*7A
44433 1658491375 0 1 1.943
44442 1658491377 0 7 $GNGGA,120259.000,4424.64184,N,00854.88550,E,1,13,0.8,15.1,M,44.7,M,,*77
44443 1658491378 0 3 2.722 0.005
44444 1658491378 0 1 1.747
44451 1658491379 0 7 $GNGGA,120301.000,4424.63989,N,00854.88620,E,1,13,0.8,14.2,M,44.7,M,,*7F
44452 1658491380 0 7 $GNGGA,120302.000,4424.63906,N,00854.88660,E,1,13,0.8,13.9,M,44.7,M,,*73
44453 1658491381 0 1 1.851
44455 1658491381 0 4 2.558 1.576
44456 1658491381 0 5 0.06
44462 1658491383 0 7 $GNGGA,120305.000,4424.63670,N,00854.88792,E,1,13,0.8,13.9,M,44.7,M,,*76
44467 1658491385 0 8 4.997 12.257 11.89
44468 1658491385 0 0 27.27 8.22 101.3 67.73 138.9 8.57 15.2 0.0 271.6 1.92 46.09 1.1
44469 1658491385 0 7 $GNGGA,120306.000,4424.63601,N,00854.88852,E,1,13,0.8,13.6,M,44.7,M,,*7F
44471 1658491386 0 7 $GNGGA,120308.000,4424.63420,N,00854.88926,E,1,13,0.8,13.5,M,44.7,M,,*71
44476 1658491387 0 6 0.11
44477 1658491388 0 8 4.997 12.079 11.89
44478 1658491388 0 0 27.28 8.22 101.3 67.79 138.9 8.57 15.2 0.0 273.3 1.96 46.14 1.1
44479 1658491388 0 7 $GNGGA,120309.000,4424.63340,N,00854.88944,E,1,13,0.8,13.7,M,44.7,M,,*77
44480 1658491388 0 7 $GNGGA,120310.000,4424.63255,N,00854.88981,E,1,13,0.8,14.2,M,44.7,M,,*71
44481 1658491390 0 7 $GNGGA,120311.000,4424.63193,N,00854.89042,E,1,13,0.8,15.0,M,44.7,M,,*7D
44482 1658491391 0 3 2.720 0.005
44483 1658491391 0 4 2.559 1.576
44484 1658491391 0 5 0.07
44489 1658491393 0 7 $GNGGA,120314.000,4424.62949,N,00854.89225,E,1,13,0.8,15.7,M,44.7,M,,*72
44490 1658491394 0 3 2.716 0.005
44493 1658491394 0 5 0.06
44495 1658491395 0 8 4.997 12.257 11.91
44496 1658491395 0 0 27.25 8.22 101.3 67.81 138.9 8.57 15.3 0.0 275.0 1.94 46.15 1.1
44497 1658491395 0 7 $GNGGA,120315.000,4424.62860,N,00854.89286,E,1,13,0.8,15.9,M,44.7,M,,*7E
44498 1658491395 0 7 $GNGGA,120316.000,4424.62780,N,00854.89350,E,1,13,0.8,16.1,M,44.7,M,,*7D
44499 1658491396 0 7 $GNGGA,120317.000,4424.62711,N,00854.89417,E,1,13,0.8,16.3,M,44.7,M,,*72
44500 1658491397 0 1 1.520
44508 1658491398 0 7 $GNGGA,120319.000,4424.62559,N,00854.89551,E,1,13,0.8,16.7,M,44.7,M,,*75
44509 1658491399 0 7 $GNGGA,120320.000,4424.62464,N,00854.89617,E,1,13,0.8,16.9,M,44.7,M,,*7F
44512 1658491400 0 4 2.559 1.573
44519 1658491402 0 7 $GNGGA,120323.000,4424.62239,N,00854.89810,E,1,13,0.8,16.8,M,44.7,M,,*7A
44525 1658491404 0 0 27.20 8.22 101.4 67.68 138.6 8.57 15.2 0.0 275.8 1.84 46.05 1.1
44526 1658491404 0 7 $GNGGA,120324.000,4424.62155,N,00854.89875,E,1,13,0.8,16.5,M,44.7,M,,*7A
44527 1658491405 0 7 $GNGGA,120326.000,4424.62004,N,00854.90020,E,1,13,0.8,16.6,M,44.7,M,,*7E
44528 1658491406 0 3 2.715 0.005
44529 1658491406 0 1 1.424
44530 1658491406 0 4 2.558 1.573
44536 1658491407 0 7 $GNGGA,120328.000,4424.61855,N,00854.90156,E,1,13,0.8,16.2,M,44.7,M,,*7B
44537 1658491408 0 7 $GNGGA,120329.000,4424.61770,N,00854.90224,E,1,13,0.8,16.3,M,44.7,M,,*75
44538 1658491409 0 1 1.619
44540 1658491409 0 4 2.559 1.571
44541 1658491410 0 5 0.06
44546 1658491410 0 7 $GNGGA,120331.000,4424.61604,N,00854.90349,E,1,13,0.8,15.8,M,44.7,M,,*7C
44547 1658491411 0 7 $GNGGA,120332.000,4424.61528,N,00854.90418,E,1,13,0.8,15.5,M,44.7,M,,*7C
44548 1658491412 0 1 1.496
44557 1658491414 0 7 $GNGGA,120335.000,4424.61259,N,00854.90625,E,1,13,0.8,14.9,M,44.7,M,,*7B
44558 1658491415 0 3 2.713 0.005
44565 1658491417 0 7 $GNGGA,120338.000,4424.61015,N,00854.90811,E,1,13,0.8,14.4,M,44.7,M,,*78
44566 1658491418 0 1 1.466
44568 1658491418 0 4 2.559 1.566
44569 1658491418 0 5 0.06
44570 1658491418 0 6 0.11
44571 1658491419 0 8 4.997 12.266 11.91
44572 1658491419 0 0 27.22 8.22 101.5 67.64 137.8 8.52 15.2 0.0 274.9 1.78 46.02 1.1
44573 1658491419 0 7 $GNGGA,120339.000,4424.60960,N,00854.90884,E,1,13,0.8,14.4,M,44.7,M,,*7F
44574 1658491419 0 7 $GNGGA,120340.000,4424.60899,N,00854.90955,E,1,13,0.8,14.8,M,44.7,M,,*77
44575 1658491420 0 7 $GNGGA,120341.000,4424.60816,N,00854.91016,E,1,13,0.8,15.2,M,44.7,M,,*75
44576 1658491421 0 3 2.712 0.005
44581 1658491422 0 0 27.21 8.22 101.6 67.79 137.6 8.50 15.2 0.0 276.1 1.74 46.13 1.1
44582 1658491422 0 7 $GNGGA,120342.000,4424.60730,N,00854.91077,E,1,13,0.8,15.6,M,44.7,M,,*7E
44583 1658491422 0 7 $GNGGA,120343.000,4424.60671,N,00854.91139,E,1,13,0.8,16.2,M,44.7,M,,*77
44594 1658491426 0 7 $GNGGA,120347.000,4424.60303,N,00854.91339,E,1,13,0.8,16.8,M,44.7,M,,*7B
44598 1658491427 0 5 0.06
44599 1658491428 0 6 0.11
44600 1658491428 0 8 4.997 12.276 11.91
44601 1658491428 0 0 27.21 8.22 101.5 67.76 137.1 8.47 15.3 0.0 277.3 1.71 46.12 1.1
44603 1658491429 0 7 $GNGGA,120350.000,4424.60067,N,00854.91555,E,1,13,0.8,17.7,M,44.7,M,,*7E
44604 1658491430 0 1 1.570
44612 1658491431 0 7 $GNGGA,120352.000,4424.59903,N,00854.91673,E,1,13,0.8,17.7,M,44.7,M,,*7A
44613 1658491432 0 7 $GNGGA,120353.000,4424.59819,N,00854.91688,E,1,13,0.8,17.6,M,44.7,M,,*74
44616 1658491433 0 5 0.06
44621 1658491435 0 7 $GNGGA,120356.000,4424.59562,N,00854.91801,E,1,13,0.8,17.2,M,44.7,M,,*7B
44626 1658491436 0 6 0.11
44627 1658491437 0 8 4.997 12.276 11.91
44628 1658491437 0 0 27.26 8.22 101.6 67.63 135.9 8.40 15.2 0.0 273.4 1.72 46.01 1.1
44629 1658491437 0 7 $GNGGA,120357.000,4424.59475,N,00854.91845,E,1,13,0.8,17.1,M,44.7,M,,*7E
44632 1658491438 0 7 $GNGGA,120359.000,4424.59299,N,00854.91936,E,1,13,0.8,16.7,M,44.7,M,,*76
44633 1658491439 0 1 1.771
44641 1658491440 0 7 $GNGGA,120401.000,4424.59082,N,00854.92029,E,1,13,0.8,16.1,M,44.7,M,,*76
44642 1658491441 0 7 $GNGGA,120402.000,4424.58989,N,00854.92077,E,1,13,0.8,15.8,M,44.7,M,,*77
44643 1658491442 0 1 2.325
44645 1658491442 0 4 2.559 1.558
44646 1658491442 0 5 0.06
44652 1658491444 0 7 $GNGGA,120405.000,4424.58721,N,00854.92176,E,1,13,0.8,15.0,M,44.7,M,,*74
44653 1658491445 0 1 1.799
44661 1658491446 0 7 $GNGGA,120407.000,4424.58531,N,00854.92255,E,1,13,0.8,14.2,M,44.7,M,,*74
44662 1658491447 0 7 $GNGGA,120408.000,4424.58429,N,00854.92299,E,1,13,0.8,13.6,M,44.7,M,,*70
44663 1658491448 0 3 2.713 0.005
44664 1658491448 0 1 1.784
44669 1658491449 0 0 27.13 8.22 101.7 67.72 135.1 8.36 15.3 0.0 278.4 1.83 46.08 1.1
44670 1658491449 0 7 $GNGGA,120409.000,4424.58342,N,00854.92355,E,1,13,0.8,13.1,M,44.7,M,,*7D
44671 1658491449 0 7 $GNGGA,120410.000,4424.58276,N,00854.92421,E,1,13,0.8,13.0,M,44.7,M,,*76
44672 1658491450 0 7 $GNGGA,120411.000,4424.58197,N,00854.92454,E,1,13,0.8,12.7,M,44.7,M,,*7F
44673 1658491451 0 1 1.701
44675 1658491451 0 4 2.559 1.563
44676 1658491451 0 5 0.06
44681 1658491452 0 7 $GNGGA,120413.000,4424.58056,N,00854.92576,E,1,13,0.8,12.6,M,44.7,M,,*71
44682 1658491453 0 7 $GNGGA,120414.000,4424.58002,N,00854.92628,E,1,13,0.8,12.5,M,44.7,M,,*7C
44683 1658491454 0 3 2.713 0.005
44686 1658491454 0 5 0.06
44687 1658491454 0 6 0.11
44690 1658491455 0 7 $GNGGA,120415.000,4424.57955,N,00854.92686,E,1,13,0.8,12.2,M,44.7,M,,*7A
44692 1658491456 0 7 $GNGGA,120417.000,4424.57802,N,00854.92804,E,1,13,0.8,11.3,M,44.7,M,,*7D
44693 1658491457 0 1 1.711
44701 1658491458 0 7 $GNGGA,120419.000,4424.57644,N,00854.92899,E,1,13,0.8,10.1,M,44.7,M,,*78
44702 1658491459 0 7 $GNGGA,120420.000,4424.57575,N,00854.92961,E,1,13,0.8,9.9,M,44.7,M,,*45
44706 1658491461 0 5 0.06
44712 1658491462 0 7 $GNGGA,120423.000,4424.57378,N,00854.93114,E,1,13,0.8,9.1,M,44.7,M,,*4E
44713 1658491463 0 1 1.830
44721 1658491464 0 7 $GNGGA,120425.000,4424.57232,N,00854.93167,E,1,13,0.8,8.5,M,44.7,M,,*46
44722 1658491465 0 7 $GNGGA,120426.000,4424.57163,N,00854.93190,E,1,13,0.8,8.1,M,44.7,M,,*4E
44723 1658491466 0 1 1.711
44731 1658491467 0 7 $GNGGA,120428.000,4424.57014,N,00854.93223,E,1,13,0.8,7.4,M,44.7,M,,*40
44732 1658491468 0 7 $GNGGA,120429.000,4424.56932,N,00854.93267,E,1,13,0.8,7.3,M,44.7,M,,*4A
44733 1658491469 0 1 2.484
44735 1658491469 0 4 2.559 1.563
44736 1658491469 0 5 0.07
44737 1658491469 0 6 0.11
44738 1658491470 0 8 4.997 12.276 11.89
44741 1658491470 0 7 $GNGGA,120431.000,4424.56754,N,00854.93340,E,1,13,0.8,6.5,M,44.7,M,,*4E
44742 1658491471 0 7 $GNGGA,120432.000,4424.56673,N,00854.93357,E,1,13,0.8,6.1,M,44.7,M,,*4B
44749 1658491473 0 7 $GNGGA,120433.000,4424.56577,N,00854.93372,E,1,13,0.8,5.6,M,44.7,M,,*4E
44750 1658491474 0 7 $GNGGA,120435.000,4424.56374,N,00854.93380,E,1,13,0.8,4.2,M,44.7,M,,*45
44759 1658491476 0 7 $GNGGA,120437.000,4424.56187,N,00854.93444,E,1,13,0.8,3.7,M,44.7,M,,*44
44760 1658491477 0 7 $GNGGA,120438.000,4424.56105,N,00854.93477,E,1,13,0.8,3.6,M,44.7,M,,*40
44761 1658491478 0 1 1.648
44763 1658491478 0 4 2.559 1.563
44764 1658491479 0 5 0.07
44766 1658491479 0 8 4.997 12.266 11.91
44767 1658491479 0 0 27.07 8.22 101.8 67.72 135.8 8.41 15.3 0.0 277.9 2.11 46.09 1.1
44768 1658491479 0 7 $GNGGA,120439.000,4424.56027,N,00854.93510,E,1,13,0.8,3.6,M,44.7,M,,*40
44770 1658491480 0 7 $GNGGA,120441.000,4424.55878,N,00854.93595,E,1,13,0.8,2.9,M,44.7,M,,*4D
44771 1658491481 0 3 2.726 0.005
44779 1658491482 0 7 $GNGGA,120443.000,4424.55725,N,00854.93663,E,1,13,0.8,2.3,M,44.7,M,,*48
44780 1658491483 0 7 $GNGGA,120444.000,4424.55653,N,00854.93702,E,1,13,0.8,2.0,M,44.7,M,,*4A
44781 1658491484 0 3 2.725 0.005
44788 1658491486 0 7 $GNGGA,120447.000,4424.55432,N,00854.93844,E,1,13,0.8,1.6,M,44.7,M,,*44
44789 1658491487 0 3 2.725 0.005
44790 1658491487 0 1 1.723
44791 1658491487 0 4 2.559 1.563
44792 1658491487 0 5 0.07
44793 1658491487 0 6 0.11
44797 1658491488 0 7 $GNGGA,120449.000,4424.55295,N,00854.93925,E,1,13,0.8,1.4,M,44.7,M,,*45
44798 1658491489 0 7 $GNGGA,120450.000,4424.55218,N,00854.93976,E,1,13,0.8,1.2,M,44.7,M,,*48
44799 1658491490 0 1 1.723
44805 1658491491 0 0 27.04 8.22 101.8 67.60 135.8 8.42 15.3 0.0 276.0 2.00 46.00 1.1
44806 1658491491 0 7 $GNGGA,120451.000,4424.55132,N,00854.94026,E,1,13,0.8,0.9,M,44.7,M,,*43
44808 1658491492 0 7 $GNGGA,120453.000,4424.54967,N,00854.94098,E,1,13,0.8,0.4,M,44.7,M,,*40
44809 1658491493 0 1 1.728
44810 1658491493 0 3 2.723 0.005
44817 1658491494 0 7 $GNGGA,120455.000,4424.54820,N,00854.94181,E,1,12,0.9,-0.1,M,44.7,M,,*65
44818 1658491495 0 7 $GNGGA,120456.000,4424.54734,N,00854.94219,E,1,12,0.9,-0.4,M,44.7,M,,*6B
44821 1658491496 0 5 0.08
44822 1658491496 0 6 0.11
44823 1658491497 0 8 4.997 12.266 11.91
44824 1658491497 0 0 27.03 8.22 101.9 67.65 135.8 8.42 15.3 0.0 275.5 1.98 46.03 1.1
44826 1658491498 0 7 $GNGGA,120459.000,4424.54531,N,00854.94351,E,1,12,0.9,-0.0,M,44.7,M,,*6A
44827 1658491499 0 1 1.754
44835 1658491500 0 7 $GNGGA,120501.000,4424.54386,N,00854.94433,E,1,12,0.9,0.0,M,44.7,M,,*42
44836 1658491501 0 7 $GNGGA,120502.000,4424.54316,N,00854.94473,E,1,12,0.9,0.1,M,44.7,M,,*4D
44838 1658491502 0 4 2.559 1.561
44845 1658491504 0 7 $GNGGA,120505.000,4424.54093,N,00854.94597,E,1,13,0.8,-0.1,M,44.7,M,,*62
44846 1658491505 0 1 1.758
44852 1658491506 0 0 27.03 8.22 101.9 67.60 135.7 8.41 15.2 0.0 275.9 1.92 46.00 1.1
44853 1658491506 0 7 $GNGGA,120506.000,4424.54010,N,00854.94627,E,1,13,0.8,-0.1,M,44.7,M,,*62
44856 1658491508 0 3 2.720 0.005
44862 1658491509 0 0 27.03 8.22 101.8 67.61 135.7 8.41 15.3 0.0 273.8 1.95 46.00 1.1
44863 1658491509 0 7 $GNGGA,120509.000,4424.53787,N,00854.94754,E,1,13,0.8,-0.5,M,44.7,M,,*62
44864 1658491510 0 7 $GNGGA,120511.000,4424.53646,N,00854.94845,E,1,13,0.8,-0.0,M,44.7,M,,*6D
44865 1658491511 0 1 1.693
44873 1658491512 0 7 $GNGGA,120513.000,4424.53506,N,00854.94943,E,1,13,0.8,0.4,M,44.7,M,,*46
44874 1658491513 0 7 $GNGGA,120514.000,4424.53439,N,00854.94992,E,1,13,0.8,0.5,M,44.7,M,,*41
44878 1658491514 0 5 0.07
44880 1658491515 0 8 4.997 12.266 11.91
44881 1658491515 0 0 26.99 8.22 101.9 67.68 135.7 8.42 15.2 0.0 275.0 1.89 46.05 1.1
44882 1658491515 0 7 $GNGGA,120515.000,4424.53369,N,00854.95026,E,1,13,0.8,0.4,M,44.7,M,,*44
44883 1658491516 0 7 $GNGGA,120517.000,4424.53213,N,00854.95090,E,1,13,0.8,0.5,M,44.7,M,,*46
44884 1658491517 0 1 1.724
44885 1658491517 0 3 2.718 0.005
44892 1658491518 0 7 $GNGGA,120519.000,4424.53034,N,00854.95150,E,1,13,0.8,-0.1,M,44.7,M,,*6B
44893 1658491519 0 7 $GNGGA,120520.000,4424.52961,N,00854.95189,E,1,13,0.8,-0.2,M,44.7,M,,*6E
44895 1658491520 0 4 2.559 1.563
44896 1658491520 0 5 0.07
44897 1658491520 0 6 0.11
44898 1658491521 0 8 4.997 12.276 11.91
44901 1658491522 0 7 $GNGGA,120523.000,4424.52734,N,00854.95304,E,1,13,0.8,-0.2,M,44.7,M,,*64
44902 1658491523 0 1 2.290
44908 1658491524 0 0 27.01 8.22 101.9 67.64 135.7 8.42 15.2 0.0 271.5 1.90 46.03 1.1
44909 1658491524 0 7 $GNGGA,120524.000,4424.52657,N,00854.95344,E,1,13,0.8,-0.2,M,44.7,M,,*63
44912 1658491526 0 1 1.620
44913 1658491526 0 3 2.716 0.005
44920 1658491527 0 7 $GNGGA,120528.000,4424.52353,N,00854.95493,E,1,13,0.8,-0.6,M,44.7,M,,*67
44921 1658491528 0 7 $GNGGA,120529.000,4424.52272,N,00854.95522,E,1,14,0.7,-0.5,M,44.7,M,,*64
44924 1658491529 0 4 2.559 1.566
44925 1658491529 0 5 0.06
44926 1658491530 0 6 0.11
44927 1658491530 0 8 4.997 12.276 11.89
44930 1658491530 0 7 $GNGGA,120531.000,4424.52110,N,00854.95593,E,1,14,0.7,-0.4,M,44.7,M,,*61
44931 1658491531 0 7 $GNGGA,120532.000,4424.52028,N,00854.95633,E,1,14,0.7,-0.6,M,44.7,M,,*63
44934 1658491532 0 5 0.06
44939 1658491534 0 7 $GNGGA,120535.000,4424.51788,N,00854.95721,E,1,14,0.7,-0.9,M,44.7,M,,*67
44940 1658491535 0 3 2.717 0.005
44941 1658491535 0 1 1.684
44948 1658491536 0 7 $GNGGA,120537.000,4424.51642,N,00854.95787,E,1,14,0.7,-1.0,M,44.7,M,,*66
44949 1658491537 0 7 $GNGGA,120538.000,4424.51559,N,00854.95812,E,1,14,0.7,-1.2,M,44.7,M,,*61
44950 1658491538 0 1 1.587
44952 1658491538 0 4 2.559 1.566
44953 1658491539 0 5 0.06
44954 1658491539 0 6 0.11
44955 1658491539 0 8 4.997 12.276 11.91
44956 1658491539 0 0 27.00 8.22 101.9 67.62 135.7 8.42 15.2 0.0 270.6 1.98 46.01 1.1
44957 1658491539 0 7 $GNGGA,120539.000,4424.51471,N,00854.95834,E,1,14,0.7,-1.3,M,44.7,M,,*6E
44959 1658491540 0 7 $GNGGA,120541.000,4424.51309,N,00854.95889,E,1,14,0.7,-1.7,M,44.7,M,,*6B
44960 1658491541 0 3 2.720 0.005
44961 1658491541 0 1 1.875
44968 1658491542 0 7 $GNGGA,120543.000,4424.51139,N,00854.95942,E,1,14,0.7,-2.1,M,44.7,M,,*6B
44969 1658491543 0 7 $GNGGA,120544.000,4424.51055,N,00854.95971,E,1,14,0.7,-2.3,M,44.7,M,,*65
44970 1658491544 0 3 2.721 0.005
44971 1658491544 0 4 2.559 1.563
44972 1658491544 0 5 0.06
44977 1658491546 0 7 $GNGGA,120547.000,4424.50814,N,00854.96055,E,1,14,0.7,-2.5,M,44.7,M,,*60
44978 1658491547 0 1 1.778
44983 1658491548 0 8 4.997 12.266 11.91
44985 1658491548 0 7 $GNGGA,120548.000,4424.50727,N,00854.96093,E,1,14,0.7,-2.7,M,44.7,M,,*68
44986 1658491548 0 7 $GNGGA,120549.000,4424.50645,N,00854.96129,E,1,14,0.7,-2.8,M,44.7,M,,*63
44988 1658491550 0 1 2.672
44997 1658491552 0 7 $GNGGA,120553.000,4424.50344,N,00854.96257,E,1,14,0.7,-2.7,M,44.7,M,,*69
44998 1658491553 0 1 1.940
44999 1658491553 0 3 2.720 0.005
45000 1658491553 0 4 2.559 1.563
45006 1658491554 0 7 $GNGGA,120555.000,4424.50168,N,00854.96321,E,1,14,0.7,-3.1,M,44.7,M,,*64
45007 1658491555 0 7 $GNGGA,120556.000,4424.50084,N,00854.96356,E,1,14,0.7,-3.0,M,44.7,M,,*65
45013 1658491557 0 8 4.997 12.276 11.91
45014 1658491557 0 0 26.79 8.22 102.0 67.74 135.8 8.44 15.3 0.0 271.8 1.97 46.11 1.1
45015 1658491557 0 7 $GNGGA,120557.000,4424.50010,N,00854.96390,E,1,14,0.7,-2.9,M,44.7,M,,*6B
45017 1658491558 0 7 $GNGGA,120559.000,4424.49854,N,00854.96469,E,1,14,0.7,-3.0,M,44.7,M,,*6C
45018 1658491559 0 1 1.787
45019 1658491559 0 3 2.720 0.005
45026 1658491560 0 7 $GNGGA,120601.000,4424.49703,N,00854.96536,E,1,14,0.7,-3.1,M,44.7,M,,*65
45027 1658491561 0 7 $GNGGA,120602.000,4424.49636,N,00854.96567,E,1,14,0.7,-3.1,M,44.7,M,,*65
45031 1658491562 0 5 0.09
45032 1658491563 0 6 0.11
45033 1658491563 0 8 4.997 12.276 11.89
45037 1658491564 0 7 $GNGGA,120605.000,4424.49441,N,00854.96645,E,1,14,0.7,-3.5,M,44.7,M,,*67
45038 1658491565 0 1 1.961
45043 1658491566 0 8 4.997 12.266 11.91
45044 1658491566 0 0 26.82 8.22 102.0 67.49 135.8 8.45 15.3 0.0 269.0 1.92 45.92 1.1
45045 1658491566 0 7 $GNGGA,120606.000,4424.49352,N,00854.96685,E,1,14,0.7,-3.9,M,44.7,M,,*61
45048 1658491568 0 3 2.720 0.005
45049 1658491568 0 1 1.813
45054 1658491569 0 0 26.85 8.22 102.0 67.57 135.8 8.44 15.3 0.0 263.0 1.92 45.98 1.1
45055 1658491569 0 7 $GNGGA,120609.000,4424.49108,N,00854.96803,E,1,14,0.7,-4.1,M,44.7,M,,*6C
45056 1658491569 0 7 $GNGGA,120610.000,4424.49036,N,00854.96842,E,1,14,0.7,-4.2,M,44.7,M,,*6E
45057 1658491570 0 7 $GNGGA,120611.000,4424.48965,N,00854.96883,E,1,14,0.7,-4.2,M,44.7,M,,*6C
45058 1658491571 0 1 1.942
45059 1658491571 0 3 2.718 0.005
45060 1658491571 0 4 2.559 1.561
45061 1658491571 0 5 0.10
45066 1658491572 0 7 $GNGGA,120613.000,4424.48821,N,00854.96965,E,1,14,0.7,-3.8,M,44.7,M,,*6B
45067 1658491573 0 7 $GNGGA,120614.000,4424.48755,N,00854.97003,E,1,14,0.7,-3.8,M,44.7,M,,*68
45068 1658491574 0 1 1.451
45073 1658491575 0 8 4.997 12.276 11.89
45074 1658491575 0 0 27.01 8.22 102.0 67.64 135.8 8.42 15.2 0.0 262.9 1.87 46.02 1.1
45075 1658491575 0 7 $GNGGA,120615.000,4424.48678,N,00854.97043,E,1,14,0.7,-4.0,M,44.7,M,,*6C
45076 1658491575 0 7 $GNGGA,120616.000,4424.48598,N,00854.97082,E,1,14,0.7,-4.1,M,44.7,M,,*6E
45077 1658491576 0 7 $GNGGA,120617.000,4424.48511,N,00854.97121,E,1,14,0.7,-4.3,M,44.7,M,,*64
45078 1658491577 0 1 2.103
45079 1658491577 0 3 2.717 0.005
45086 1658491578 0 7 $GNGGA,120619.000,4424.48344,N,00854.97186,E,1,14,0.7,-4.6,M,44.7,M,,*64
45087 1658491579 0 7 $GNGGA,120620.000,4424.48257,N,00854.97225,E,1,14,0.7,-4.6,M,44.7,M,,*67
45088 1658491580 0 1 1.503
45091 1658491580 0 5 0.10
45093 1658491581 0 8 4.997 12.276 11.91
45097 1658491582 0 7 $GNGGA,120623.000,4424.48022,N,00854.97320,E,1,14,0.7,-4.8,M,44.7,M,,*6E
45102 1658491584 0 6 0.10
45103 1658491584 0 8 4.997 12.276 11.91
45104 1658491584 0 0 26.81 8.22 102.0 67.81 135.8 8.44 15.3 0.0 269.2 1.90 46.16 1.1
45108 1658491586 0 1 1.673
45109 1658491586 0 3 2.716 0.005
45116 1658491587 0 7 $GNGGA,120628.000,4424.47622,N,00854.97485,E,1,14,0.7,-5.4,M,44.7,M,,*69
45117 1658491588 0 7 $GNGGA,120629.000,4424.47543,N,00854.97518,E,1,14,0.7,-5.3,M,44.7,M,,*6E
45120 1658491589 0 4 2.560 1.558
45121 1658491589 0 5 0.10
45122 1658491590 0 6 0.11
45126 1658491591 0 7 $GNGGA,120632.000,4424.47290,N,00854.97618,E,1,14,0.7,-5.2,M,44.7,M,,*6F
45130 1658491592 0 5 0.09
45131 1658491593 0 6 0.11
45132 1658491593 0 8 4.997 12.276 11.89
45133 1658491593 0 0 26.81 8.22 102.1 67.53 135.8 8.45 15.2 0.0 259.8 1.92 45.94 1.1
45134 1658491593 0 7 $GNGGA,120633.000,4424.47223,N,00854.97653,E,1,14,0.7,-5.2,M,44.7,M,,*69
45136 1658491594 0 7 $GNGGA,120635.000,4424.47068,N,00854.97748,E,1,14,0.7,-5.2,M,44.7,M,,*69
45137 1658491595 0 3 2.717 0.005
45145 1658491597 0 7 $GNGGA,120638.000,4424.46877,N,00854.97870,E,1,14,0.7,-4.9,M,44.7,M,,*6D
45146 1658491598 0 1 0.938
45148 1658491598 0 4 2.559 1.556
45149 1658491598 0 5 0.33
45151 1658491599 0 8 4.997 12.276 11.91
45152 1658491599 0 0 27.49 8.22 101.9 67.79 135.8 8.35 15.0 0.0 249.0 1.79 46.12 1.1
45153 1658491599 0 7 $GNGGA,120639.000,4424.46810,N,00854.97900,E,1,14,0.7,-4.9,M,44.7,M,,*6B
45154 1658491599 0 7 $GNGGA,120640.000,4424.46738,N,00854.97934,E,1,14,0.7,-4.8,M,44.7,M,,*66
45155 1658491600 0 7 $GNGGA,120641.000,4424.46647,N,00854.97962,E,1,14,0.7,-4.8,M,44.7,M,,*6D
45156 1658491601 0 1 0.937
45163 1658491602 0 7 $GNGGA,120642.000,4424.46552,N,00854.97987,E,1,14,0.7,-4.9,M,44.7,M,,*63
45164 1658491603 0 7 $GNGGA,120644.000,4424.46382,N,00854.98057,E,1,13,0.8,-5.0,M,44.7,M,,*65
45165 1658491604 0 1 1.612
45167 1658491604 0 4 2.559 1.556
45174 1658491606 0 7 $GNGGA,120647.000,4424.46151,N,00854.98214,E,1,14,0.7,-5.2,M,44.7,M,,*65
45178 1658491607 0 5 0.06
45179 1658491608 0 6 0.10
45180 1658491608 0 8 4.997 12.276 11.91
45181 1658491608 0 0 27.14 8.22 102.0 68.04 135.7 8.38 15.3 0.0 263.9 1.85 46.34 1.1
45182 1658491608 0 7 $GNGGA,120648.000,4424.46079,N,00854.98248,E,1,14,0.7,-5.4,M,44.7,M,,*6E
45187 1658491610 0 5 0.07
45188 1658491611 0 6 0.11
45189 1658491611 0 8 4.997 12.276 11.91
45191 1658491611 0 7 $GNGGA,120651.000,4424.45838,N,00854.98389,E,1,14,0.7,-6.1,M,44.7,M,,*62
45192 1658491611 0 7 $GNGGA,120652.000,4424.45758,N,00854.98442,E,1,14,0.7,-6.1,M,44.7,M,,*68
45193 1658491612 0 7 $GNGGA,120653.000,4424.45682,N,00854.98492,E,1,14,0.7,-5.9,M,44.7,M,,*69
45195 1658491613 0 3 2.718 0.005
45202 1658491615 0 7 $GNGGA,120656.000,4424.45437,N,00854.98610,E,1,14,0.7,-4.9,M,44.7,M,,*69
45203 1658491616 0 3 2.717 0.005
45206 1658491616 0 5 0.07
45207 1658491617 0 6 0.11
45208 1658491617 0 8 4.997 12.276 11.89
45212 1658491618 0 7 $GNGGA,120659.000,4424.45213,N,00854.98735,E,1,14,0.7,-4.8,M,44.7,M,,*61
45213 1658491619 0 1 1.009
45221 1658491621 0 7 $GNGGA,120702.000,4424.44996,N,00854.98867,E,1,14,0.7,-4.1,M,44.7,M,,*68
45222 1658491622 0 3 2.714 0.005
45223 1658491622 0 1 1.045
45231 1658491624 0 7 $GNGGA,120705.000,4424.44778,N,00854.99015,E,1,14,0.7,-3.1,M,44.7,M,,*6A
45232 1658491625 0 1 1.101
45235 1658491625 0 5 0.08
45236 1658491626 0 6 0.11
45237 1658491626 0 8 4.997 12.266 11.89
45238 1658491626 0 0 26.92 8.22 102.1 67.59 135.0 8.39 15.3 0.0 260.6 1.84 45.99 1.1
45239 1658491626 0 7 $GNGGA,120706.000,4424.44703,N,00854.99057,E,1,14,0.7,-2.9,M,44.7,M,,*6A
45240 1658491627 0 7 $GNGGA,120708.000,4424.44588,N,00854.99132,E,1,13,0.8,-1.8,M,44.7,M,,*6D
45241 1658491628 0 1 1.085
45247 1658491629 0 0 26.94 8.22 102.1 67.78 134.8 8.36 15.3 0.0 260.6 1.91 46.14 1.1
45248 1658491629 0 7 $GNGGA,120709.000,4424.44524,N,00854.99167,E,1,14,0.7,-1.3,M,44.7,M,,*69
45249 1658491629 0 7 $GNGGA,120710.000,4424.44444,N,00854.99206,E,1,14,0.7,-0.9,M,44.7,M,,*69
45250 1658491630 0 7 $GNGGA,120711.000,4424.44367,N,00854.99246,E,1,14,0.7,-0.9,M,44.7,M,,*6A
45251 1658491631 0 3 2.715 0.005
45252 1658491631 0 4 2.561 1.576
45253 1658491631 0 5 0.09
45258 1658491633 0 7 $GNGGA,120714.000,4424.44187,N,00854.99356,E,1,14,0.7,-1.2,M,44.7,M,,*69
45259 1658491634 0 1 1.093
45264 1658491635 0 8 4.997 12.266 11.91
45265 1658491635 0 0 26.91 8.22 102.2 67.63 132.8 8.25 15.2 0.0 260.8 1.85 46.02 1.1
45266 1658491635 0 7 $GNGGA,120715.000,4424.44111,N,00854.99394,E,1,14,0.7,-0.7,M,44.7,M,,*6D
45267 1658491635 0 7 $GNGGA,120716.000,4424.44036,N,00854.99421,E,1,14,0.7,-0.3,M,44.7,M,,*67
45268 1658491636 0 7 $GNGGA,120717.000,4424.43966,N,00854.99454,E,1,14,0.7,-0.3,M,44.7,M,,*6F
45269 1658491637 0 3 2.714 0.005
45276 1658491638 0 7 $GNGGA,120719.000,4424.43824,N,00854.99534,E,1,14,0.7,-0.2,M,44.7,M,,*60
45277 1658491639 0 7 $GNGGA,120720.000,4424.43756,N,00854.99573,E,1,14,0.7,-0.2,M,44.7,M,,*63
45278 1658491640 0 1 1.008
45280 1658491640 0 4 2.559 1.576
45281 1658491640 0 5 0.11
45282 1658491641 0 6 0.11
45287 1658491642 0 7 $GNGGA,120723.000,4424.43505,N,00854.99676,E,1,14,0.7,-0.2,M,44.7,M,,*62
45293 1658491644 0 8 4.997 12.276 11.89
45294 1658491644 0 0 26.95 8.22 102.2 67.73 132.8 8.24 15.2 0.0 258.6 1.91 46.10 1.1
45295 1658491644 0 7 $GNGGA,120724.000,4424.43430,N,00854.99697,E,1,14,0.7,-0.0,M,44.7,M,,*6F
45297 1658491646 0 1 0.890
45298 1658491646 0 3 2.718 0.005
45305 1658491647 0 7 $GNGGA,120728.000,4424.43125,N,00854.99861,E,1,14,0.7,-0.4,M,44.7,M,,*61
45306 1658491648 0 7 $GNGGA,120729.000,4424.43052,N,00854.99894,E,1,14,0.7,-0.5,M,44.7,M,,*6A
45315 1658491651 0 7 $GNGGA,120732.000,4424.42830,N,00854.99991,E,1,14,0.7,-0.3,M,44.7,M,,*6F
45316 1658491652 0 1 0.904
45322 1658491653 0 0 27.30 8.22 102.2 67.52 132.9 8.21 15.0 0.0 246.9 1.88 45.92 1.1
45323 1658491653 0 7 $GNGGA,120733.000,4424.42759,N,00855.00016,E,1,14,0.7,-0.1,M,44.7,M,,*6B
45325 1658491654 0 7 $GNGGA,120735.000,4424.42605,N,00855.00082,E,1,14,0.7,0.6,M,44.7,M,,*42
45326 1658491655 0 1 0.857
45334 1658491657 0 7 $GNGGA,120738.000,4424.42362,N,00855.00172,E,1,14,0.7,0.5,M,44.7,M,,*46
45335 1658491658 0 1 1.513
45337 1658491658 0 4 2.560 1.561
45338 1658491658 0 5 0.06
45339 1658491659 0 6 0.11
45341 1658491659 0 0 27.53 8.22 102.0 67.88 133.0 8.17 15.1 0.0 249.0 1.88 46.20 1.2
45342 1658491659 0 7 $GNGGA,120739.000,4424.42274,N,00855.00207,E,1,14,0.7,0.5,M,44.7,M,,*40
45343 1658491659 0 7 $GNGGA,120740.000,4424.42193,N,00855.00247,E,1,14,0.7,0.3,M,44.7,M,,*46
45344 1658491660 0 7 $GNGGA,120741.000,4424.42111,N,00855.00280,E,1,14,0.7,0.1,M,44.7,M,,*44
45345 1658491661 0 1 0.813
45351 1658491662 0 0 27.54 8.22 102.1 67.81 133.1 8.18 15.1 0.0 249.0 1.84 46.14 1.2
45352 1658491662 0 7 $GNGGA,120742.000,4424.42030,N,00855.00303,E,1,14,0.7,-0.1,M,44.7,M,,*62
45355 1658491664 0 3 2.716 0.005
45356 1658491664 0 1 0.836
45364 1658491666 0 7 $GNGGA,120747.000,4424.41656,N,00855.00440,E,1,14,0.7,-0.0,M,44.7,M,,*63
45365 1658491667 0 1 0.825
45368 1658491667 0 5 0.06
45369 1658491668 0 6 0.11
45370 1658491668 0 8 4.997 12.266 11.89
45371 1658491668 0 0 27.53 8.22 102.1 67.93 133.0 8.17 15.1 0.0 252.3 1.80 46.24 1.2
45372 1658491668 0 7 $GNGGA,120748.000,4424.41579,N,00855.00458,E,1,14,0.7,0.1,M,44.7,M,,*47
45373 1658491669 0 7 $GNGGA,120750.000,4424.41448,N,00855.00506,E,1,14,0.7,0.1,M,44.7,M,,*47
45375 1658491670 0 1 0.903
45383 1658491672 0 7 $GNGGA,120753.000,4424.41259,N,00855.00587,E,1,14,0.7,0.6,M,44.7,M,,*4C
45384 1658491673 0 1 0.805
45385 1658491673 0 3 2.720 0.005
45392 1658491675 0 7 $GNGGA,120755.000,4424.41103,N,00855.00645,E,1,14,0.7,1.0,M,44.7,M,,*4C
45393 1658491675 0 7 $GNGGA,120756.000,4424.41040,N,00855.00669,E,1,14,0.7,1.6,M,44.7,M,,*41
45397 1658491676 0 5 0.06
45398 1658491677 0 6 0.11
45399 1658491677 0 8 4.997 12.276 11.91
45400 1658491677 0 0 27.49 8.22 102.1 67.71 132.9 8.17 15.1 0.0 254.0 1.94 46.07 1.2
45404 1658491678 0 7 $GNGGA,120759.000,4424.40817,N,00855.00764,E,1,14,0.7,2.0,M,44.7,M,,*4C
45405 1658491679 0 1 0.870
45412 1658491680 0 7 $GNGGA,120800.000,4424.40751,N,00855.00799,E,1,14,0.7,2.1,M,44.7,M,,*41
45413 1658491680 0 7 $GNGGA,120801.000,4424.40679,N,00855.00835,E,1,14,0.7,2.2,M,44.7,M,,*41
45414 1658491681 0 7 $GNGGA,120802.000,4424.40597,N,00855.00872,E,1,14,0.7,2.3,M,44.7,M,,*43
45415 1658491682 0 1 0.842
45416 1658491682 0 3 2.719 0.005
45424 1658491684 0 7 $GNGGA,120805.000,4424.40394,N,00855.00990,E,1,14,0.7,2.7,M,44.7,M,,*48
45425 1658491685 0 1 1.487
45429 1658491686 0 6 0.11
45430 1658491686 0 8 4.997 12.266 11.89
45431 1658491686 0 0 27.57 8.22 102.2 67.86 132.7 8.15 15.2 0.0 256.5 1.89 46.18 1.2
45434 1658491687 0 7 $GNGGA,120808.000,4424.40170,N,00855.01118,E,1,14,0.7,3.1,M,44.7,M,,*43
45435 1658491688 0 1 0.831
45440 1658491689 0 8 4.997 12.276 11.89
45441 1658491689 0 0 27.54 8.22 102.2 67.83 132.7 8.15 15.2 0.0 257.5 1.89 46.16 1.2
45442 1658491689 0 7 $GNGGA,120809.000,4424.40086,N,00855.01147,E,1,14,0.7,3.2,M,44.7,M,,*43
45443 1658491689 0 7 $GNGGA,120810.000,4424.40003,N,00855.01171,E,1,14,0.7,3.1,M,44.7,M,,*40
45444 1658491690 0 7 $GNGGA,120811.000,4424.39938,N,00855.01214,E,1,14,0.7,2.9,M,44.7,M,,*47
45447 1658491691 0 4 2.560 1.556
45453 1658491692 0 7 $GNGGA,120813.000,4424.39807,N,00855.01301,E,1,14,0.7,2.9,M,44.7,M,,*4D
45454 1658491693 0 7 $GNGGA,120814.000,4424.39750,N,00855.01350,E,1,14,0.7,2.8,M,44.7,M,,*42
45455 1658491694 0 1 0.779
45459 1658491694 0 6 0.11
45460 1658491695 0 8 4.997 12.276 11.89
45461 1658491695 0 0 27.51 8.22 102.3 67.78 132.6 8.15 15.3 0.0 260.9 1.86 46.12 1.2
45462 1658491695 0 7 $GNGGA,120815.000,4424.39696,N,00855.01399,E,1,14,0.7,3.0,M,44.7,M,,*44
45463 1658491695 0 7 $GNGGA,120816.000,4424.39631,N,00855.01439,E,1,14,0.7,3.1,M,44.7,M,,*46
45464 1658491696 0 7 $GNGGA,120817.000,4424.39562,N,00855.01480,E,1,14,0.7,3.1,M,44.7,M,,*40
45465 1658491697 0 3 2.717 0.005
45466 1658491697 0 1 0.967
45473 1658491698 0 7 $GNGGA,120819.000,4424.39412,N,00855.01552,E,1,14,0.7,3.4,M,44.7,M,,*43
45474 1658491699 0 7 $GNGGA,120820.000,4424.39341,N,00855.01584,E,1,14,0.7,3.7,M,44.7,M,,*40
45475 1658491700 0 1 0.741
45476 1658491700 0 3 2.715 0.005
45477 1658491700 0 4 2.560 1.558
45478 1658491700 0 5 0.06
45484 1658491702 0 7 $GNGGA,120823.000,4424.39165,N,00855.01721,E,1,14,0.7,3.7,M,44.7,M,,*4A
45485 1658491703 0 3 2.713 0.005
45490 1658491704 0 8 4.997 12.266 11.89
45491 1658491704 0 0 27.46 8.22 102.3 67.75 132.5 8.15 15.2 0.0 265.0 1.84 46.09 1.2
45495 1658491706 0 1 0.935
45496 1658491706 0 3 2.715 0.005
45503 1658491707 0 7 $GNGGA,120828.000,4424.38839,N,00855.01943,E,1,14,0.7,4.4,M,44.7,M,,*4E
45504 1658491708 0 7 $GNGGA,120829.000,4424.38766,N,00855.01986,E,1,14,0.7,4.7,M,44.7,M,,*40
45505 1658491709 0 1 0.889
45507 1658491709 0 4 2.560 1.553
45508 1658491709 0 5 0.06
45509 1658491710 0 6 0.11
45513 1658491710 0 7 $GNGGA,120831.000,4424.38616,N,00855.02055,E,1,14,0.7,4.8,M,44.7,M,,*44
45514 1658491711 0 7 $GNGGA,120832.000,4424.38535,N,00855.02081,E,1,14,0.7,4.9,M,44.7,M,,*4D
45515 1658491712 0 1 1.468
45522 1658491713 0 7 $GNGGA,120833.000,4424.38464,N,00855.02113,E,1,14,0.7,4.7,M,44.7,M,,*4D
45523 1658491713 0 7 $GNGGA,120834.000,4424.38389,N,00855.02151,E,1,14,0.7,4.4,M,44.7,M,,*4B
45524 1658491714 0 7 $GNGGA,120835.000,4424.38303,N,00855.02193,E,1,14,0.7,4.2,M,44.7,M,,*40
45525 1658491715 0 1 0.843
45526 1658491715 0 3 2.713 0.005
45533 1658491716 0 7 $GNGGA,120837.000,4424.38127,N,00855.02295,E,1,14,0.7,3.6,M,44.7,M,,*40
45534 1658491717 0 7 $GNGGA,120838.000,4424.38045,N,00855.02345,E,1,14,0.7,3.2,M,44.7,M,,*42
45535 1658491718 0 3 2.715 0.005
45537 1658491718 0 4 2.560 1.553
45540 1658491719 0 8 4.997 12.276 11.89
45541 1658491719 0 0 27.40 8.22 102.4 67.76 132.4 8.15 15.3 0.0 270.3 1.82 46.10 1.2
45542 1658491719 0 7 $GNGGA,120839.000,4424.37964,N,00855.02393,E,1,14,0.7,2.9,M,44.7,M,,*47
45544 1658491720 0 7 $GNGGA,120841.000,4424.37827,N,00855.02484,E,1,14,0.7,2.8,M,44.7,M,,*4E
45545 1658491721 0 1 0.803
45552 1658491722 0 7 $GNGGA,120842.000,4424.37759,N,00855.02525,E,1,14,0.7,3.0,M,44.7,M,,*48
45553 1658491722 0 7 $GNGGA,120843.000,4424.37684,N,00855.02562,E,1,14,0.7,3.1,M,44.7,M,,*4A
45555 1658491724 0 3 2.713 0.005
45556 1658491724 0 1 0.873
45564 1658491726 0 7 $GNGGA,120847.000,4424.37400,N,00855.02731,E,1,14,0.7,3.1,M,44.7,M,,*44
45565 1658491727 0 1 0.812
45568 1658491727 0 5 0.06
45569 1658491728 0 6 0.11
45570 1658491728 0 8 4.997 12.266 11.89
45571 1658491728 0 0 27.34 8.22 102.4 67.81 132.2 8.15 15.3 0.0 273.8 1.85 46.15 1.2
45574 1658491729 0 7 $GNGGA,120850.000,4424.37187,N,00855.02858,E,1,14,0.7,3.0,M,44.7,M,,*49
45576 1658491730 0 1 0.899
45583 1658491731 0 7 $GNGGA,120852.000,4424.37053,N,00855.02941,E,1,14,0.7,3.0,M,44.7,M,,*4A
45584 1658491732 0 7 $GNGGA,120853.000,4424.36984,N,00855.02982,E,1,14,0.7,3.0,M,44.7,M,,*46
45585 1658491733 0 1 0.920
45586 1658491733 0 3 2.718 0.005
45587 1658491733 0 4 2.560 1.553
45593 1658491734 0 7 $GNGGA,120855.000,4424.36848,N,00855.03061,E,1,14,0.7,3.0,M,44.7,M,,*44
45594 1658491735 0 7 $GNGGA,120856.000,4424.36775,N,00855.03106,E,1,14,0.7,3.0,M,44.7,M,,*46
45595 1658491736 0 1 0.890
45604 1658491738 0 7 $GNGGA,120859.000,4424.36541,N,00855.03243,E,1,14,0.7,2.9,M,44.7,M,,*46
45605 1658491739 0 1 1.535
45606 1658491739 0 3 2.718 0.005
45613 1658491740 0 7 $GNGGA,120901.000,4424.36396,N,00855.03323,E,1,14,0.7,3.0,M,44.7,M,,*49
45614 1658491741 0 7 $GNGGA,120902.000,4424.36328,N,00855.03369,E,1,14,0.7,3.0,M,44.7,M,,*41
45615 1658491742 0 1 0.901
45616 1658491742 0 3 2.720 0.005
45624 1658491744 0 7 $GNGGA,120905.000,4424.36125,N,00855.03485,E,1,14,0.7,3.4,M,44.7,M,,*48
45625 1658491745 0 3 2.719 0.005
45630 1658491746 0 8 4.997 12.257 11.91
45631 1658491746 0 0 27.33 8.22 102.6 67.75 132.0 8.14 15.3 0.0 277.7 1.85 46.11 1.2
45632 1658491746 0 7 $GNGGA,120906.000,4424.36046,N,00855.03539,E,1,14,0.7,3.5,M,44.7,M,,*48
45633 1658491746 0 7 $GNGGA,120907.000,4424.35968,N,00855.03589,E,1,14,0.7,3.5,M,44.7,M,,*44
45634 1658491747 0 7 $GNGGA,120908.000,4424.35887,N,00855.03642,E,1,14,0.7,3.2,M,44.7,M,,*48
45635 1658491748 0 1 0.838
45636 1658491748 0 3 2.718 0.005
45641 1658491749 0 0 27.34 8.22 102.6 67.78 132.0 8.14 15.3 0.0 277.6 1.88 46.13 1.2
45642 1658491749 0 7 $GNGGA,120909.000,4424.35816,N,00855.03692,E,1,14,0.7,3.0,M,44.7,M,,*4E
45643 1658491749 0 7 $GNGGA,120910.000,4424.35755,N,00855.03744,E,1,14,0.7,2.9,M,44.7,M,,*4C
45644 1658491750 0 7 $GNGGA,120911.000,4424.35692,N,00855.03802,E,1,14,0.7,2.9,M,44.7,M,,*4A
45647 1658491751 0 4 2.560 1.584
45648 1658491751 0 5 0.06
45653 1658491752 0 7 $GNGGA,120913.000,4424.35539,N,00855.03905,E,1,14,0.7,3.0,M,44.7,M,,*44
45654 1658491753 0 7 $GNGGA,120914.000,4424.35473,N,00855.03960,E,1,14,0.7,3.0,M,44.7,M,,*4F
45655 1658491754 0 1 0.795
45658 1658491754 0 5 0.06
45662 1658491755 0 7 $GNGGA,120915.000,4424.35401,N,00855.04015,E,1,14,0.7,3.0,M,44.7,M,,*47
45663 1658491755 0 7 $GNGGA,120916.000,4424.35330,N,00855.04067,E,1,14,0.7,3.0,M,44.7,M,,*44
45664 1658491756 0 7 $GNGGA,120917.000,4424.35257,N,00855.04112,E,1,14,0.7,3.2,M,44.7,M,,*44
45665 1658491757 0 1 0.931
45666 1658491757 0 3 2.718 0.005
45673 1658491758 0 7 $GNGGA,120919.000,4424.35124,N,00855.04216,E,1,14,0.7,2.9,M,44.7,M,,*40
45674 1658491759 0 7 $GNGGA,120920.000,4424.35054,N,00855.04250,E,1,14,0.7,3.0,M,44.7,M,,*46
45675 1658491760 0 1 0.908
45676 1658491760 0 3 2.718 0.005
45678 1658491760 0 5 0.06
45679 1658491761 0 6 0.11
45680 1658491761 0 8 4.997 12.276 11.89
45681 1658491761 0 0 27.29 8.22 102.7 67.76 131.9 8.14 15.3 0.0 280.4 1.87 46.11 1.1
45684 1658491762 0 7 $GNGGA,120923.000,4424.34839,N,00855.04376,E,1,14,0.7,3.5,M,44.7,M,,*47
45685 1658491763 0 1 0.986
45693 1658491764 0 7 $GNGGA,120925.000,4424.34690,N,00855.04465,E,1,14,0.7,3.4,M,44.7,M,,*48
45694 1658491765 0 7 $GNGGA,120926.000,4424.34611,N,00855.04527,E,1,14,0.7,3.3,M,44.7,M,,*42
45695 1658491766 0 1 1.565
45698 1658491766 0 5 0.06
45699 1658491767 0 6 0.11
45704 1658491768 0 7 $GNGGA,120929.000,4424.34402,N,00855.04631,E,1,14,0.7,2.8,M,44.7,M,,*43
45705 1658491769 0 1 0.937
45708 1658491769 0 5 0.06
45709 1658491770 0 6 0.11
45710 1658491770 0 8 4.997 12.276 11.91
45711 1658491770 0 0 27.24 8.22 102.7 67.81 131.9 8.14 15.3 0.0 280.4 1.97 46.15 1.1
45714 1658491771 0 7 $GNGGA,120932.000,4424.34157,N,00855.04778,E,1,14,0.7,3.1,M,44.7,M,,*48
45715 1658491772 0 3 2.721 0.005
45716 1658491772 0 1 0.969
45724 1658491774 0 7 $GNGGA,120935.000,4424.33942,N,00855.04928,E,1,14,0.7,3.1,M,44.7,M,,*4F
45725 1658491775 0 1 0.980
45726 1658491775 0 3 2.716 0.005
45733 1658491776 0 7 $GNGGA,120937.000,4424.33791,N,00855.05044,E,1,14,0.7,3.0,M,44.7,M,,*4E
45734 1658491777 0 7 $GNGGA,120938.000,4424.33713,N,00855.05105,E,1,14,0.7,2.9,M,44.7,M,,*47
45735 1658491778 0 3 2.716 0.005
45738 1658491778 0 5 0.06
45739 1658491779 0 6 0.11
45740 1658491779 0 8 4.997 12.276 11.89
45741 1658491779 0 0 27.17 8.22 102.8 67.77 131.9 8.15 15.4 0.0 282.7 1.83 46.12 1.1
45742 1658491779 0 7 $GNGGA,120939.000,4424.33625,N,00855.05167,E,1,14,0.7,2.7,M,44.7,M,,*48
45744 1658491780 0 7 $GNGGA,120941.000,4424.33499,N,00855.05291,E,1,14,0.7,2.5,M,44.7,M,,*4A
45745 1658491781 0 1 0.887
45753 1658491782 0 7 $GNGGA,120943.000,4424.33363,N,00855.05419,E,1,14,0.7,2.7,M,44.7,M,,*4E
45754 1658491783 0 7 $GNGGA,120944.000,4424.33296,N,00855.05465,E,1,14,0.7,2.7,M,44.7,M,,*49
45756 1658491784 0 1 0.958
45757 1658491784 0 4 2.560 1.563
45764 1658491786 0 7 $GNGGA,120947.000,4424.33073,N,00855.05639,E,1,14,0.7,2.9,M,44.7,M,,*46
45765 1658491787 0 1 0.971
45770 1658491788 0 8 4.997 12.276 11.91
45771 1658491788 0 0 27.15 8.22 102.9 67.81 132.1 8.16 15.3 0.0 281.7 1.84 46.15 1.1
45772 1658491788 0 7 $GNGGA,120948.000,4424.33013,N,00855.05689,E,1,14,0.7,2.7,M,44.7,M,,*4A
45775 1658491790 0 1 0.940
45776 1658491790 0 3 2.715 0.005
45783 1658491791 0 7 $GNGGA,120952.000,4424.32757,N,00855.05839,E,1,14,0.7,2.2,M,44.7,M,,*47
45784 1658491792 0 7 $GNGGA,120953.000,4424.32699,N,00855.05870,E,1,14,0.7,2.3,M,44.7,M,,*49
45785 1658491793 0 1 1.599
45787 1658491793 0 4 2.560 1.556
45788 1658491793 0 5 0.06
45789 1658491794 0 6 0.11
45790 1658491794 0 8 4.997 12.276 11.89
45793 1658491794 0 7 $GNGGA,120955.000,4424.32555,N,00855.05990,E,1,14,0.7,2.1,M,44.7,M,,*41
45794 1658491795 0 7 $GNGGA,120956.000,4424.32481,N,00855.06041,E,1,14,0.7,1.8,M,44.7,M,,*46
45798 1658491796 0 5 0.06
45800 1658491797 0 8 4.997 12.276 11.91
45801 1658491797 0 0 27.12 8.22 102.9 67.72 132.1 8.18 15.3 0.0 282.1 1.86 46.09 1.1
45805 1658491798 0 7 $GNGGA,120959.000,4424.32275,N,00855.06241,E,1,14,0.7,1.9,M,44.7,M,,*47
45806 1658491799 0 3 2.718 0.005
45807 1658491799 0 1 1.028
45814 1658491800 0 7 $GNGGA,121001.000,4424.32111,N,00855.06382,E,1,14,0.7,1.9,M,44.7,M,,*4D
45815 1658491801 0 7 $GNGGA,121002.000,4424.32047,N,00855.06441,E,1,14,0.7,2.0,M,44.7,M,,*4E
45816 1658491802 0 1 1.052
45818 1658491802 0 4 2.560 1.561
45819 1658491802 0 5 0.06
45820 1658491803 0 6 0.11
45825 1658491804 0 7 $GNGGA,121005.000,4424.31808,N,00855.06609,E,1,14,0.7,1.9,M,44.7,M,,*4D
45826 1658491805 0 3 2.719 0.005
45834 1658491806 0 7 $GNGGA,121007.000,4424.31655,N,00855.06710,E,1,14,0.7,1.9,M,44.7,M,,*40
45835 1658491807 0 7 $GNGGA,121008.000,4424.31571,N,00855.06761,E,1,14,0.7,1.8,M,44.7,M,,*4D
45836 1658491808 0 1 1.004
45837 1658491808 0 3 2.720 0.005
45841 1658491809 0 8 4.997 12.276 11.91
45842 1658491809 0 0 26.90 8.22 103.0 67.66 132.3 8.22 15.4 0.0 287.5 1.95 46.04 1.1
45844 1658491809 0 7 $GNGGA,121010.000,4424.31410,N,00855.06859,E,1,14,0.7,1.7,M,44.7,M,,*49
45845 1658491810 0 7 $GNGGA,121011.000,4424.31340,N,00855.06903,E,1,14,0.7,1.7,M,44.7,M,,*44
45848 1658491811 0 4 2.560 1.558
45849 1658491811 0 5 0.06
45850 1658491812 0 6 0.11
45854 1658491812 0 7 $GNGGA,121013.000,4424.31214,N,00855.06989,E,1,14,0.7,2.2,M,44.7,M,,*42
45859 1658491814 0 5 0.06
45860 1658491815 0 6 0.11
45861 1658491815 0 8 4.997 12.276 11.91
45862 1658491815 0 0 26.66 8.22 103.1 67.69 132.4 8.25 15.4 0.0 286.9 1.92 46.07 1.1
45865 1658491816 0 7 $GNGGA,121017.000,4424.30887,N,00855.07170,E,1,14,0.7,1.6,M,44.7,M,,*4F
45866 1658491817 0 1 1.195
45867 1658491817 0 3 2.715 0.005
45874 1658491818 0 7 $GNGGA,121019.000,4424.30730,N,00855.07262,E,1,14,0.7,1.3,M,44.7,M,,*47
45875 1658491819 0 7 $GNGGA,121020.000,4424.30655,N,00855.07304,E,1,14,0.7,1.2,M,44.7,M,,*4F
45876 1658491820 0 1 1.850
45878 1658491820 0 4 2.560 1.546
45879 1658491821 0 5 0.06
45885 1658491822 0 7 $GNGGA,121023.000,4424.30438,N,00855.07424,E,1,14,0.7,1.0,M,44.7,M,,*42
45886 1658491823 0 1 1.349
45893 1658491824 0 7 $GNGGA,121024.000,4424.30364,N,00855.07469,E,1,14,0.7,1.1,M,44.7,M,,*43
45894 1658491824 0 7 $GNGGA,121025.000,4424.30289,N,00855.07513,E,1,14,0.7,0.9,M,44.7,M,,*45
45895 1658491825 0 7 $GNGGA,121026.000,4424.30225,N,00855.07555,E,1,14,0.7,0.6,M,44.7,M,,*4D
45896 1658491826 0 3 2.716 0.005
45897 1658491826 0 1 1.361
45905 1658491828 0 7 $GNGGA,121029.000,4424.29988,N,00855.07692,E,1,14,0.7,0.8,M,44.7,M,,*40
45906 1658491829 0 1 1.350
45909 1658491829 0 5 0.06
45910 1658491830 0 6 0.11
45911 1658491830 0 8 4.997 12.276 11.91
45912 1658491830 0 0 26.59 8.22 103.2 67.67 132.7 8.28 15.4 0.0 279.8 1.92 46.06 1.1
45915 1658491831 0 7 $GNGGA,121032.000,4424.29790,N,00855.07829,E,1,14,0.7,1.1,M,44.7,M,,*4B
45916 1658491832 0 3 2.718 0.005
45924 1658491833 0 7 $GNGGA,121034.000,4424.29654,N,00855.07918,E,1,14,0.7,1.3,M,44.7,M,,*45
45925 1658491834 0 7 $GNGGA,121035.000,4424.29585,N,00855.07966,E,1,14,0.7,1.4,M,44.7,M,,*45
45926 1658491835 0 1 1.178
45934 1658491836 0 7 $GNGGA,121037.000,4424.29450,N,00855.08059,E,1,14,0.7,1.7,M,44.7,M,,*47
45935 1658491837 0 7 $GNGGA,121038.000,4424.29374,N,00855.08108,E,1,14,0.7,1.7,M,44.7,M,,*4C
45938 1658491838 0 4 2.560 1.548
45939 1658491838 0 5 0.05
45940 1658491839 0 6 0.11
45941 1658491839 0 8 4.997 12.266 11.91
45942 1658491839 0 0 26.56 8.22 103.2 67.59 133.0 8.31 15.3 0.0 277.6 1.94 46.00 1.1
45943 1658491839 0 7 $GNGGA,121039.000,4424.29295,N,00855.08154,E,1,14,0.7,1.5,M,44.7,M,,*48
45945 1658491840 0 7 $GNGGA,121041.000,4424.29138,N,00855.08251,E,1,14,0.7,1.2,M,44.7,M,,*42
45946 1658491841 0 1 1.496
45954 1658491842 0 7 $GNGGA,121043.000,4424.28987,N,00855.08349,E,1,14,0.7,1.2,M,44.7,M,,*45
45955 1658491843 0 7 $GNGGA,121044.000,4424.28915,N,00855.08401,E,1,14,0.7,1.2,M,44.7,M,,*42
45957 1658491844 0 3 2.719 0.005
45965 1658491846 0 7 $GNGGA,121047.000,4424.28693,N,00855.08553,E,1,14,0.7,1.0,M,44.7,M,,*44
45966 1658491847 0 1 1.953
45969 1658491847 0 5 0.05
45970 1658491848 0 6 0.11
45971 1658491848 0 8 4.997 12.266 11.89
45975 1658491849 0 7 $GNGGA,121050.000,4424.28478,N,00855.08711,E,1,14,0.7,0.9,M,44.7,M,,*49
45976 1658491850 0 1 1.250
45984 1658491851 0 7 $GNGGA,121052.000,4424.28331,N,00855.08822,E,1,14,0.7,0.8,M,44.7,M,,*4F
45985 1658491852 0 7 $GNGGA,121053.000,4424.28259,N,00855.08883,E,1,14,0.7,0.7,M,44.7,M,,*45
45987 1658491853 0 1 1.304
45988 1658491853 0 4 2.560 1.551
45994 1658491854 0 7 $GNGGA,121055.000,4424.28109,N,00855.08993,E,1,14,0.7,0.5,M,44.7,M,,*47
45995 1658491855 0 7 $GNGGA,121056.000,4424.28036,N,00855.09038,E,1,14,0.7,0.3,M,44.7,M,,*46
45998 1658491856 0 4 2.560 1.553
45999 1658491856 0 5 0.05
46001 1658491857 0 8 4.997 12.266 11.89
46002 1658491857 0 0 26.59 8.22 103.2 67.61 133.3 8.32 15.3 0.0 266.7 1.98 46.02 1.1
46005 1658491858 0 7 $GNGGA,121059.000,4424.27812,N,00855.09180,E,1,14,0.7,-0.2,M,44.7,M,,*66
46006 1658491859 0 3 2.720 0.005
46007 1658491859 0 1 1.470
46014 1658491860 0 7 $GNGGA,121101.000,4424.27657,N,00855.09311,E,1,14,0.7,-0.2,M,44.7,M,,*6F
46015 1658491861 0 7 $GNGGA,121102.000,4424.27581,N,00855.09375,E,1,14,0.7,-0.2,M,44.7,M,,*66
46016 1658491862 0 1 1.283
46018 1658491862 0 4 2.561 1.551
46019 1658491862 0 5 0.05
46020 1658491863 0 6 0.10
46025 1658491864 0 7 $GNGGA,121105.000,4424.27369,N,00855.09566,E,1,14,0.7,-0.2,M,44.7,M,,*65
46026 1658491865 0 3 2.716 0.005
46030 1658491866 0 6 0.10
46031 1658491866 0 8 4.997 12.266 11.89
46032 1658491866 0 0 26.53 8.22 103.3 67.61 134.2 8.39 15.2 0.0 261.9 1.94 46.02 1.1
46036 1658491868 0 1 1.531
46037 1658491868 0 3 2.717 0.005
46041 1658491869 0 8 4.997 12.079 11.89
46042 1658491869 0 0 26.61 8.22 103.3 67.59 134.2 8.38 15.3 0.0 258.1 1.88 46.00 1.1
46043 1658491869 0 7 $GNGGA,121109.000,4424.27097,N,00855.09827,E,1,14,0.7,-0.3,M,44.7,M,,*62
46044 1658491869 0 7 $GNGGA,121110.000,4424.27024,N,00855.09894,E,1,14,0.7,-0.2,M,44.7,M,,*6B
46045 1658491870 0 7 $GNGGA,121111.000,4424.26943,N,00855.09956,E,1,14,0.7,-0.1,M,44.7,M,,*6F
46046 1658491871 0 1 1.427
46048 1658491871 0 4 2.560 1.558
46049 1658491871 0 5 0.08
46050 1658491872 0 6 0.10
46055 1658491873 0 7 $GNGGA,121114.000,4424.26739,N,00855.10130,E,1,14,0.7,0.2,M,44.7,M,,*47
46056 1658491874 0 1 2.172
46057 1658491874 0 3 2.716 0.005
46058 1658491874 0 4 2.560 1.558
46059 1658491874 0 5 0.07
46063 1658491875 0 7 $GNGGA,121115.000,4424.26685,N,00855.10188,E,1,14,0.7,0.2,M,44.7,M,,*43
46064 1658491875 0 7 $GNGGA,121116.000,4424.26619,N,00855.10254,E,1,14,0.7,0.3,M,44.7,M,,*46
46065 1658491876 0 7 $GNGGA,121117.000,4424.26554,N,00855.10315,E,1,14,0.7,0.3,M,44.7,M,,*49
46066 1658491877 0 1 1.240
46067 1658491877 0 3 2.716 0.005
46074 1658491878 0 7 $GNGGA,121119.000,4424.26421,N,00855.10432,E,1,14,0.7,0.2,M,44.7,M,,*47
46075 1658491879 0 7 $GNGGA,121120.000,4424.26348,N,00855.10493,E,1,14,0.7,0.3,M,44.7,M,,*4F
46076 1658491880 0 3 2.715 0.005
46078 1658491880 0 4 2.560 1.561
46079 1658491880 0 5 0.06
46080 1658491881 0 6 0.10
46081 1658491881 0 8 4.997 12.276 11.89
46085 1658491882 0 7 $GNGGA,121123.000,4424.26140,N,00855.10650,E,1,14,0.7,0.5,M,44.7,M,,*4D
46086 1658491883 0 1 1.315
46087 1658491883 0 3 2.714 0.005
46090 1658491884 0 6 0.10
46091 1658491884 0 8 4.997 12.266 11.89
46092 1658491884 0 0 26.67 8.22 103.2 67.63 134.3 8.37 15.2 0.0 248.0 1.83 46.03 1.1
46093 1658491884 0 7 $GNGGA,121124.000,4424.26083,N,00855.10709,E,1,14,0.7,0.6,M,44.7,M,,*4A
46096 1658491886 0 3 2.709 0.005
46097 1658491886 0 1 1.172
46105 1658491888 0 7 $GNGGA,121129.000,4424.25776,N,00855.10979,E,1,14,0.7,0.9,M,44.7,M,,*4F
46106 1658491889 0 1 1.164
46108 1658491890 0 4 2.559 1.558
46109 1658491890 0 5 0.06
46115 1658491891 0 7 $GNGGA,121132.000,4424.25578,N,00855.11166,E,1,14,0.7,0.6,M,44.7,M,,*41
46116 1658491892 0 3 2.708 0.005
46125 1658491894 0 7 $GNGGA,121135.000,4424.25390,N,00855.11338,E,1,14,0.7,0.1,M,44.7,M,,*48
46126 1658491895 0 1 1.479
46127 1658491895 0 3 2.709 0.005
46134 1658491896 0 7 $GNGGA,121137.000,4424.25247,N,00855.11435,E,1,14,0.7,-0.3,M,44.7,M,,*64
46135 1658491897 0 7 $GNGGA,121138.000,4424.25193,N,00855.11487,E,1,14,0.7,-0.4,M,44.7,M,,*6F
46136 1658491898 0 1 1.233
46138 1658491898 0 4 2.560 1.563
46139 1658491898 0 5 0.06
46140 1658491899 0 6 0.10
46141 1658491899 0 8 4.997 12.276 11.89
46142 1658491899 0 0 26.87 8.22 103.2 67.66 134.3 8.35 15.1 0.0 242.7 1.73 46.04 1.1
46143 1658491899 0 7 $GNGGA,121139.000,4424.25126,N,00855.11536,E,1,14,0.7,-0.4,M,44.7,M,,*6B
46145 1658491900 0 7 $GNGGA,121141.000,4424.24991,N,00855.11636,E,1,14,0.7,-0.6,M,44.7,M,,*60
46146 1658491901 0 1 1.768
46154 1658491902 0 7 $GNGGA,121143.000,4424.24847,N,00855.11754,E,1,14,0.7,-0.6,M,44.7,M,,*6D
46157 1658491904 0 3 2.710 0.005
46165 1658491906 0 7 $GNGGA,121147.000,4424.24551,N,00855.11962,E,1,14,0.7,-0.4,M,44.7,M,,*6A
46167 1658491907 0 1 1.185
46171 1658491908 0 8 4.997 12.266 11.89
46172 1658491908 0 0 26.95 8.22 103.1 67.69 134.3 8.33 15.0 0.0 240.5 1.82 46.07 1.1
46173 1658491908 0 7 $GNGGA,121148.000,4424.24475,N,00855.11997,E,1,14,0.7,-0.1,M,44.7,M,,*6D
46176 1658491910 0 1 1.043
46185 1658491912 0 7 $GNGGA,121153.000,4424.24120,N,00855.12202,E,1,14,0.7,1.6,M,44.7,M,,*4D
46187 1658491913 0 1 1.094
46188 1658491913 0 4 2.560 1.573
46194 1658491914 0 7 $GNGGA,121155.000,4424.23984,N,00855.12291,E,1,14,0.7,1.9,M,44.7,M,,*4F
46195 1658491915 0 7 $GNGGA,121156.000,4424.23914,N,00855.12336,E,1,14,0.7,1.9,M,44.7,M,,*49
46196 1658491916 0 1 1.059
46197 1658491916 0 3 2.718 0.005
46198 1658491916 0 4 2.560 1.568
46201 1658491917 0 8 4.997 12.266 11.89
46202 1658491917 0 0 27.09 8.22 103.0 67.83 134.2 8.31 15.1 0.0 240.4 1.94 46.18 1.1
46206 1658491918 0 7 $GNGGA,121159.000,4424.23721,N,00855.12472,E,1,14,0.7,2.6,M,44.7,M,,*45
46207 1658491919 0 3 2.721 0.005
46208 1658491919 0 1 0.978
46215 1658491920 0 7 $GNGGA,121201.000,4424.23607,N,00855.12550,E,1,14,0.7,3.4,M,44.7,M,,*4C
46216 1658491921 0 7 $GNGGA,121202.000,4424.23543,N,00855.12583,E,1,14,0.7,3.7,M,44.7,M,,*41
46219 1658491922 0 4 2.560 1.566
46221 1658491923 0 6 0.11
46226 1658491924 0 7 $GNGGA,121205.000,4424.23350,N,00855.12701,E,1,14,0.7,4.3,M,44.7,M,,*49
46227 1658491925 0 1 0.777
46232 1658491926 0 8 4.997 12.276 11.91
46233 1658491926 0 0 27.64 8.22 102.8 67.55 134.2 8.24 14.8 0.0 222.5 1.78 45.93 1.1
46234 1658491926 0 7 $GNGGA,121206.000,4424.23284,N,00855.12734,E,1,14,0.7,4.6,M,44.7,M,,*41
46237 1658491928 0 1 1.386
46242 1658491929 0 8 4.997 12.295 11.89
46243 1658491929 0 0 27.65 8.22 102.8 67.88 134.1 8.22 14.9 0.0 231.1 1.86 46.20 1.1
46244 1658491929 0 7 $GNGGA,121209.000,4424.23044,N,00855.12843,E,1,14,0.7,4.8,M,44.7,M,,*41
46246 1658491930 0 7 $GNGGA,121211.000,4424.22886,N,00855.12911,E,1,14,0.7,4.9,M,44.7,M,,*48
46247 1658491931 0 1 0.719
46248 1658491931 0 3 2.718 0.005
46249 1658491931 0 4 2.561 1.566
46255 1658491932 0 7 $GNGGA,121213.000,4424.22768,N,00855.12964,E,1,14,0.7,4.8,M,44.7,M,,*46
46256 1658491933 0 7 $GNGGA,121214.000,4424.22707,N,00855.12987,E,1,14,0.7,4.8,M,44.7,M,,*45
46262 1658491935 0 8 4.997 12.304 11.89
46263 1658491935 0 0 27.91 8.22 102.7 67.81 134.0 8.19 14.9 0.0 227.2 1.85 46.13 1.2
46265 1658491935 0 7 $GNGGA,121216.000,4424.22558,N,00855.13026,E,1,14,0.7,4.5,M,44.7,M,,*41
46266 1658491936 0 7 $GNGGA,121217.000,4424.22487,N,00855.13051,E,1,14,0.7,4.3,M,44.7,M,,*45
46267 1658491937 0 1 0.667
46268 1658491937 0 3 2.715 0.005
46272 1658491938 0 8 4.997 12.295 11.91
46275 1658491938 0 7 $GNGGA,121219.000,4424.22350,N,00855.13101,E,1,14,0.7,4.1,M,44.7,M,,*40
46276 1658491939 0 7 $GNGGA,121220.000,4424.22277,N,00855.13128,E,1,14,0.7,4.1,M,44.7,M,,*45
46279 1658491940 0 4 2.562 1.566
46286 1658491942 0 7 $GNGGA,121223.000,4424.22086,N,00855.13213,E,1,14,0.7,4.8,M,44.7,M,,*48
46287 1658491943 0 1 0.764
46288 1658491943 0 3 2.723 0.005
46292 1658491944 0 8 4.997 12.295 11.89
46294 1658491944 0 7 $GNGGA,121224.000,4424.21999,N,00855.13257,E,1,14,0.7,4.2,M,44.7,M,,*41
46295 1658491944 0 7 $GNGGA,121225.000,4424.21910,N,00855.13279,E,1,14,0.7,3.7,M,44.7,M,,*4F
46296 1658491945 0 7 $GNGGA,121226.000,4424.21826,N,00855.13303,E,1,14,0.7,3.4,M,44.7,M,,*47
46306 1658491948 0 7 $GNGGA,121229.000,4424.21590,N,00855.13392,E,1,14,0.7,2.9,M,44.7,M,,*4C
46307 1658491949 0 1 0.967
46315 1658491950 0 7 $GNGGA,121231.000,4424.21444,N,00855.13469,E,1,14,0.7,3.2,M,44.7,M,,*44
46316 1658491951 0 7 $GNGGA,121232.000,4424.21372,N,00855.13503,E,1,14,0.7,3.3,M,44.7,M,,*49
46317 1658491952 0 1 0.916
46320 1658491952 0 5 0.06
46324 1658491953 0 7 $GNGGA,121233.000,4424.21295,N,00855.13538,E,1,14,0.7,3.3,M,44.7,M,,*48
46325 1658491953 0 7 $GNGGA,121234.000,4424.21221,N,00855.13572,E,1,14,0.7,3.2,M,44.7,M,,*4F
46326 1658491954 0 7 $GNGGA,121235.000,4424.21152,N,00855.13602,E,1,14,0.7,3.2,M,44.7,M,,*4D
46327 1658491955 0 1 1.609
46329 1658491955 0 4 2.561 1.563
46335 1658491956 0 7 $GNGGA,121237.000,4424.21007,N,00855.13668,E,1,14,0.7,3.1,M,44.7,M,,*41
46336 1658491957 0 7 $GNGGA,121238.000,4424.20934,N,00855.13703,E,1,14,0.7,3.1,M,44.7,M,,*4A
46339 1658491958 0 4 2.561 1.563
46340 1658491959 0 5 0.06
46341 1658491959 0 6 0.11
46342 1658491959 0 8 4.997 12.295 11.91
46343 1658491959 0 0 27.24 8.22 102.8 67.63 130.2 8.05 15.2 0.0 251.5 1.88 46.01 1.1
46344 1658491959 0 7 $GNGGA,121239.000,4424.20854,N,00855.13736,E,1,14,0.7,3.0,M,44.7,M,,*4B
46345 1658491960 0 7 $GNGGA,121241.000,4424.20700,N,00855.13807,E,1,14,0.7,2.6,M,44.7,M,,*40
46346 1658491961 0 3 2.718 0.005
46354 1658491962 0 7 $GNGGA,121243.000,4424.20540,N,00855.13881,E,1,14,0.7,2.1,M,44.7,M,,*4D
46355 1658491963 0 7 $GNGGA,121244.000,4424.20462,N,00855.13921,E,1,14,0.7,2.0,M,44.7,M,,*41
46356 1658491964 0 1 0.955
46359 1658491965 0 5 0.06
46360 1658491965 0 6 0.11
46361 1658491965 0 8 4.997 12.304 11.89
46365 1658491966 0 7 $GNGGA,121247.000,4424.20242,N,00855.14028,E,1,14,0.7,2.0,M,44.7,M,,*41
46369 1658491967 0 5 0.06
46370 1658491968 0 6 0.11
46371 1658491968 0 8 4.997 12.304 11.89
46372 1658491968 0 0 27.23 8.22 102.9 67.81 130.7 8.07 15.2 0.0 251.4 1.91 46.15 1.1
46375 1658491969 0 7 $GNGGA,121250.000,4424.20005,N,00855.14151,E,1,14,0.7,2.1,M,44.7,M,,*48
46376 1658491970 0 1 0.865
46384 1658491971 0 7 $GNGGA,121252.000,4424.19845,N,00855.14215,E,1,14,0.7,1.7,M,44.7,M,,*4A
46385 1658491972 0 7 $GNGGA,121253.000,4424.19751,N,00855.14243,E,1,14,0.7,1.3,M,44.7,M,,*46
46387 1658491973 0 1 1.009
46388 1658491973 0 4 2.561 1.566
46394 1658491974 0 7 $GNGGA,121255.000,4424.19582,N,00855.14286,E,1,14,0.7,0.7,M,44.7,M,,*40
46395 1658491975 0 7 $GNGGA,121256.000,4424.19504,N,00855.14305,E,1,14,0.7,0.5,M,44.7,M,,*45
46401 1658491977 0 8 4.997 12.295 11.89
46402 1658491977 0 0 27.01 8.22 102.9 67.78 130.9 8.11 15.3 0.0 261.6 1.98 46.14 1.1
46403 1658491977 0 7 $GNGGA,121257.000,4424.19423,N,00855.14341,E,1,14,0.7,0.7,M,44.7,M,,*42
46405 1658491978 0 7 $GNGGA,121259.000,4424.19282,N,00855.14384,E,1,14,0.7,1.1,M,44.7,M,,*4F
46406 1658491979 0 1 0.994
46409 1658491979 0 5 0.06
46414 1658491980 0 7 $GNGGA,121301.000,4424.19122,N,00855.14441,E,1,14,0.7,1.2,M,44.7,M,,*47
46415 1658491981 0 7 $GNGGA,121302.000,4424.19039,N,00855.14475,E,1,14,0.7,1.0,M,44.7,M,,*4A
46418 1658491982 0 4 2.561 1.566
46419 1658491982 0 5 0.06
46420 1658491983 0 6 0.11
46423 1658491983 0 7 $GNGGA,121303.000,4424.18965,N,00855.14503,E,1,14,0.7,1.0,M,44.7,M,,*4A
46425 1658491984 0 7 $GNGGA,121305.000,4424.18828,N,00855.14563,E,1,14,0.7,1.3,M,44.7,M,,*41
46426 1658491985 0 1 0.933
46432 1658491986 0 0 27.24 8.22 103.0 67.91 131.5 8.11 15.2 0.0 258.0 1.81 46.23 1.1
46433 1658491986 0 7 $GNGGA,121306.000,4424.18752,N,00855.14590,E,1,14,0.7,1.3,M,44.7,M,,*4C
46434 1658491986 0 7 $GNGGA,121307.000,4424.18670,N,00855.14607,E,1,14,0.7,1.2,M,44.7,M,,*40
46435 1658491987 0 7 $GNGGA,121308.000,4424.18592,N,00855.14634,E,1,14,0.7,1.4,M,44.7,M,,*46
46436 1658491988 0 3 2.719 0.005
46437 1658491988 0 1 0.961
46441 1658491989 0 8 4.997 12.116 11.89
46442 1658491989 0 0 27.21 8.22 103.0 67.76 131.6 8.13 15.2 0.0 259.7 1.96 46.11 1.1
46444 1658491989 0 7 $GNGGA,121310.000,4424.18439,N,00855.14698,E,1,14,0.7,1.8,M,44.7,M,,*45
46445 1658491990 0 7 $GNGGA,121311.000,4424.18368,N,00855.14722,E,1,14,0.7,1.8,M,44.7,M,,*47
46446 1658491990 0 1 0.936
46448 1658491991 0 4 2.562 1.566
46449 1658491991 0 5 0.06
46450 1658491991 0 6 0.11
46458 1658491994 0 4 2.561 1.566
46459 1658491994 0 5 0.06
46462 1658491994 0 0 27.16 8.22 103.0 67.80 131.7 8.14 15.2 0.0 261.6 1.90 46.14 1.1
46463 1658491994 0 7 $GNGGA,121315.000,4424.18081,N,00855.14783,E,1,14,0.7,1.8,M,44.7,M,,*4C
46464 1658491995 0 7 $GNGGA,121316.000,4424.18009,N,00855.14803,E,1,14,0.7,1.8,M,44.7,M,,*48
46465 1658491996 0 7 $GNGGA,121317.000,4424.17933,N,00855.14818,E,1,14,0.7,1.6,M,44.7,M,,*42
46466 1658491996 0 1 0.971
46467 1658491996 0 3 2.718 0.005
46474 1658491998 0 7 $GNGGA,121319.000,4424.17775,N,00855.14843,E,1,14,0.7,1.3,M,44.7,M,,*4B
46475 1658491999 0 7 $GNGGA,121320.000,4424.17689,N,00855.14860,E,1,14,0.7,1.3,M,44.7,M,,*42
46478 1658492000 0 4 2.561 1.563
46479 1658492000 0 5 0.06
46480 1658492000 0 6 0.11
46485 1658492002 0 7 $GNGGA,121323.000,4424.17431,N,00855.14928,E,1,14,0.7,0.5,M,44.7,M,,*4A
46486 1658492002 0 1 0.863
46487 1658492002 0 3 2.717 0.005
46494 1658492004 0 7 $GNGGA,121325.000,4424.17263,N,00855.14961,E,1,14,0.7,0.4,M,44.7,M,,*41
46495 1658492005 0 7 $GNGGA,121326.000,4424.17180,N,00855.14975,E,1,14,0.7,0.6,M,44.7,M,,*4B
46496 1658492005 0 1 0.584
46498 1658492006 0 4 2.561 1.561
46501 1658492006 0 8 4.997 12.285 11.89
46505 1658492008 0 7 $GNGGA,121329.000,4424.16963,N,00855.15017,E,1,14,0.7,0.7,M,44.7,M,,*4D
46506 1658492008 0 1 1.298
46510 1658492009 0 6 0.11
46511 1658492009 0 8 4.997 12.295 11.89
46512 1658492009 0 0 27.83 8.21 103.0 67.91 131.9 8.06 15.0 0.0 251.2 1.76 46.21 1.2
46516 1658492011 0 1 0.684
46517 1658492011 0 3 2.712 0.005
46524 1658492013 0 7 $GNGGA,121334.000,4424.16555,N,00855.14985,E,1,14,0.7,0.0,M,44.7,M,,*4C
46525 1658492014 0 7 $GNGGA,121335.000,4424.16469,N,00855.14979,E,1,14,0.7,-0.5,M,44.7,M,,*68
46528 1658492015 0 4 2.561 1.563
46535 1658492017 0 7 $GNGGA,121338.000,4424.16251,N,00855.14957,E,1,14,0.7,-1.4,M,44.7,M,,*64
46536 1658492017 0 1 0.810
46541 1658492018 0 8 4.997 12.295 11.91
46542 1658492018 0 0 27.36 8.22 103.1 67.74 131.4 8.10 15.2 0.0 261.9 1.89 46.09 1.1
46543 1658492018 0 7 $GNGGA,121339.000,4424.16176,N,00855.14969,E,1,14,0.7,-1.7,M,44.7,M,,*6D
46544 1658492019 0 7 $GNGGA,121340.000,4424.16106,N,00855.14964,E,1,14,0.7,-2.1,M,44.7,M,,*6C
46545 1658492020 0 7 $GNGGA,121341.000,4424.16037,N,00855.14955,E,1,14,0.7,-2.3,M,44.7,M,,*6E
46546 1658492020 0 3 2.718 0.005
46554 1658492022 0 7 $GNGGA,121343.000,4424.15898,N,00855.14951,E,1,14,0.7,-2.7,M,44.7,M,,*62
46555 1658492023 0 7 $GNGGA,121344.000,4424.15806,N,00855.14957,E,1,14,0.7,-3.2,M,44.7,M,,*60
46556 1658492023 0 1 0.903
46558 1658492024 0 4 2.562 1.556
46565 1658492026 0 7 $GNGGA,121347.000,4424.15589,N,00855.14939,E,1,14,0.7,-3.7,M,44.7,M,,*64
46567 1658492026 0 1 1.041
46572 1658492027 0 0 27.17 8.22 103.2 67.68 130.9 8.10 15.4 0.0 271.1 2.11 46.06 1.1
46574 1658492029 0 7 $GNGGA,121350.000,4424.15357,N,00855.14919,E,1,14,0.7,-3.8,M,44.7,M,,*6A
46575 1658492029 0 1 1.215
46576 1658492029 0 3 2.727 0.005
46584 1658492032 0 7 $GNGGA,121353.000,4424.15187,N,00855.14851,E,1,14,0.7,-4.4,M,44.7,M,,*60
46585 1658492032 0 1 1.068
46593 1658492035 0 7 $GNGGA,121356.000,4424.14943,N,00855.14838,E,1,14,0.7,-4.8,M,44.7,M,,*67
46594 1658492035 0 1 1.705
46600 1658492036 0 0 27.06 8.22 103.3 67.77 130.4 8.08 15.3 0.0 271.1 2.09 46.12 1.1
46604 1658492038 0 7 $GNGGA,121359.000,4424.14737,N,00855.14788,E,1,14,0.7,-5.4,M,44.7,M,,*6C
46605 1658492038 0 1 0.987
46606 1658492038 0 3 2.725 0.005
46613 1658492041 0 7 $GNGGA,121402.000,4424.14550,N,00855.14706,E,1,14,0.7,-4.7,M,44.7,M,,*62
46616 1658492042 0 4 2.562 1.563
46618 1658492042 0 6 0.11
46621 1658492042 0 7 $GNGGA,121403.000,4424.14480,N,00855.14678,E,1,14,0.7,-4.3,M,44.7,M,,*63
46623 1658492044 0 7 $GNGGA,121405.000,4424.14343,N,00855.14629,E,1,14,0.7,-3.8,M,44.7,M,,*65
46624 1658492044 0 1 0.701
46630 1658492045 0 0 27.57 8.21 103.2 67.78 130.0 7.98 15.1 0.0 255.7 1.98 46.12 1.1
46631 1658492046 0 7 $GNGGA,121406.000,4424.14265,N,00855.14602,E,1,14,0.7,-3.7,M,44.7,M,,*65
46632 1658492047 0 7 $GNGGA,121408.000,4424.14119,N,00855.14549,E,1,14,0.7,-3.3,M,44.7,M,,*6B
46633 1658492047 0 3 2.725 0.005
46634 1658492047 0 1 0.611
46636 1658492048 0 5 0.06
46638 1658492048 0 8 4.997 12.295 11.89
46639 1658492048 0 0 27.82 8.21 103.2 67.91 129.7 7.93 15.1 0.0 254.1 2.01 46.21 1.2
46641 1658492049 0 7 $GNGGA,121410.000,4424.13947,N,00855.14510,E,1,14,0.7,-3.0,M,44.7,M,,*69
46642 1658492050 0 7 $GNGGA,121411.000,4424.13865,N,00855.14492,E,1,13,0.8,-2.9,M,44.7,M,,*62
46643 1658492050 0 1 0.587
46645 1658492051 0 4 2.562 1.558
46651 1658492053 0 7 $GNGGA,121414.000,4424.13628,N,00855.14467,E,1,13,0.8,-1.6,M,44.7,M,,*66
46652 1658492053 0 3 2.720 0.005
46660 1658492055 0 7 $GNGGA,121416.000,4424.13475,N,00855.14454,E,1,14,0.7,-0.4,M,44.7,M,,*65
46661 1658492056 0 7 $GNGGA,121417.000,4424.13372,N,00855.14467,E,1,14,0.7,0.0,M,44.7,M,,*4D
46662 1658492056 0 1 1.018
46663 1658492056 0 3 2.718 0.005
46671 1658492059 0 7 $GNGGA,121420.000,4424.13162,N,00855.14428,E,1,14,0.7,1.1,M,44.7,M,,*41
46672 1658492059 0 1 0.957
46674 1658492060 0 4 2.561 1.558
46676 1658492060 0 6 0.11
46678 1658492060 0 0 27.24 8.22 103.3 67.73 129.2 7.98 15.4 0.0 274.0 1.89 46.09 1.1
46679 1658492060 0 7 $GNGGA,121421.000,4424.13080,N,00855.14425,E,1,14,0.7,1.1,M,44.7,M,,*40
46681 1658492062 0 7 $GNGGA,121423.000,4424.12972,N,00855.14372,E,1,14,0.7,1.7,M,44.7,M,,*44
46682 1658492062 0 1 1.583
46683 1658492062 0 3 2.722 0.005
46690 1658492065 0 7 $GNGGA,121426.000,4424.12796,N,00855.14263,E,1,14,0.7,1.5,M,44.7,M,,*46
46691 1658492065 0 1 0.892
46693 1658492066 0 4 2.561 1.561
46700 1658492068 0 7 $GNGGA,121429.000,4424.12560,N,00855.14186,E,1,14,0.7,1.1,M,44.7,M,,*4E
46709 1658492071 0 7 $GNGGA,121432.000,4424.12361,N,00855.14115,E,1,14,0.7,2.6,M,44.7,M,,*4D
46710 1658492071 0 1 0.778
46712 1658492072 0 4 2.561 1.561
46718 1658492073 0 7 $GNGGA,121434.000,4424.12254,N,00855.14062,E,1,14,0.7,3.6,M,44.7,M,,*4C
46719 1658492074 0 7 $GNGGA,121435.000,4424.12183,N,00855.14043,E,1,14,0.7,4.0,M,44.7,M,,*46
46720 1658492074 0 3 2.717 0.005
46722 1658492075 0 4 2.561 1.558
46728 1658492077 0 7 $GNGGA,121438.000,4424.11939,N,00855.14020,E,1,14,0.7,4.5,M,44.7,M,,*41
46729 1658492077 0 1 0.833
46734 1658492078 0 8 4.997 12.332 11.89
46735 1658492078 0 0 27.45 8.21 103.3 67.86 128.5 7.91 15.2 0.0 271.5 1.81 46.18 1.1
46736 1658492078 0 7 $GNGGA,121439.000,4424.11851,N,00855.13997,E,1,14,0.7,4.6,M,44.7,M,,*4E
46738 1658492080 0 7 $GNGGA,121441.000,4424.11684,N,00855.13986,E,1,14,0.7,4.8,M,44.7,M,,*49
46739 1658492080 0 3 2.713 0.005
46747 1658492083 0 7 $GNGGA,121444.000,4424.11450,N,00855.13921,E,1,14,0.7,5.8,M,44.7,M,,*4B
46748 1658492083 0 1 0.801
46750 1658492084 0 4 2.562 1.558
46753 1658492084 0 8 4.997 12.332 11.91
46757 1658492086 0 7 $GNGGA,121447.000,4424.11192,N,00855.13922,E,1,14,0.7,6.1,M,44.7,M,,*4A
46758 1658492086 0 1 0.592
46766 1658492089 0 7 $GNGGA,121450.000,4424.10976,N,00855.13873,E,1,14,0.7,6.3,M,44.7,M,,*48
46767 1658492089 0 1 1.217
46768 1658492089 0 3 2.714 0.005
46775 1658492091 0 7 $GNGGA,121452.000,4424.10843,N,00855.13842,E,1,14,0.7,6.7,M,44.7,M,,*4B
46776 1658492092 0 7 $GNGGA,121453.000,4424.10771,N,00855.13832,E,1,14,0.7,6.8,M,44.7,M,,*4C
46777 1658492092 0 1 0.521
46779 1658492093 0 4 2.563 1.558
46782 1658492093 0 8 4.997 12.332 11.89
46785 1658492095 0 7 $GNGGA,121456.000,4424.10543,N,00855.13813,E,1,14,0.7,7.2,M,44.7,M,,*42
46787 1658492095 0 1 0.579
46790 1658492096 0 6 0.11
46792 1658492096 0 0 28.02 8.21 103.2 67.88 128.4 7.83 15.3 0.0 271.1 1.93 46.18 1.2
46793 1658492096 0 7 $GNGGA,121457.000,4424.10464,N,00855.13802,E,1,14,0.7,7.4,M,44.7,M,,*41
46795 1658492098 0 7 $GNGGA,121459.000,4424.10331,N,00855.13755,E,1,14,0.7,7.9,M,44.7,M,,*48
46796 1658492098 0 1 0.600
46797 1658492098 0 3 2.723 0.005
46808 1658492102 0 4 2.563 1.558
46815 1658492104 0 7 $GNGGA,121505.000,4424.09925,N,00855.13711,E,1,14,0.7,8.9,M,44.7,M,,*48
46816 1658492104 0 1 0.509
46822 1658492105 0 0 27.96 8.21 103.2 67.83 128.1 7.82 15.3 0.0 274.6 1.98 46.14 1.2
46825 1658492107 0 7 $GNGGA,121508.000,4424.09751,N,00855.13617,E,1,14,0.7,9.3,M,44.7,M,,*44
46826 1658492107 0 3 2.720 0.005
46827 1658492107 0 1 0.589
46830 1658492108 0 6 0.11
46831 1658492108 0 8 4.997 12.135 11.89
46833 1658492108 0 7 $GNGGA,121509.000,4424.09687,N,00855.13591,E,1,14,0.7,9.5,M,44.7,M,,*44
46834 1658492109 0 7 $GNGGA,121510.000,4424.09619,N,00855.13599,E,1,14,0.7,9.9,M,44.7,M,,*4F
46835 1658492110 0 7 $GNGGA,121511.000,4424.09552,N,00855.13574,E,1,14,0.7,9.9,M,44.7,M,,*41
46836 1658492110 0 1 0.862
46838 1658492111 0 4 2.563 1.561
46839 1658492111 0 5 0.06
46840 1658492111 0 6 0.11
46845 1658492113 0 7 $GNGGA,121514.000,4424.09390,N,00855.13476,E,1,14,0.7,8.7,M,44.7,M,,*40
46846 1658492113 0 1 0.611
46852 1658492114 0 0 27.81 8.21 103.3 67.86 128.0 7.83 15.4 0.0 282.2 1.93 46.17 1.2
46855 1658492116 0 7 $GNGGA,121517.000,4424.09165,N,00855.13331,E,1,14,0.7,8.7,M,44.7,M,,*4F
46856 1658492116 0 1 1.325
46859 1658492117 0 5 0.06
46864 1658492118 0 7 $GNGGA,121519.000,4424.09028,N,00855.13252,E,1,14,0.7,8.8,M,44.7,M,,*42
46868 1658492120 0 4 2.564 1.556
46869 1658492120 0 5 0.06
46870 1658492120 0 6 0.12
46873 1658492120 0 7 $GNGGA,121521.000,4424.08877,N,00855.13154,E,1,14,0.7,8.8,M,44.7,M,,*4F
46875 1658492122 0 7 $GNGGA,121523.000,4424.08715,N,00855.13087,E,1,14,0.7,9.1,M,44.7,M,,*41
46877 1658492122 0 1 0.637
46880 1658492123 0 6 0.12
46884 1658492124 0 7 $GNGGA,121525.000,4424.08574,N,00855.13005,E,1,14,0.7,8.8,M,44.7,M,,*40
46885 1658492125 0 7 $GNGGA,121526.000,4424.08501,N,00855.12959,E,1,14,0.7,8.8,M,44.7,M,,*40
46886 1658492125 0 1 0.578
46889 1658492126 0 5 0.06
46897 1658492128 0 1 0.655
46898 1658492129 0 4 2.563 1.556
46899 1658492129 0 5 0.06
46900 1658492129 0 6 0.12
46903 1658492129 0 7 $GNGGA,121530.000,4424.08147,N,00855.12740,E,1,14,0.7,9.1,M,44.7,M,,*4F
46905 1658492131 0 7 $GNGGA,121532.000,4424.07994,N,00855.12630,E,1,14,0.7,9.2,M,44.7,M,,*41
46906 1658492131 0 1 0.558
46914 1658492133 0 7 $GNGGA,121534.000,4424.07840,N,00855.12502,E,1,14,0.7,9.6,M,44.7,M,,*49
46915 1658492134 0 7 $GNGGA,121535.000,4424.07767,N,00855.12430,E,1,14,0.7,9.7,M,44.7,M,,*43
46916 1658492134 0 3 2.725 0.005
46917 1658492134 0 1 0.638
46919 1658492135 0 5 0.06
46925 1658492137 0 7 $GNGGA,121538.000,4424.07479,N,00855.12245,E,1,14,0.7,9.7,M,44.7,M,,*46
46926 1658492137 0 1 0.833
46928 1658492138 0 4 2.564 1.558
46930 1658492138 0 6 0.12
46931 1658492138 0 8 4.997 12.332 11.91
46932 1658492138 0 0 27.75 8.21 103.3 67.77 127.7 7.82 15.3 0.0 291.1 2.03 46.10 1.2
46935 1658492140 0 7 $GNGGA,121541.000,4424.07226,N,00855.12100,E,1,14,0.7,8.9,M,44.7,M,,*49
46936 1658492140 0 1 0.670
46937 1658492140 0 3 2.726 0.005
46944 1658492142 0 7 $GNGGA,121543.000,4424.07054,N,00855.11984,E,1,14,0.7,8.5,M,44.7,M,,*47
46946 1658492143 0 1 1.391
46948 1658492144 0 4 2.563 1.556
46955 1658492146 0 7 $GNGGA,121547.000,4424.06706,N,00855.11874,E,1,14,0.7,7.8,M,44.7,M,,*4E
46956 1658492146 0 1 0.623
46958 1658492147 0 4 2.564 1.556
46962 1658492147 0 0 27.78 8.21 103.4 67.77 127.7 7.82 15.4 0.0 295.4 2.05 46.10 1.2
46966 1658492149 0 3 2.726 0.005
46975 1658492152 0 7 $GNGGA,121553.000,4424.06211,N,00855.11658,E,1,14,0.7,7.6,M,44.7,M,,*46
46976 1658492152 0 1 0.725
46978 1658492153 0 4 2.564 1.556
46980 1658492153 0 6 0.11
46981 1658492153 0 8 4.997 12.332 11.89
46985 1658492155 0 7 $GNGGA,121556.000,4424.05932,N,00855.11562,E,1,14,0.7,7.6,M,44.7,M,,*40
46987 1658492155 0 1 0.701
46988 1658492156 0 4 2.564 1.553
46990 1658492156 0 6 0.11
46994 1658492157 0 7 $GNGGA,121558.000,4424.05747,N,00855.11517,E,1,14,0.7,7.3,M,44.7,M,,*45
46996 1658492158 0 7 $GNGGA,121559.000,4424.05663,N,00855.11497,E,1,14,0.7,7.2,M,44.7,M,,*4B
46997 1658492158 0 1 0.635
46998 1658492158 0 3 2.726 0.005
47005 1658492161 0 7 $GNGGA,121602.000,4424.05421,N,00855.11451,E,1,14,0.7,7.1,M,44.7,M,,*4B
47008 1658492162 0 4 2.564 1.558
47010 1658492162 0 6 0.12
47011 1658492162 0 8 4.997 12.332 11.89
47012 1658492162 0 0 27.54 8.21 103.6 67.79 127.7 7.85 15.5 0.0 304.1 2.06 46.13 1.2
47016 1658492164 0 1 0.993
47017 1658492164 0 3 2.725 0.005
47024 1658492167 0 7 $GNGGA,121608.000,4424.04965,N,00855.11282,E,1,14,0.7,7.5,M,44.7,M,,*41
47025 1658492167 0 1 0.711
47026 1658492167 0 3 2.725 0.005
47028 1658492168 0 5 0.06
47029 1658492168 0 6 0.12
47030 1658492168 0 8 4.997 12.323 11.91
47033 1658492169 0 7 $GNGGA,121610.000,4424.04844,N,00855.11245,E,1,14,0.7,8.6,M,44.7,M,,*4D
47034 1658492170 0 7 $GNGGA,121611.000,4424.04775,N,00855.11240,E,1,14,0.7,8.9,M,44.7,M,,*4B
47035 1658492170 0 1 1.262
47041 1658492171 0 0 27.68 8.21 103.6 67.71 127.7 7.83 15.4 0.0 303.0 1.98 46.06 1.2
47042 1658492172 0 7 $GNGGA,121612.000,4424.04690,N,00855.11239,E,1,14,0.7,9.0,M,44.7,M,,*44
47044 1658492173 0 1 0.611
47045 1658492173 0 3 2.719 0.005
47053 1658492176 0 7 $GNGGA,121617.000,4424.04293,N,00855.11145,E,1,14,0.7,8.5,M,44.7,M,,*4A
47054 1658492176 0 3 2.717 0.005
47056 1658492177 0 4 2.564 1.566
47057 1658492177 0 5 0.06
47058 1658492177 0 6 0.11
47063 1658492179 0 7 $GNGGA,121620.000,4424.04047,N,00855.11098,E,1,14,0.7,8.3,M,44.7,M,,*42
47064 1658492179 0 1 0.468
47066 1658492180 0 4 2.564 1.566
47071 1658492180 0 7 $GNGGA,121621.000,4424.03964,N,00855.11077,E,1,14,0.7,8.2,M,44.7,M,,*4C
47072 1658492181 0 7 $GNGGA,121622.000,4424.03887,N,00855.11056,E,1,14,0.7,8.2,M,44.7,M,,*40
47074 1658492182 0 3 2.718 0.005
47075 1658492182 0 1 0.706
47082 1658492184 0 7 $GNGGA,121625.000,4424.03658,N,00855.10983,E,1,14,0.7,8.1,M,44.7,M,,*48
47083 1658492185 0 7 $GNGGA,121626.000,4424.03592,N,00855.10959,E,1,14,0.7,8.0,M,44.7,M,,*48
47084 1658492185 0 1 0.582
47085 1658492185 0 3 2.713 0.005
47086 1658492186 0 4 2.564 1.561
47087 1658492186 0 5 0.06
47093 1658492188 0 7 $GNGGA,121629.000,4424.03345,N,00855.10883,E,1,14,0.7,7.2,M,44.7,M,,*40
47095 1658492188 0 1 0.790
47096 1658492189 0 4 2.564 1.558
47101 1658492189 0 7 $GNGGA,121630.000,4424.03242,N,00855.10863,E,1,14,0.7,6.8,M,44.7,M,,*4B
47105 1658492191 0 3 2.718 0.005
47113 1658492194 0 7 $GNGGA,121635.000,4424.02789,N,00855.10811,E,1,14,0.7,6.5,M,44.7,M,,*45
47114 1658492194 0 1 0.885
47115 1658492194 0 3 2.718 0.005
47117 1658492195 0 5 0.06
47118 1658492195 0 6 0.11
47119 1658492195 0 8 4.997 12.332 11.89
47124 1658492197 0 1 1.573
47128 1658492198 0 6 0.11
47130 1658492198 0 0 27.20 8.21 103.6 67.81 127.3 7.86 15.5 0.0 316.6 1.92 46.16 1.1
47131 1658492198 0 7 $GNGGA,121639.000,4424.02446,N,00855.10701,E,1,14,0.7,6.0,M,44.7,M,,*42
47133 1658492200 0 7 $GNGGA,121641.000,4424.02267,N,00855.10670,E,1,14,0.7,5.7,M,44.7,M,,*4B
47134 1658492200 0 1 0.633
47135 1658492200 0 3 2.717 0.005
47142 1658492202 0 7 $GNGGA,121643.000,4424.02079,N,00855.10664,E,1,14,0.7,5.4,M,44.7,M,,*42
47146 1658492204 0 4 2.564 1.561
47147 1658492204 0 5 0.06
47148 1658492204 0 6 0.12
47149 1658492204 0 8 4.997 12.332 11.89
47153 1658492206 0 7 $GNGGA,121647.000,4424.01757,N,00855.10682,E,1,14,0.7,5.2,M,44.7,M,,*40
47154 1658492206 0 1 0.497
47163 1658492209 0 7 $GNGGA,121650.000,4424.01539,N,00855.10594,E,1,14,0.7,5.0,M,44.7,M,,*4A
47167 1658492210 0 5 0.06
47170 1658492210 0 0 27.87 8.22 103.4 67.90 127.5 7.79 15.2 0.0 294.2 1.94 46.20 1.2
47173 1658492212 0 7 $GNGGA,121653.000,4424.01381,N,00855.10447,E,1,14,0.7,5.3,M,44.7,M,,*40
47174 1658492212 0 1 0.397
47177 1658492213 0 5 0.06
47178 1658492213 0 6 0.11
47179 1658492213 0 8 4.997 12.332 11.89
47180 1658492213 0 0 27.99 8.21 103.4 67.90 127.5 7.78 15.2 0.0 292.5 1.97 46.20 1.2
47183 1658492215 0 7 $GNGGA,121656.000,4424.01144,N,00855.10376,E,1,14,0.7,4.5,M,44.7,M,,*4C
47184 1658492215 0 3 2.724 0.005
47192 1658492217 0 7 $GNGGA,121658.000,4424.00972,N,00855.10315,E,1,14,0.7,3.8,M,44.7,M,,*41
47193 1658492218 0 7 $GNGGA,121659.000,4424.00874,N,00855.10299,E,1,14,0.7,3.5,M,44.7,M,,*4F
47194 1658492218 0 1 0.752
47195 1658492218 0 3 2.722 0.005
47196 1658492219 0 4 2.564 1.546
47206 1658492222 0 4 2.564 1.546
47207 1658492222 0 5 0.06
47208 1658492222 0 6 0.11
47213 1658492224 0 7 $GNGGA,121705.000,4424.00275,N,00855.10224,E,1,14,0.7,2.5,M,44.7,M,,*4B
47214 1658492224 0 1 1.281
47217 1658492225 0 5 0.06
47224 1658492227 0 1 0.468
47225 1658492227 0 3 2.713 0.005
47226 1658492228 0 4 2.564 1.553
47228 1658492228 0 6 0.12
47230 1658492228 0 0 28.06 8.21 103.6 67.90 127.7 7.78 15.3 0.0 296.3 1.87 46.20 1.2
47231 1658492228 0 7 $GNGGA,121709.000,4423.99895,N,00855.10209,E,1,14,0.7,1.6,M,44.7,M,,*4B
47233 1658492230 0 7 $GNGGA,121711.000,4423.99706,N,00855.10182,E,1,14,0.7,1.1,M,44.7,M,,*40
47235 1658492230 0 1 0.436
47242 1658492232 0 7 $GNGGA,121713.000,4423.99527,N,00855.10145,E,1,14,0.7,1.1,M,44.7,M,,*48
47244 1658492233 0 1 0.366
47247 1658492234 0 5 0.06
47248 1658492234 0 6 0.12
47252 1658492235 0 7 $GNGGA,121716.000,4423.99268,N,00855.10067,E,1,14,0.7,0.6,M,44.7,M,,*46
47256 1658492237 0 4 2.564 1.563
47257 1658492237 0 5 0.06
47258 1658492237 0 6 0.12
47266 1658492240 0 4 2.564 1.583
47267 1658492240 0 5 0.06
47269 1658492240 0 8 4.997 12.332 11.89
47270 1658492240 0 0 28.35 8.21 103.6 67.83 127.7 7.74 15.2 0.0 293.5 1.80 46.13 1.2
47273 1658492242 0 7 $GNGGA,121723.000,4423.98689,N,00855.09903,E,1,14,0.7,0.3,M,44.7,M,,*4C
47274 1658492242 0 1 0.467
47277 1658492243 0 5 0.06
47282 1658492244 0 7 $GNGGA,121725.000,4423.98559,N,00855.09794,E,1,14,0.7,0.4,M,44.7,M,,*43
47284 1658492245 0 1 0.734
47286 1658492246 0 4 2.564 1.586
47287 1658492246 0 5 0.06
47293 1658492248 0 7 $GNGGA,121729.000,4423.98246,N,00855.09685,E,1,14,0.7,-0.0,M,44.7,M,,*6E
47294 1658492248 0 1 0.444
47299 1658492249 0 8 4.997 12.341 11.89
47300 1658492249 0 0 28.22 8.21 103.7 67.84 127.6 7.75 15.4 0.0 300.4 1.80 46.14 1.2
47303 1658492251 0 1 1.266
47311 1658492253 0 7 $GNGGA,121734.000,4423.97865,N,00855.09549,E,1,14,0.7,-0.7,M,44.7,M,,*62
47313 1658492254 0 1 0.425
47315 1658492255 0 4 2.564 1.586
47316 1658492255 0 5 0.06
47317 1658492255 0 6 0.12
47324 1658492258 0 4 2.564 1.588
47325 1658492258 0 5 0.06
47326 1658492258 0 6 0.12
47327 1658492258 0 8 4.997 12.332 11.89
47328 1658492258 0 0 28.09 8.21 103.7 67.96 127.5 7.76 15.4 0.0 310.5 1.78 46.24 1.2
47330 1658492259 0 7 $GNGGA,121740.000,4423.97391,N,00855.09398,E,1,14,0.7,-0.1,M,44.7,M,,*6D
47331 1658492260 0 7 $GNGGA,121741.000,4423.97320,N,00855.09364,E,1,14,0.7,-0.0,M,44.7,M,,*64
47332 1658492260 0 1 0.434
47340 1658492263 0 7 $GNGGA,121744.000,4423.97076,N,00855.09278,E,1,14,0.7,-0.4,M,44.7,M,,*69
47343 1658492264 0 4 2.564 1.583
47344 1658492264 0 5 0.06
47345 1658492264 0 6 0.12
47348 1658492264 0 7 $GNGGA,121745.000,4423.96976,N,00855.09266,E,1,14,0.7,-0.4,M,44.7,M,,*6F
47350 1658492266 0 7 $GNGGA,121747.000,4423.96778,N,00855.09260,E,1,14,0.7,-0.5,M,44.7,M,,*6A
47351 1658492266 0 1 0.405
47352 1658492266 0 3 2.712 0.005
47358 1658492268 0 7 $GNGGA,121748.000,4423.96692,N,00855.09250,E,1,14,0.7,-0.5,M,44.7,M,,*63
47360 1658492269 0 1 0.477
47369 1658492272 0 7 $GNGGA,121753.000,4423.96227,N,00855.09192,E,1,14,0.7,-1.4,M,44.7,M,,*6E
47370 1658492272 0 1 0.800
47372 1658492273 0 4 2.565 1.561
47374 1658492273 0 6 0.12
47375 1658492273 0 8 4.997 12.332 11.91
47378 1658492275 0 7 $GNGGA,121756.000,4423.95971,N,00855.09141,E,1,14,0.7,-1.9,M,44.7,M,,*63
47379 1658492275 0 1 0.500
47380 1658492275 0 3 2.718 0.005
47387 1658492277 0 7 $GNGGA,121758.000,4423.95801,N,00855.09114,E,1,14,0.7,-1.3,M,44.7,M,,*61
47389 1658492278 0 7 $GNGGA,121759.000,4423.95710,N,00855.09099,E,1,14,0.7,-1.1,M,44.7,M,,*69
47390 1658492278 0 1 1.320
47391 1658492278 0 3 2.713 0.005
47392 1658492279 0 4 2.564 1.561
47398 1658492281 0 7 $GNGGA,121802.000,4423.95343,N,00855.09065,E,1,14,0.7,-2.2,M,44.7,M,,*69
47399 1658492281 0 1 0.504
47403 1658492282 0 6 0.12
47404 1658492282 0 8 4.997 12.332 11.89
47405 1658492282 0 0 28.11 8.21 103.9 67.88 127.0 7.73 15.5 0.0 318.6 1.90 46.18 1.2
47408 1658492284 0 7 $GNGGA,121805.000,4423.95079,N,00855.08955,E,1,14,0.7,-2.1,M,44.7,M,,*6C
47409 1658492284 0 3 2.726 0.005
47410 1658492284 0 1 0.475
47418 1658492287 0 1 0.437
47419 1658492287 0 3 2.730 0.005
47420 1658492288 0 4 2.565 1.563
47422 1658492288 0 6 0.12
47424 1658492288 0 0 28.09 8.21 104.0 68.00 127.1 7.74 15.5 0.0 323.6 2.02 46.27 1.2
47425 1658492288 0 7 $GNGGA,121809.000,4423.94775,N,00855.08825,E,1,14,0.7,-2.9,M,44.7,M,,*64
47427 1658492290 0 7 $GNGGA,121811.000,4423.94612,N,00855.08763,E,1,14,0.7,-3.6,M,44.7,M,,*6E
47429 1658492290 0 1 0.491
47430 1658492291 0 4 2.565 1.562
47431 1658492291 0 5 0.06
47432 1658492291 0 6 0.12
47433 1658492291 0 8 4.997 12.323 11.91
47434 1658492291 0 0 28.09 8.21 104.0 67.92 127.1 7.74 15.5 0.0 323.7 2.04 46.21 1.2
47435 1658492292 0 7 $GNGGA,121812.000,4423.94541,N,00855.08728,E,1,14,0.7,-4.2,M,44.7,M,,*64
47436 1658492293 0 7 $GNGGA,121814.000,4423.94393,N,00855.08638,E,1,14,0.7,-4.6,M,44.7,M,,*6F
