/home/danielacabiddu/Devel/src/MATRAC/test/tuttomatrac/apps/build-mokupUI-Desktop_Qt_6_2_0_GCC_64bit-Release/MATRAC_Session_2022-07-22.13-05-42/porto_grid.mesh
41108 1658490306 0 1 2.475
41109 1658490306 0 0 27.00 8.22 101.8 67.64 135.1 8.38 15.0 0.0 270.8 3.30 46.03 1.1
41110 1658490307 0 3 2.740 0.005
41116 1658490308 0 7 $GNGGA,114509.000,4424.58462,N,00854.67903,E,1,13,0.8,5.5,M,44.7,M,,*4E
41117 1658490309 0 7 $GNGGA,114510.000,4424.58466,N,00854.67901,E,1,13,0.8,5.5,M,44.7,M,,*40
41118 1658490309 0 1 2.923
41119 1658490309 0 0 27.00 8.22 101.8 67.58 135.1 8.38 15.1 0.0 271.2 3.30 45.98 1.1
41120 1658490310 0 3 2.740 0.005
41127 1658490312 0 7 $GNGGA,114513.000,4424.58479,N,00854.67896,E,1,13,0.8,5.5,M,44.7,M,,*42
41128 1658490312 0 1 2.345
41129 1658490312 0 0 27.01 8.22 101.8 67.53 135.1 8.38 15.1 0.0 271.4 3.29 45.94 1.1
41135 1658490314 0 7 $GNGGA,114514.000,4424.58486,N,00854.67896,E,1,13,0.8,5.5,M,44.7,M,,*45
41136 1658490314 0 7 $GNGGA,114515.000,4424.58490,N,00854.67895,E,1,13,0.8,5.4,M,44.7,M,,*41
41139 1658490315 0 0 27.01 8.22 101.8 67.58 135.2 8.38 15.1 0.0 270.2 3.30 45.98 1.1
41140 1658490316 0 3 2.740 0.005
41147 1658490318 0 7 $GNGGA,114519.000,4424.58497,N,00854.67892,E,1,13,0.8,5.1,M,44.7,M,,*48
41149 1658490318 0 0 27.05 8.22 101.7 67.58 135.2 8.38 15.0 0.0 270.2 3.30 45.98 1.1
41152 1658490319 0 5 0.34
41153 1658490319 0 6 0.11
41154 1658490319 0 8 4.997 12.323 11.89
41160 1658490322 0 3 2.740 0.005
41161 1658490322 0 4 2.551 1.573
41162 1658490322 0 5 0.34
41166 1658490323 0 7 $GNGGA,114524.000,4424.58507,N,00854.67879,E,1,13,0.8,5.0,M,44.7,M,,*4A
41167 1658490324 0 7 $GNGGA,114525.000,4424.58509,N,00854.67876,E,1,13,0.8,5.0,M,44.7,M,,*4A
41168 1658490324 0 1 2.500
41169 1658490324 0 0 27.03 8.22 101.6 67.62 135.1 8.38 15.1 0.0 271.4 3.28 46.01 1.1
41170 1658490325 0 3 2.740 0.005
41176 1658490326 0 7 $GNGGA,114527.000,4424.58514,N,00854.67870,E,1,13,0.8,4.9,M,44.7,M,,*4A
41177 1658490327 0 7 $GNGGA,114528.000,4424.58518,N,00854.67865,E,1,13,0.8,4.9,M,44.7,M,,*4D
41178 1658490327 0 1 2.465
41179 1658490327 0 0 26.99 8.22 101.6 67.64 135.1 8.38 15.0 0.0 271.1 3.29 46.03 1.1
41180 1658490328 0 3 2.740 0.005
41182 1658490328 0 5 0.34
41183 1658490328 0 6 0.11
41184 1658490328 0 8 4.997 12.332 11.89
41185 1658490329 0 7 $GNGGA,114529.000,4424.58522,N,00854.67862,E,1,13,0.8,4.9,M,44.7,M,,*42
41187 1658490330 0 7 $GNGGA,114531.000,4424.58474,N,00854.67780,E,1,13,0.8,5.0,M,44.7,M,,*42
41188 1658490330 0 1 2.454
41189 1658490331 0 0 27.03 8.22 101.6 67.52 135.1 8.38 15.0 0.0 270.8 3.31 45.93 1.1
41196 1658490332 0 7 $GNGGA,114533.000,4424.58483,N,00854.67761,E,1,13,0.8,5.0,M,44.7,M,,*47
41199 1658490334 0 0 27.07 8.22 101.4 67.58 135.1 8.37 15.0 0.0 270.3 3.30 45.98 1.1
41200 1658490334 0 3 2.740 0.005
41201 1658490334 0 4 2.550 1.571
41202 1658490334 0 5 0.36
41203 1658490334 0 6 0.11
41204 1658490334 0 8 4.997 12.323 11.91
41205 1658490335 0 7 $GNGGA,114535.000,4424.58494,N,00854.67742,E,1,13,0.8,5.0,M,44.7,M,,*46
41206 1658490335 0 7 $GNGGA,114536.000,4424.58500,N,00854.67732,E,1,13,0.8,5.0,M,44.7,M,,*4E
41207 1658490336 0 7 $GNGGA,114537.000,4424.58505,N,00854.67723,E,1,13,0.8,5.0,M,44.7,M,,*4A
41208 1658490336 0 1 2.959
41209 1658490337 0 0 27.06 8.22 101.4 67.63 135.2 8.37 15.1 0.0 270.9 3.29 46.02 1.1
41210 1658490337 0 3 2.740 0.005
41211 1658490337 0 4 2.550 1.568
41212 1658490337 0 5 0.36
41213 1658490337 0 6 0.11
41214 1658490337 0 8 4.997 12.332 11.89
41215 1658490338 0 7 $GNGGA,114538.000,4424.58529,N,00854.67688,E,1,13,0.8,5.0,M,44.7,M,,*4B
41216 1658490338 0 7 $GNGGA,114539.000,4424.58563,N,00854.67644,E,1,13,0.8,5.5,M,44.7,M,,*41
41217 1658490339 0 7 $GNGGA,114540.000,4424.58599,N,00854.67591,E,1,13,0.8,5.9,M,44.7,M,,*4D
41218 1658490339 0 1 3.414
41219 1658490340 0 0 26.90 8.22 101.3 67.77 135.2 8.39 15.2 0.0 278.1 3.30 46.13 1.1
41226 1658490341 0 7 $GNGGA,114542.000,4424.58657,N,00854.67500,E,1,13,0.8,6.6,M,44.7,M,,*4A
41227 1658490342 0 7 $GNGGA,114543.000,4424.58675,N,00854.67450,E,1,13,0.8,6.7,M,44.7,M,,*4E
41228 1658490342 0 1 3.995
41229 1658490342 0 0 26.60 8.22 101.3 67.81 135.2 8.43 15.3 0.0 284.7 3.31 46.17 1.1
41236 1658490344 0 7 $GNGGA,114545.000,4424.58679,N,00854.67371,E,1,13,0.8,7.0,M,44.7,M,,*46
41237 1658490345 0 7 $GNGGA,114546.000,4424.58693,N,00854.67325,E,1,13,0.8,7.2,M,44.7,M,,*42
41238 1658490345 0 1 4.001
41240 1658490346 0 3 2.740 0.005
41241 1658490346 0 4 2.550 1.571
41242 1658490346 0 5 0.35
41247 1658490348 0 7 $GNGGA,114549.000,4424.58743,N,00854.67172,E,1,13,0.8,6.8,M,44.7,M,,*4A
41248 1658490348 0 1 3.979
41249 1658490349 0 0 26.50 8.22 101.4 67.46 135.1 8.45 15.2 0.0 280.5 3.30 45.91 1.1
41256 1658490350 0 7 $GNGGA,114551.000,4424.58807,N,00854.67097,E,1,13,0.8,6.5,M,44.7,M,,*4B
41259 1658490351 0 0 26.58 8.22 101.4 67.44 135.1 8.44 15.1 0.0 277.2 3.30 45.88 1.1
41260 1658490352 0 3 2.740 0.005
41267 1658490354 0 7 $GNGGA,114555.000,4424.58905,N,00854.66894,E,1,13,0.8,6.5,M,44.7,M,,*46
41268 1658490354 0 1 3.962
41269 1658490354 0 0 26.56 8.22 101.4 67.56 135.1 8.44 15.2 0.0 277.8 3.31 45.98 1.1
41271 1658490355 0 4 2.550 1.568
41272 1658490355 0 5 0.35
41273 1658490355 0 6 0.11
41277 1658490357 0 7 $GNGGA,114558.000,4424.58946,N,00854.66847,E,1,13,0.8,6.6,M,44.7,M,,*41
41278 1658490357 0 2 0.05240000 5.57730007 1.75479993 0.04289999 2.74110007 0.00460000 0.07800001 0.23199999 1.00000000 83.56099700
41287 1658490359 0 7 $GNGGA,114600.000,4424.58994,N,00854.66790,E,1,13,0.8,6.6,M,44.7,M,,*45
41288 1658490360 0 7 $GNGGA,114601.000,4424.59010,N,00854.66777,E,1,13,0.8,6.6,M,44.7,M,,*49
41289 1658490360 0 1 3.959
41290 1658490361 0 0 26.54 8.22 101.4 67.62 135.1 8.44 15.1 0.0 276.7 3.30 46.02 1.1
41296 1658490362 0 7 $GNGGA,114602.000,4424.59030,N,00854.66763,E,1,13,0.8,6.7,M,44.7,M,,*4C
41297 1658490363 0 7 $GNGGA,114604.000,4424.59055,N,00854.66736,E,1,13,0.8,6.7,M,44.7,M,,*49
41298 1658490363 0 1 4.120
41299 1658490364 0 0 26.65 8.22 101.4 67.46 135.0 8.43 15.1 0.0 273.2 3.29 45.90 1.1
41301 1658490364 0 4 2.549 1.568
41302 1658490364 0 5 0.43
41303 1658490364 0 6 0.11
41307 1658490366 0 7 $GNGGA,114607.000,4424.59072,N,00854.66699,E,1,13,0.8,6.8,M,44.7,M,,*44
41308 1658490366 0 1 3.498
41309 1658490367 0 0 26.73 8.22 101.3 67.51 135.0 8.41 15.1 0.0 271.0 3.31 45.93 1.1
41317 1658490369 0 7 $GNGGA,114610.000,4424.59080,N,00854.66651,E,1,13,0.8,7.0,M,44.7,M,,*42
41318 1658490369 0 1 3.257
41319 1658490370 0 0 26.78 8.22 101.4 67.59 135.0 8.40 15.0 0.0 271.2 3.32 45.99 1.1
41320 1658490370 0 3 2.740 0.005
41321 1658490370 0 4 2.550 1.571
41327 1658490372 0 7 $GNGGA,114613.000,4424.59109,N,00854.66594,E,1,13,0.8,6.8,M,44.7,M,,*42
41328 1658490372 0 1 3.448
41329 1658490373 0 0 26.79 8.22 101.4 67.58 134.9 8.40 15.0 0.0 271.0 3.30 45.98 1.1
41332 1658490373 0 5 0.38
41333 1658490373 0 6 0.11
41334 1658490373 0 8 4.997 12.323 11.89
41335 1658490374 0 7 $GNGGA,114614.000,4424.59121,N,00854.66581,E,1,13,0.8,6.8,M,44.7,M,,*4B
41338 1658490375 0 1 3.131
41339 1658490376 0 0 26.81 8.22 101.4 67.52 134.9 8.40 15.0 0.0 270.0 3.29 45.94 1.1
41340 1658490376 0 3 2.740 0.005
41346 1658490377 0 7 $GNGGA,114618.000,4424.59147,N,00854.66530,E,1,13,0.8,6.9,M,44.7,M,,*4C
41347 1658490378 0 7 $GNGGA,114619.000,4424.59153,N,00854.66525,E,1,13,0.8,6.9,M,44.7,M,,*4C
41350 1658490379 0 3 2.740 0.005
41357 1658490381 0 7 $GNGGA,114622.000,4424.59161,N,00854.66492,E,1,13,0.8,7.0,M,44.7,M,,*40
41358 1658490381 0 1 3.184
41359 1658490382 0 0 26.83 8.22 101.3 67.56 134.9 8.39 15.0 0.0 270.8 3.31 45.97 1.1
41367 1658490384 0 7 $GNGGA,114625.000,4424.59170,N,00854.66456,E,1,13,0.8,7.2,M,44.7,M,,*4D
41368 1658490384 0 1 3.109
41369 1658490385 0 0 26.83 8.22 101.3 67.57 134.9 8.39 15.0 0.0 271.3 3.30 45.98 1.1
41370 1658490385 0 3 2.740 0.005
41376 1658490386 0 7 $GNGGA,114627.000,4424.59178,N,00854.66432,E,1,13,0.8,7.3,M,44.7,M,,*44
41380 1658490388 0 3 2.740 0.005
41387 1658490390 0 7 $GNGGA,114631.000,4424.59182,N,00854.66406,E,1,13,0.8,7.6,M,44.7,M,,*44
41388 1658490390 0 1 3.500
41389 1658490391 0 0 26.80 8.22 101.1 67.60 134.9 8.39 15.0 0.0 272.3 3.29 46.00 1.1
41392 1658490391 0 5 0.34
41393 1658490391 0 6 0.11
41394 1658490391 0 8 4.997 12.323 11.91
41398 1658490393 0 1 2.586
41399 1658490394 0 0 26.81 8.22 101.1 67.54 134.9 8.40 15.0 0.0 271.4 3.31 45.95 1.1
41400 1658490394 0 3 2.740 0.005
41406 1658490395 0 7 $GNGGA,114636.000,4424.59203,N,00854.66393,E,1,13,0.8,7.9,M,44.7,M,,*4D
41407 1658490396 0 7 $GNGGA,114637.000,4424.59212,N,00854.66388,E,1,13,0.8,8.0,M,44.7,M,,*40
41408 1658490396 0 1 2.591
41409 1658490397 0 0 26.81 8.22 101.1 67.61 134.9 8.40 15.0 0.0 271.7 3.32 46.01 1.1
41410 1658490397 0 3 2.740 0.005
41411 1658490397 0 4 2.550 1.571
41417 1658490399 0 7 $GNGGA,114640.000,4424.59225,N,00854.66373,E,1,13,0.8,8.1,M,44.7,M,,*41
41418 1658490399 0 1 2.647
41419 1658490400 0 0 26.82 8.22 101.0 67.57 135.0 8.40 15.0 0.0 271.8 3.31 45.98 1.1
41420 1658490400 0 3 2.740 0.005
41427 1658490402 0 7 $GNGGA,114643.000,4424.59250,N,00854.66358,E,1,13,0.8,8.3,M,44.7,M,,*4B
41428 1658490402 0 1 2.848
41429 1658490403 0 0 26.84 8.22 101.0 67.64 135.0 8.39 15.0 0.0 271.5 3.29 46.03 1.1
41436 1658490404 0 7 $GNGGA,114645.000,4424.59268,N,00854.66352,E,1,13,0.8,8.4,M,44.7,M,,*4B
41437 1658490405 0 7 $GNGGA,114646.000,4424.59276,N,00854.66352,E,1,13,0.8,8.4,M,44.7,M,,*47
41438 1658490405 0 1 2.573
41439 1658490406 0 0 26.85 8.22 100.9 67.60 134.9 8.39 15.0 0.0 270.8 3.30 46.00 1.1
41440 1658490406 0 3 2.740 0.005
41441 1658490406 0 4 2.551 1.576
41446 1658490408 0 7 $GNGGA,114649.000,4424.59301,N,00854.66349,E,1,13,0.8,8.4,M,44.7,M,,*43
41447 1658490408 0 1 2.917
41448 1658490409 0 0 26.85 8.22 100.8 67.55 134.9 8.39 15.0 0.0 271.2 3.31 45.96 1.1
41453 1658490410 0 8 4.997 12.332 11.89
41458 1658490412 0 0 26.85 8.22 100.8 67.60 134.9 8.39 15.0 0.0 271.4 3.30 46.00 1.1
41459 1658490412 0 3 2.740 0.005
41466 1658490414 0 7 $GNGGA,114655.000,4424.59365,N,00854.66343,E,1,13,0.8,8.5,M,44.7,M,,*47
41467 1658490414 0 1 2.431
41468 1658490415 0 0 26.86 8.22 100.7 67.66 134.9 8.38 15.0 0.0 271.5 3.30 46.05 1.1
41470 1658490415 0 4 2.551 1.586
41471 1658490415 0 5 0.35
41472 1658490415 0 6 0.11
41479 1658490418 0 3 2.740 0.005
41485 1658490419 0 7 $GNGGA,114700.000,4424.59398,N,00854.66331,E,1,13,0.8,8.4,M,44.7,M,,*40
41486 1658490420 0 7 $GNGGA,114701.000,4424.59405,N,00854.66330,E,1,13,0.8,8.4,M,44.7,M,,*43
41488 1658490421 0 0 26.86 8.22 100.6 67.52 134.9 8.39 15.0 0.0 271.5 3.31 45.94 1.1
41489 1658490421 0 3 2.740 0.005
41495 1658490422 0 7 $GNGGA,114703.000,4424.59422,N,00854.66318,E,1,13,0.8,8.4,M,44.7,M,,*4E
41499 1658490424 0 3 2.740 0.005
41500 1658490424 0 4 2.551 1.598
41501 1658490424 0 5 0.34
41502 1658490424 0 6 0.11
41504 1658490425 0 7 $GNGGA,114705.000,4424.59429,N,00854.66303,E,1,13,0.8,8.4,M,44.7,M,,*49
41505 1658490426 0 7 $GNGGA,114707.000,4424.59436,N,00854.66294,E,1,13,0.8,8.3,M,44.7,M,,*4D
41506 1658490426 0 1 2.522
41507 1658490427 0 0 26.86 8.22 100.5 67.57 134.9 8.39 15.0 0.0 271.4 3.29 45.98 1.1
41514 1658490428 0 7 $GNGGA,114709.000,4424.59463,N,00854.66284,E,1,12,0.9,8.5,M,44.7,M,,*44
41515 1658490429 0 7 $GNGGA,114710.000,4424.59470,N,00854.66279,E,1,12,0.9,8.4,M,44.7,M,,*4D
41516 1658490429 0 1 2.466
41517 1658490430 0 0 26.87 8.22 100.5 67.59 134.9 8.39 15.0 0.0 271.3 3.31 45.99 1.1
41525 1658490432 0 7 $GNGGA,114713.000,4424.59478,N,00854.66265,E,1,13,0.8,8.3,M,44.7,M,,*4C
41526 1658490432 0 1 2.532
41527 1658490433 0 0 26.89 8.22 100.4 67.58 134.9 8.38 15.0 0.0 270.6 3.32 45.99 1.1
41529 1658490433 0 4 2.551 1.598
41530 1658490433 0 5 0.34
41536 1658490435 0 1 2.540
41537 1658490436 0 0 26.88 8.22 100.3 67.62 134.9 8.39 15.0 0.0 271.7 3.30 46.02 1.1
41544 1658490437 0 7 $GNGGA,114718.000,4424.59510,N,00854.66242,E,1,13,0.8,8.3,M,44.7,M,,*4D
41545 1658490438 0 7 $GNGGA,114719.000,4424.59519,N,00854.66239,E,1,13,0.8,8.3,M,44.7,M,,*49
41546 1658490438 0 1 2.655
41547 1658490439 0 0 26.87 8.22 100.3 67.56 135.0 8.39 15.0 0.0 271.8 3.29 45.97 1.1
41548 1658490439 0 3 2.740 0.005
41558 1658490442 0 3 2.741 0.005
41559 1658490442 0 4 2.551 1.598
41560 1658490442 0 5 0.34
41565 1658490444 0 7 $GNGGA,114725.000,4424.59555,N,00854.66222,E,1,13,0.8,8.3,M,44.7,M,,*44
41566 1658490444 0 1 3.638
41567 1658490445 0 0 26.81 8.22 100.2 67.60 135.0 8.40 15.0 0.0 274.2 3.31 46.00 1.1
41574 1658490446 0 7 $GNGGA,114727.000,4424.59566,N,00854.66215,E,1,13,0.8,8.3,M,44.7,M,,*42
41575 1658490447 0 7 $GNGGA,114728.000,4424.59572,N,00854.66212,E,1,13,0.8,8.3,M,44.7,M,,*4F
41577 1658490448 0 0 26.79 8.22 100.1 67.63 135.0 8.40 15.0 0.0 273.5 3.30 46.02 1.1
41579 1658490448 0 4 2.551 1.596
41585 1658490450 0 7 $GNGGA,114731.000,4424.59584,N,00854.66203,E,1,13,0.8,8.3,M,44.7,M,,*4E
41586 1658490450 0 1 3.644
41587 1658490451 0 0 26.76 8.22 100.2 67.60 135.0 8.40 15.0 0.0 274.6 3.30 46.00 1.1
41594 1658490452 0 7 $GNGGA,114733.000,4424.59606,N,00854.66204,E,1,13,0.8,8.4,M,44.7,M,,*45
41597 1658490454 0 0 26.70 8.22 100.2 67.56 135.0 8.42 15.1 0.0 276.3 3.30 45.97 1.1
41604 1658490455 0 7 $GNGGA,114736.000,4424.59614,N,00854.66199,E,1,13,0.8,8.3,M,44.7,M,,*43
41605 1658490456 0 7 $GNGGA,114737.000,4424.59624,N,00854.66199,E,1,13,0.8,8.3,M,44.7,M,,*41
41606 1658490456 0 1 4.140
41607 1658490457 0 0 26.63 8.22 100.3 67.64 135.0 8.42 15.1 0.0 276.8 3.31 46.04 1.1
41608 1658490457 0 3 2.740 0.005
41615 1658490459 0 7 $GNGGA,114740.000,4424.59646,N,00854.66199,E,1,13,0.8,8.4,M,44.7,M,,*42
41616 1658490459 0 1 3.967
41620 1658490460 0 5 0.34
41621 1658490460 0 6 0.11
41622 1658490461 0 8 4.997 12.332 11.89
41623 1658490461 0 7 $GNGGA,114741.000,4424.59652,N,00854.66198,E,1,13,0.8,8.4,M,44.7,M,,*47
41625 1658490462 0 7 $GNGGA,114743.000,4424.59657,N,00854.66192,E,1,13,0.8,8.4,M,44.7,M,,*4A
41626 1658490462 0 1 3.627
41627 1658490463 0 0 26.71 8.22 100.3 67.49 135.0 8.42 15.0 0.0 272.3 3.31 45.92 1.1
41634 1658490465 0 7 $GNGGA,114746.000,4424.59665,N,00854.66183,E,1,13,0.8,8.4,M,44.7,M,,*4E
41635 1658490465 0 1 3.379
41637 1658490466 0 3 2.740 0.005
41638 1658490466 0 4 2.551 1.608
41644 1658490468 0 7 $GNGGA,114749.000,4424.59664,N,00854.66181,E,1,13,0.8,8.4,M,44.7,M,,*42
41645 1658490468 0 1 3.085
41646 1658490469 0 0 26.83 8.22 100.3 67.55 135.0 8.40 15.0 0.0 270.0 3.30 45.96 1.1
41653 1658490470 0 7 $GNGGA,114751.000,4424.59666,N,00854.66183,E,1,13,0.8,8.4,M,44.7,M,,*4B
41654 1658490471 0 7 $GNGGA,114752.000,4424.59668,N,00854.66184,E,1,13,0.8,8.5,M,44.7,M,,*40
41655 1658490471 0 1 3.313
41656 1658490472 0 0 26.87 8.22 100.3 67.54 135.0 8.39 15.0 0.0 268.4 3.32 45.95 1.1
41663 1658490473 0 7 $GNGGA,114754.000,4424.59664,N,00854.66183,E,1,13,0.8,8.5,M,44.7,M,,*4D
41664 1658490474 0 7 $GNGGA,114755.000,4424.59684,N,00854.66224,E,1,13,0.8,8.4,M,44.7,M,,*4D
41665 1658490474 0 1 2.773
41666 1658490475 0 0 26.91 8.22 100.2 67.68 135.0 8.38 15.0 0.0 269.6 3.31 46.06 1.1
41667 1658490475 0 3 2.740 0.005
41668 1658490475 0 4 2.551 1.606
41674 1658490477 0 7 $GNGGA,114758.000,4424.59678,N,00854.66231,E,1,13,0.8,8.4,M,44.7,M,,*47
41682 1658490479 0 8 4.997 12.332 11.91
41683 1658490479 0 7 $GNGGA,114759.000,4424.59676,N,00854.66234,E,1,13,0.8,8.4,M,44.7,M,,*4D
41684 1658490480 0 7 $GNGGA,114801.000,4424.59667,N,00854.66317,E,1,13,0.8,8.0,M,44.7,M,,*4B
41685 1658490480 0 1 2.410
41686 1658490481 0 0 26.94 8.22 100.2 67.63 134.9 8.37 15.0 0.0 269.4 3.29 46.02 1.1
41693 1658490483 0 7 $GNGGA,114804.000,4424.59700,N,00854.66417,E,1,13,0.8,7.8,M,44.7,M,,*4E
41696 1658490484 0 3 2.740 0.005
41697 1658490484 0 4 2.551 1.601
41703 1658490486 0 7 $GNGGA,114807.000,4424.59687,N,00854.66425,E,1,13,0.8,7.8,M,44.7,M,,*42
41704 1658490486 0 1 2.506
41705 1658490487 0 0 26.94 8.22 100.1 67.67 134.9 8.37 15.0 0.0 270.4 3.29 46.05 1.1
41710 1658490488 0 8 4.997 12.332 11.91
41711 1658490488 0 7 $GNGGA,114808.000,4424.59685,N,00854.66424,E,1,13,0.8,7.8,M,44.7,M,,*4E
41713 1658490489 0 7 $GNGGA,114810.000,4424.59678,N,00854.66433,E,1,13,0.8,7.9,M,44.7,M,,*42
41714 1658490489 0 1 2.582
41715 1658490489 0 0 26.95 8.22 100.1 67.70 134.9 8.37 15.0 0.0 269.7 3.29 46.07 1.1
41716 1658490490 0 3 2.740 0.005
41723 1658490492 0 7 $GNGGA,114813.000,4424.59668,N,00854.66444,E,1,13,0.8,7.9,M,44.7,M,,*40
41724 1658490492 0 1 2.689
41725 1658490492 0 0 26.96 8.22 100.1 67.60 135.0 8.38 15.0 0.0 269.8 3.28 45.99 1.1
41726 1658490493 0 3 2.740 0.005
41727 1658490493 0 4 2.551 1.606
41733 1658490495 0 7 $GNGGA,114816.000,4424.59661,N,00854.66445,E,1,13,0.8,7.9,M,44.7,M,,*4D
41734 1658490495 0 1 2.302
41740 1658490496 0 8 4.997 12.332 11.91
41741 1658490497 0 7 $GNGGA,114817.000,4424.59660,N,00854.66445,E,1,13,0.8,7.9,M,44.7,M,,*4D
41742 1658490497 0 7 $GNGGA,114818.000,4424.59684,N,00854.66494,E,1,13,0.8,7.8,M,44.7,M,,*45
41743 1658490498 0 7 $GNGGA,114819.000,4424.59711,N,00854.66546,E,1,13,0.8,7.9,M,44.7,M,,*46
41744 1658490498 0 1 2.713
41775 1658490507 0 0 26.94 8.22 100.0 67.65 135.0 8.38 15.1 0.0 272.2 3.27 46.03 1.1
41776 1658490508 0 3 2.740 0.005
41783 1658490510 0 7 $GNGGA,114831.000,4424.59598,N,00854.66699,E,1,13,0.8,8.1,M,44.7,M,,*49
41785 1658490510 0 0 27.03 8.22 100.0 67.56 135.0 8.37 15.0 0.0 268.9 3.27 45.97 1.1
41788 1658490511 0 5 0.34
41789 1658490511 0 6 0.11
41790 1658490511 0 8 4.997 12.332 11.91
41791 1658490512 0 7 $GNGGA,114832.000,4424.59592,N,00854.66702,E,1,13,0.8,8.1,M,44.7,M,,*43
41796 1658490514 0 3 2.740 0.005
41797 1658490514 0 4 2.551 1.573
41802 1658490515 0 7 $GNGGA,114836.000,4424.59538,N,00854.66916,E,1,13,0.8,8.2,M,44.7,M,,*4F
41803 1658490516 0 7 $GNGGA,114837.000,4424.59519,N,00854.66977,E,1,13,0.8,8.3,M,44.7,M,,*4B
41804 1658490516 0 1 2.301
41805 1658490516 0 0 27.05 8.22 100.1 67.65 134.9 8.36 15.1 0.0 269.9 3.23 46.03 1.1
41806 1658490517 0 3 2.740 0.005
41807 1658490517 0 4 2.551 1.573
41813 1658490519 0 7 $GNGGA,114840.000,4424.59506,N,00854.67000,E,1,13,0.8,8.4,M,44.7,M,,*4A
41814 1658490519 0 1 2.320
41815 1658490519 0 0 27.08 8.22 100.2 67.59 135.0 8.36 15.1 0.0 268.8 3.20 45.99 1.1
41822 1658490522 0 7 $GNGGA,114843.000,4424.59484,N,00854.67212,E,1,13,0.8,8.7,M,44.7,M,,*40
41823 1658490522 0 1 2.254
41824 1658490522 0 0 27.10 8.22 100.2 67.72 134.9 8.35 15.1 0.0 269.3 3.18 46.09 1.1
41830 1658490524 0 7 $GNGGA,114844.000,4424.59466,N,00854.67297,E,1,13,0.8,8.7,M,44.7,M,,*46
41831 1658490525 0 7 $GNGGA,114846.000,4424.59403,N,00854.67441,E,1,13,0.8,8.9,M,44.7,M,,*44
41832 1658490525 0 1 2.749
41834 1658490526 0 3 2.740 0.005
41840 1658490528 0 7 $GNGGA,114849.000,4424.59290,N,00854.67653,E,1,13,0.8,9.1,M,44.7,M,,*4F
41841 1658490528 0 1 2.189
41842 1658490528 0 0 26.95 8.22 100.1 67.73 135.0 8.37 15.2 0.0 274.0 3.12 46.10 1.1
41846 1658490529 0 6 0.11
41847 1658490529 0 8 4.997 12.332 11.89
41848 1658490530 0 7 $GNGGA,114850.000,4424.59251,N,00854.67729,E,1,13,0.8,9.0,M,44.7,M,,*47
41852 1658490531 0 0 26.96 8.22 100.3 67.67 135.0 8.38 15.2 0.0 272.7 3.09 46.05 1.1
41853 1658490532 0 3 2.740 0.005
41859 1658490534 0 7 $GNGGA,114855.000,4424.59063,N,00854.68057,E,1,13,0.8,9.3,M,44.7,M,,*43
41860 1658490534 0 1 2.099
41863 1658490535 0 4 2.551 1.573
41864 1658490535 0 5 0.34
41869 1658490537 0 7 $GNGGA,114858.000,4424.58981,N,00854.68256,E,1,13,0.8,9.9,M,44.7,M,,*43
41870 1658490537 0 1 2.013
41871 1658490537 0 0 26.96 8.22 100.3 67.79 135.1 8.37 15.2 0.0 275.3 3.00 46.14 1.1
41878 1658490540 0 7 $GNGGA,114901.000,4424.58920,N,00854.68362,E,1,13,0.8,11.9,M,44.7,M,,*7A
41879 1658490540 0 1 1.840
41880 1658490540 0 0 26.87 8.22 100.4 67.64 135.0 8.39 15.2 0.0 275.1 2.94 46.03 1.1
41887 1658490542 0 7 $GNGGA,114903.000,4424.58821,N,00854.68416,E,1,13,0.8,12.6,M,44.7,M,,*70
41888 1658490543 0 7 $GNGGA,114904.000,4424.58768,N,00854.68433,E,1,13,0.8,13.1,M,44.7,M,,*74
41892 1658490544 0 4 2.551 1.573
41897 1658490546 0 7 $GNGGA,114907.000,4424.58720,N,00854.68680,E,1,13,0.8,13.8,M,44.7,M,,*78
41898 1658490546 0 1 2.011
41899 1658490546 0 0 26.88 8.22 100.5 67.58 135.1 8.40 15.0 0.0 273.7 2.84 45.99 1.1
41905 1658490548 0 7 $GNGGA,114908.000,4424.58692,N,00854.68760,E,1,13,0.8,13.3,M,44.7,M,,*7B
41906 1658490548 0 7 $GNGGA,114909.000,4424.58667,N,00854.68835,E,1,13,0.8,13.4,M,44.7,M,,*78
41907 1658490549 0 7 $GNGGA,114910.000,4424.58637,N,00854.68914,E,1,13,0.8,13.8,M,44.7,M,,*7B
41908 1658490549 0 1 1.973
41909 1658490549 0 0 26.88 8.22 100.6 67.73 135.1 8.39 15.0 0.0 273.9 2.81 46.10 1.1
41910 1658490550 0 3 2.738 0.005
41916 1658490552 0 7 $GNGGA,114913.000,4424.58596,N,00854.69127,E,1,13,0.8,14.9,M,44.7,M,,*7F
41917 1658490552 0 1 2.548
41918 1658490552 0 0 26.86 8.22 100.6 67.72 135.1 8.40 15.1 0.0 274.4 2.78 46.09 1.1
41920 1658490553 0 4 2.551 1.581
41921 1658490553 0 5 0.34
41922 1658490553 0 6 0.12
41923 1658490553 0 8 4.997 12.323 11.91
41929 1658490556 0 3 2.739 0.005
41930 1658490556 0 4 2.551 1.578
41932 1658490557 0 6 0.12
41933 1658490557 0 8 4.997 12.144 11.89
41934 1658490557 0 7 $GNGGA,114917.000,4424.58511,N,00854.69404,E,1,13,0.8,15.7,M,44.7,M,,*7F
41935 1658490558 0 7 $GNGGA,114919.000,4424.58488,N,00854.69574,E,1,13,0.8,15.9,M,44.7,M,,*78
41936 1658490558 0 1 2.086
41937 1658490558 0 0 26.83 8.22 100.7 67.67 135.2 8.40 15.1 0.0 274.2 2.71 46.06 1.1
41938 1658490559 0 3 2.738 0.005
41945 1658490561 0 7 $GNGGA,114922.000,4424.58400,N,00854.69767,E,1,13,0.8,15.6,M,44.7,M,,*7F
41946 1658490561 0 1 2.001
41947 1658490561 0 0 26.81 8.22 100.7 67.58 135.2 8.41 15.1 0.0 275.3 2.67 45.98 1.1
41954 1658490564 0 7 $GNGGA,114925.000,4424.58342,N,00854.69976,E,1,13,0.8,16.1,M,44.7,M,,*73
41955 1658490564 0 1 1.988
41956 1658490564 0 0 26.78 8.22 100.7 67.63 135.1 8.41 15.2 0.0 275.1 2.66 46.03 1.1
41962 1658490566 0 7 $GNGGA,114926.000,4424.58332,N,00854.70039,E,1,13,0.8,16.3,M,44.7,M,,*7F
41963 1658490566 0 7 $GNGGA,114927.000,4424.58312,N,00854.70111,E,1,13,0.8,16.2,M,44.7,M,,*76
41966 1658490567 0 0 26.79 8.22 100.7 67.67 135.2 8.41 15.1 0.0 273.3 2.62 46.06 1.1
41967 1658490568 0 3 2.737 0.005
41973 1658490570 0 7 $GNGGA,114931.000,4424.58262,N,00854.70453,E,1,13,0.8,15.8,M,44.7,M,,*7D
41974 1658490570 0 1 2.015
41975 1658490570 0 0 26.79 8.22 100.8 67.61 135.2 8.41 15.1 0.0 274.3 2.59 46.01 1.1
41977 1658490571 0 4 2.551 1.576
41978 1658490571 0 5 0.36
41979 1658490571 0 6 0.12
41986 1658490574 0 3 2.737 0.005
41989 1658490575 0 6 0.12
41990 1658490575 0 8 4.997 12.323 11.89
41991 1658490575 0 7 $GNGGA,114935.000,4424.58232,N,00854.70791,E,1,13,0.8,15.5,M,44.7,M,,*7C
41992 1658490576 0 7 $GNGGA,114937.000,4424.58232,N,00854.70986,E,1,13,0.8,15.3,M,44.7,M,,*70
41993 1658490576 0 1 2.059
41994 1658490576 0 0 26.70 8.22 100.7 67.68 135.1 8.41 15.3 0.0 275.8 2.55 46.06 1.1
41995 1658490577 0 3 2.736 0.005
41997 1658490577 0 5 0.35
42000 1658490578 0 7 $GNGGA,114938.000,4424.58213,N,00854.71066,E,1,13,0.8,15.3,M,44.7,M,,*7A
42001 1658490579 0 7 $GNGGA,114940.000,4424.58163,N,00854.71208,E,1,13,0.8,15.5,M,44.7,M,,*7D
42002 1658490579 0 1 2.574
42003 1658490579 0 0 26.72 8.22 100.7 67.67 135.1 8.41 15.3 0.0 273.8 2.53 46.06 1.1
42005 1658490580 0 4 2.551 1.578
42006 1658490580 0 5 0.35
42007 1658490580 0 6 0.13
42008 1658490580 0 8 4.997 12.332 11.89
42010 1658490582 0 7 $GNGGA,114943.000,4424.58086,N,00854.71407,E,1,13,0.8,16.2,M,44.7,M,,*79
42011 1658490582 0 1 2.008
42012 1658490582 0 0 26.70 8.22 100.7 67.62 135.0 8.41 15.3 0.0 274.9 2.51 46.02 1.1
42013 1658490583 0 3 2.737 0.005
42019 1658490585 0 7 $GNGGA,114946.000,4424.58035,N,00854.71648,E,1,13,0.8,16.4,M,44.7,M,,*7B
42020 1658490585 0 1 2.009
42021 1658490585 0 0 26.71 8.22 100.7 67.63 135.0 8.41 15.2 0.0 274.0 2.55 46.03 1.1
42022 1658490586 0 3 2.735 0.005
42028 1658490588 0 7 $GNGGA,114949.000,4424.58023,N,00854.71914,E,1,13,0.8,17.0,M,44.7,M,,*70
42029 1658490588 0 1 2.013
42030 1658490588 0 0 26.75 8.22 100.6 67.59 134.9 8.40 15.2 0.0 272.6 2.52 46.00 1.1
42034 1658490589 0 6 0.12
42035 1658490589 0 8 4.997 12.323 11.91
42039 1658490591 0 0 26.86 8.22 100.6 67.63 134.9 8.39 15.1 0.0 269.2 2.48 46.02 1.1
42047 1658490594 0 7 $GNGGA,114955.000,4424.58008,N,00854.72565,E,1,13,0.8,16.4,M,44.7,M,,*78
42048 1658490594 0 1 1.900
42050 1658490595 0 3 2.735 0.005
42051 1658490595 0 4 2.551 1.581
42052 1658490595 0 5 0.34
42057 1658490597 0 7 $GNGGA,114958.000,4424.58030,N,00854.72897,E,1,13,0.8,16.8,M,44.7,M,,*72
42058 1658490597 0 2 0.06160000 6.63170003 1.81890001 0.05100000 2.78889989 0.00420000 0.08740000 0.27289998 1.00000000 81.77300262
42065 1658490599 0 8 4.997 12.332 11.89
42066 1658490599 0 7 $GNGGA,114959.000,4424.58042,N,00854.73017,E,1,13,0.8,16.8,M,44.7,M,,*77
42067 1658490600 0 7 $GNGGA,115001.000,4424.58044,N,00854.73233,E,1,13,0.8,16.9,M,44.7,M,,*71
42068 1658490600 0 1 2.347
42069 1658490600 0 0 27.09 8.22 100.5 67.58 134.9 8.36 15.1 0.0 267.6 2.45 45.98 1.1
42070 1658490601 0 3 2.735 0.005
42079 1658490604 0 3 2.735 0.005
42080 1658490604 0 4 2.551 1.576
42081 1658490604 0 5 0.34
42085 1658490606 0 7 $GNGGA,115007.000,4424.58164,N,00854.73816,E,1,13,0.8,17.9,M,44.7,M,,*78
42086 1658490606 0 1 2.511
42087 1658490606 0 0 27.13 8.22 100.5 67.62 135.0 8.36 15.2 0.0 269.2 2.40 46.01 1.1
42093 1658490608 0 7 $GNGGA,115008.000,4424.58165,N,00854.73873,E,1,13,0.8,18.3,M,44.7,M,,*70
42094 1658490609 0 7 $GNGGA,115010.000,4424.58184,N,00854.73958,E,1,13,0.8,19.5,M,44.7,M,,*79
42095 1658490609 0 1 1.890
42096 1658490609 0 0 27.08 8.22 100.6 67.64 135.0 8.36 15.2 0.0 272.7 2.37 46.03 1.1
42097 1658490610 0 3 2.735 0.005
42103 1658490612 0 7 $GNGGA,115013.000,4424.58245,N,00854.74333,E,1,13,0.8,19.7,M,44.7,M,,*76
42104 1658490612 0 1 1.803
42107 1658490613 0 4 2.551 1.576
42108 1658490613 0 5 0.34
42109 1658490613 0 6 0.12
42110 1658490613 0 8 4.997 12.332 11.89
42114 1658490615 0 1 1.959
42115 1658490615 0 0 27.01 8.22 100.6 67.65 135.0 8.37 15.3 0.0 275.8 2.29 46.03 1.1
42116 1658490616 0 3 2.733 0.005
42122 1658490618 0 7 $GNGGA,115019.000,4424.58237,N,00854.74927,E,1,13,0.8,20.6,M,44.7,M,,*7D
42125 1658490619 0 3 2.733 0.005
42132 1658490621 0 1 1.693
42134 1658490622 0 3 2.733 0.005
42135 1658490622 0 4 2.551 1.578
42136 1658490622 0 5 0.34
42137 1658490622 0 6 0.12
42138 1658490622 0 8 4.997 12.332 11.91
42141 1658490624 0 7 $GNGGA,115025.000,4424.58169,N,00854.75544,E,1,13,0.8,20.7,M,44.7,M,,*73
42142 1658490624 0 1 1.755
42143 1658490624 0 0 27.06 8.22 100.6 67.79 134.9 8.36 15.3 0.0 272.8 2.28 46.14 1.1
42150 1658490627 0 7 $GNGGA,115028.000,4424.58138,N,00854.75909,E,1,13,0.8,20.2,M,44.7,M,,*7A
42151 1658490627 0 1 1.875
42153 1658490628 0 3 2.733 0.005
42159 1658490630 0 7 $GNGGA,115031.000,4424.58107,N,00854.76261,E,1,13,0.8,20.1,M,44.7,M,,*7B
42160 1658490630 0 1 1.781
42161 1658490630 0 0 26.97 8.22 100.8 67.70 134.8 8.36 15.3 0.0 275.0 2.33 46.08 1.1
42163 1658490631 0 4 2.551 1.578
42164 1658490631 0 5 0.39
42165 1658490632 0 6 0.12
42166 1658490632 0 8 4.997 12.323 11.91
42170 1658490633 0 0 26.98 8.22 100.8 67.62 134.8 8.36 15.3 0.0 274.0 2.32 46.01 1.1
42177 1658490636 0 7 $GNGGA,115037.000,4424.57994,N,00854.76929,E,1,13,0.8,19.7,M,44.7,M,,*7B
42178 1658490636 0 1 1.706
42180 1658490637 0 3 2.733 0.005
42181 1658490637 0 4 2.551 1.578
42186 1658490639 0 7 $GNGGA,115040.000,4424.57920,N,00854.77242,E,1,13,0.8,19.3,M,44.7,M,,*77
42187 1658490639 0 1 1.652
42188 1658490640 0 0 27.00 8.22 100.8 67.60 134.6 8.35 15.3 0.0 274.5 2.35 45.99 1.1
42193 1658490640 0 8 4.997 12.332 11.91
42194 1658490641 0 7 $GNGGA,115041.000,4424.57897,N,00854.77334,E,1,13,0.8,19.4,M,44.7,M,,*7C
42195 1658490642 0 7 $GNGGA,115043.000,4424.57853,N,00854.77574,E,1,13,0.8,19.1,M,44.7,M,,*71
42196 1658490642 0 1 1.648
42197 1658490643 0 0 27.00 8.22 100.9 67.72 134.6 8.34 15.3 0.0 275.5 2.38 46.09 1.1
42198 1658490643 0 3 2.733 0.005
42199 1658490643 0 4 2.551 1.581
42204 1658490645 0 7 $GNGGA,115046.000,4424.57788,N,00854.77954,E,1,13,0.8,18.4,M,44.7,M,,*77
42205 1658490645 0 1 1.603
42207 1658490646 0 3 2.734 0.005
42208 1658490646 0 4 2.551 1.578
42209 1658490646 0 5 0.35
42214 1658490648 0 7 $GNGGA,115049.000,4424.57759,N,00854.78356,E,1,13,0.8,16.6,M,44.7,M,,*7F
42215 1658490648 0 1 1.513
42216 1658490648 0 0 27.06 8.22 101.0 67.63 134.5 8.33 15.3 0.0 273.3 2.37 46.01 1.1
42223 1658490651 0 7 $GNGGA,115052.000,4424.57734,N,00854.78750,E,1,13,0.8,15.2,M,44.7,M,,*7B
42226 1658490652 0 3 2.734 0.005
42232 1658490654 0 7 $GNGGA,115055.000,4424.57776,N,00854.79162,E,1,13,0.8,15.2,M,44.7,M,,*7C
42233 1658490654 0 1 1.852
42234 1658490655 0 0 27.06 8.22 101.0 67.58 134.4 8.33 15.3 0.0 274.5 2.39 45.98 1.1
42237 1658490655 0 5 0.35
42238 1658490655 0 6 0.12
42239 1658490655 0 8 4.997 12.323 11.89
42242 1658490657 0 1 1.726
42243 1658490658 0 0 27.04 8.22 101.0 67.63 134.4 8.33 15.3 0.0 275.1 2.36 46.02 1.1
42250 1658490660 0 7 $GNGGA,115101.000,4424.57781,N,00854.80047,E,1,13,0.8,14.9,M,44.7,M,,*7E
42251 1658490660 0 1 2.372
42252 1658490661 0 0 27.03 8.22 101.0 67.63 134.3 8.33 15.3 0.0 275.9 2.35 46.02 1.1
42259 1658490663 0 7 $GNGGA,115104.000,4424.57842,N,00854.80514,E,1,13,0.8,13.9,M,44.7,M,,*7F
42260 1658490663 0 1 1.689
42261 1658490664 0 0 27.02 8.22 101.1 67.59 134.3 8.33 15.3 0.0 276.8 2.33 45.98 1.1
42263 1658490664 0 4 2.552 1.578
42264 1658490664 0 5 0.35
42265 1658490665 0 6 0.12
42268 1658490666 0 7 $GNGGA,115107.000,4424.57888,N,00854.80890,E,1,13,0.8,13.3,M,44.7,M,,*71
42269 1658490666 0 1 1.851
42270 1658490667 0 0 27.03 8.22 101.1 67.61 134.3 8.33 15.3 0.0 275.8 2.33 46.00 1.1
42277 1658490669 0 7 $GNGGA,115110.000,4424.57935,N,00854.81272,E,1,13,0.8,12.4,M,44.7,M,,*71
42278 1658490669 0 1 1.742
42279 1658490670 0 0 27.04 8.22 101.1 67.63 134.4 8.33 15.3 0.0 275.3 2.32 46.02 1.1
42280 1658490670 0 3 2.733 0.005
42281 1658490670 0 4 2.551 1.581
42286 1658490672 0 7 $GNGGA,115113.000,4424.57965,N,00854.81653,E,1,13,0.8,11.9,M,44.7,M,,*7E
42287 1658490672 0 1 1.816
42288 1658490673 0 0 27.03 8.22 101.1 67.63 134.4 8.33 15.3 0.0 275.8 2.28 46.02 1.1
42291 1658490673 0 5 0.34
42292 1658490673 0 6 0.12
42293 1658490674 0 8 4.997 12.323 11.91
42294 1658490674 0 7 $GNGGA,115114.000,4424.57981,N,00854.81797,E,1,13,0.8,11.9,M,44.7,M,,*7A
42296 1658490675 0 1 1.737
42297 1658490676 0 0 27.03 8.22 101.1 67.58 134.3 8.33 15.3 0.0 275.8 2.33 45.98 1.1
42304 1658490678 0 7 $GNGGA,115119.000,4424.58037,N,00854.82388,E,1,13,0.8,12.0,M,44.7,M,,*7F
42313 1658490681 0 7 $GNGGA,115122.000,4424.58098,N,00854.82699,E,1,13,0.8,11.4,M,44.7,M,,*70
42314 1658490681 0 1 2.164
42315 1658490682 0 0 27.06 8.22 101.2 67.62 134.3 8.32 15.3 0.0 275.3 2.30 46.01 1.1
42316 1658490682 0 3 2.733 0.005
42318 1658490682 0 5 0.34
42319 1658490682 0 6 0.12
42320 1658490682 0 8 4.997 12.313 11.91
42321 1658490683 0 7 $GNGGA,115123.000,4424.58109,N,00854.82818,E,1,13,0.8,11.2,M,44.7,M,,*79
42322 1658490684 0 7 $GNGGA,115125.000,4424.58151,N,00854.83039,E,1,13,0.8,10.4,M,44.7,M,,*7F
42323 1658490684 0 1 1.974
42324 1658490685 0 0 27.06 8.22 101.2 67.78 134.2 8.31 15.3 0.0 278.7 2.26 46.14 1.1
42331 1658490687 0 7 $GNGGA,115128.000,4424.58234,N,00854.83365,E,1,13,0.8,9.4,M,44.7,M,,*40
42332 1658490687 0 1 2.636
42334 1658490688 0 3 2.732 0.005
42340 1658490690 0 7 $GNGGA,115131.000,4424.58327,N,00854.83698,E,1,13,0.8,8.4,M,44.7,M,,*4D
42341 1658490690 0 1 1.864
42342 1658490691 0 0 27.08 8.22 101.1 67.69 134.2 8.31 15.3 0.0 275.4 2.30 46.06 1.1
42346 1658490692 0 6 0.12
42347 1658490692 0 8 4.997 12.323 11.89
42349 1658490693 0 7 $GNGGA,115134.000,4424.58391,N,00854.84046,E,1,13,0.8,10.1,M,44.7,M,,*7B
42351 1658490694 0 0 26.99 8.22 101.3 67.67 134.1 8.32 15.3 0.0 279.5 2.32 46.05 1.1
42352 1658490694 0 3 2.733 0.005
42358 1658490696 0 7 $GNGGA,115137.000,4424.58403,N,00854.84385,E,1,13,0.8,11.4,M,44.7,M,,*7C
42359 1658490696 0 1 1.736
42360 1658490697 0 0 27.00 8.22 101.2 67.67 134.1 8.31 15.3 0.0 278.9 2.34 46.05 1.1
42362 1658490697 0 4 2.551 1.576
42363 1658490697 0 5 0.34
42367 1658490699 0 7 $GNGGA,115140.000,4424.58437,N,00854.84730,E,1,13,0.8,12.6,M,44.7,M,,*70
42368 1658490699 0 1 1.775
42369 1658490700 0 0 26.98 8.22 101.1 67.71 134.1 8.32 15.3 0.0 278.6 2.31 46.08 1.1
42376 1658490702 0 7 $GNGGA,115143.000,4424.58468,N,00854.85070,E,1,13,0.8,13.1,M,44.7,M,,*7D
42377 1658490702 0 1 1.648
42378 1658490703 0 0 26.98 8.22 101.3 67.68 134.0 8.31 15.3 0.0 278.8 2.33 46.06 1.1
42379 1658490703 0 3 2.733 0.005
42385 1658490705 0 7 $GNGGA,115146.000,4424.58533,N,00854.85398,E,1,13,0.8,13.2,M,44.7,M,,*71
42386 1658490705 0 1 1.685
42387 1658490706 0 0 26.99 8.22 101.3 67.72 134.0 8.31 15.3 0.0 277.5 2.34 46.09 1.1
42390 1658490706 0 5 0.34
42391 1658490706 0 6 0.12
42392 1658490706 0 8 4.997 12.332 11.91
42393 1658490707 0 7 $GNGGA,115147.000,4424.58555,N,00854.85499,E,1,13,0.8,13.1,M,44.7,M,,*75
42394 1658490708 0 7 $GNGGA,115149.000,4424.58586,N,00854.85704,E,1,13,0.8,13.3,M,44.7,M,,*70
42395 1658490708 0 1 1.813
42396 1658490709 0 0 27.05 8.22 101.2 67.66 134.0 8.30 15.3 0.0 276.6 2.35 46.04 1.1
42403 1658490711 0 7 $GNGGA,115152.000,4424.58630,N,00854.86000,E,1,13,0.8,12.3,M,44.7,M,,*75
42405 1658490712 0 0 26.91 8.22 101.2 67.72 134.0 8.32 15.4 0.0 281.1 2.34 46.09 1.1
42406 1658490712 0 3 2.733 0.005
42407 1658490712 0 4 2.552 1.568
42412 1658490714 0 7 $GNGGA,115155.000,4424.58701,N,00854.86338,E,1,13,0.8,12.9,M,44.7,M,,*73
42413 1658490714 0 1 2.302
42414 1658490715 0 0 26.94 8.22 101.3 67.59 134.0 8.32 15.3 0.0 280.6 2.35 45.99 1.1
42417 1658490715 0 5 0.34
42418 1658490715 0 6 0.12
42419 1658490715 0 8 4.997 12.332 11.91
42422 1658490717 0 2 0.06570000 6.24420022 1.73179998 0.04800000 2.73160004 0.00440000 0.08270000 0.29120001 1.00000000 82.66699981
42423 1658490717 0 1 1.543
42431 1658490720 0 7 $GNGGA,115201.000,4424.58826,N,00854.86914,E,1,13,0.8,13.5,M,44.7,M,,*72
42432 1658490720 0 1 1.645
42433 1658490721 0 0 26.97 8.22 101.3 67.78 134.0 8.31 15.4 0.0 279.6 2.35 46.14 1.1
42434 1658490721 0 3 2.734 0.005
42435 1658490721 0 4 2.552 1.586
42440 1658490723 0 7 $GNGGA,115204.000,4424.58821,N,00854.87172,E,1,13,0.8,12.5,M,44.7,M,,*78
42441 1658490723 0 1 1.621
42442 1658490724 0 0 26.94 8.22 101.3 67.71 134.1 8.32 15.3 0.0 280.3 2.38 46.08 1.1
42445 1658490724 0 5 0.34
42446 1658490725 0 6 0.12
42447 1658490725 0 8 4.997 12.332 11.89
42449 1658490726 0 7 $GNGGA,115207.000,4424.58911,N,00854.87505,E,1,13,0.8,12.8,M,44.7,M,,*70
42450 1658490726 0 1 1.665
42451 1658490727 0 0 26.97 8.22 101.3 67.65 134.1 8.32 15.3 0.0 278.8 2.44 46.04 1.1
42458 1658490729 0 7 $GNGGA,115210.000,4424.58992,N,00854.87759,E,1,13,0.8,13.0,M,44.7,M,,*7F
42459 1658490729 0 1 1.555
42460 1658490730 0 0 26.97 8.22 101.3 67.71 134.1 8.32 15.2 0.0 278.2 2.53 46.08 1.1
42462 1658490730 0 4 2.552 1.588
42463 1658490730 0 5 0.34
42467 1658490732 0 7 $GNGGA,115213.000,4424.59048,N,00854.88021,E,1,13,0.8,12.3,M,44.7,M,,*76
42468 1658490732 0 1 1.653
42469 1658490733 0 0 27.01 8.22 101.4 67.74 134.2 8.32 15.2 0.0 279.3 2.60 46.11 1.1
42475 1658490734 0 7 $GNGGA,115214.000,4424.59077,N,00854.88116,E,1,13,0.8,12.5,M,44.7,M,,*7E
42476 1658490735 0 7 $GNGGA,115216.000,4424.59181,N,00854.88304,E,1,13,0.8,12.3,M,44.7,M,,*73
42477 1658490735 0 1 1.785
42478 1658490736 0 0 26.94 8.22 101.4 67.67 134.2 8.33 15.1 0.0 280.4 2.64 46.06 1.1
42479 1658490736 0 3 2.736 0.005
42485 1658490738 0 7 $GNGGA,115219.000,4424.59259,N,00854.88531,E,1,13,0.8,12.5,M,44.7,M,,*7C
42486 1658490738 0 1 1.677
42487 1658490739 0 0 26.94 8.22 101.4 67.82 134.2 8.32 15.1 0.0 272.8 2.72 46.17 1.1
42490 1658490739 0 5 0.36
42491 1658490739 0 6 0.10
42492 1658490740 0 8 4.997 12.332 11.91
42493 1658490740 0 7 $GNGGA,115220.000,4424.59271,N,00854.88617,E,1,13,0.8,12.2,M,44.7,M,,*7C
42495 1658490741 0 1 2.388
42496 1658490742 0 0 26.94 8.22 101.4 67.67 134.2 8.33 15.1 0.0 273.8 2.78 46.05 1.1
42497 1658490742 0 3 2.736 0.005
42503 1658490744 0 7 $GNGGA,115225.000,4424.59456,N,00854.88889,E,1,13,0.8,11.3,M,44.7,M,,*71
42506 1658490745 0 3 2.737 0.005
42507 1658490745 0 4 2.553 1.583
42512 1658490747 0 7 $GNGGA,115228.000,4424.59615,N,00854.89021,E,1,13,0.8,10.9,M,44.7,M,,*79
42513 1658490747 0 1 1.556
42514 1658490748 0 0 26.98 8.22 101.5 67.66 134.2 8.32 15.0 0.0 272.1 2.76 46.05 1.1
42521 1658490750 0 7 $GNGGA,115231.000,4424.59783,N,00854.89125,E,1,13,0.8,10.5,M,44.7,M,,*76
42522 1658490750 0 1 1.504
42523 1658490751 0 0 26.98 8.22 101.5 67.67 134.2 8.32 15.0 0.0 272.3 2.76 46.05 1.1
42528 1658490752 0 8 4.997 12.323 11.89
42530 1658490753 0 7 $GNGGA,115234.000,4424.59929,N,00854.89224,E,1,13,0.8,10.4,M,44.7,M,,*7E
42533 1658490754 0 3 2.737 0.005
42539 1658490756 0 7 $GNGGA,115237.000,4424.60086,N,00854.89287,E,1,13,0.8,10.1,M,44.7,M,,*77
42540 1658490756 0 1 1.382
42541 1658490757 0 0 27.05 8.22 101.4 67.67 134.1 8.31 15.1 0.0 271.1 2.73 46.05 1.1
42544 1658490757 0 5 0.35
42545 1658490758 0 6 0.12
42548 1658490759 0 7 $GNGGA,115240.000,4424.60243,N,00854.89379,E,1,13,0.8,9.8,M,44.7,M,,*4D
42549 1658490759 0 1 1.380
42550 1658490760 0 0 27.06 8.22 101.4 67.66 134.1 8.31 15.1 0.0 271.4 2.71 46.04 1.1
42557 1658490762 0 7 $GNGGA,115243.000,4424.60416,N,00854.89452,E,1,13,0.8,9.4,M,44.7,M,,*4A
42558 1658490762 0 1 1.575
42559 1658490763 0 0 27.09 8.22 101.4 67.68 134.1 8.31 15.1 0.0 269.9 2.75 46.05 1.1
42560 1658490763 0 3 2.737 0.005
42566 1658490765 0 7 $GNGGA,115246.000,4424.60571,N,00854.89594,E,1,13,0.8,9.2,M,44.7,M,,*42
42567 1658490765 0 1 1.455
42568 1658490766 0 0 27.07 8.22 101.5 67.68 134.1 8.31 15.1 0.0 272.2 2.77 46.05 1.1
42573 1658490767 0 8 4.997 12.332 11.89
42574 1658490767 0 7 $GNGGA,115247.000,4424.60616,N,00854.89641,E,1,13,0.8,9.1,M,44.7,M,,*49
42575 1658490768 0 7 $GNGGA,115249.000,4424.60714,N,00854.89714,E,1,13,0.8,9.1,M,44.7,M,,*45
42576 1658490768 0 1 2.415
42577 1658490769 0 0 27.01 8.22 101.5 67.66 134.1 8.32 15.1 0.0 274.1 2.80 46.04 1.1
42578 1658490769 0 3 2.737 0.005
42584 1658490771 0 7 $GNGGA,115252.000,4424.60887,N,00854.89774,E,1,13,0.8,9.2,M,44.7,M,,*4F
42585 1658490771 0 1 1.412
42586 1658490772 0 0 27.06 8.22 101.6 67.63 134.2 8.31 14.9 0.0 270.4 2.83 46.02 1.1
42588 1658490772 0 4 2.554 1.561
42589 1658490772 0 5 0.34
42593 1658490774 0 7 $GNGGA,115255.000,4424.61010,N,00854.89898,E,1,13,0.8,8.9,M,44.7,M,,*48
42594 1658490774 0 1 1.683
42595 1658490775 0 0 27.04 8.22 101.6 67.70 134.1 8.31 14.8 0.0 271.8 2.85 46.07 1.1
42601 1658490776 0 7 $GNGGA,115256.000,4424.61053,N,00854.89943,E,1,13,0.8,9.0,M,44.7,M,,*43
42602 1658490777 0 7 $GNGGA,115258.000,4424.61163,N,00854.89991,E,1,13,0.8,8.9,M,44.7,M,,*48
42604 1658490778 0 3 2.737 0.005
42611 1658490780 0 1 1.550
42614 1658490781 0 5 0.34
42615 1658490781 0 6 0.11
42617 1658490782 0 0 27.07 8.22 101.7 67.70 134.1 8.31 14.8 0.0 271.4 2.86 46.07 1.1
42621 1658490784 0 3 2.737 0.005
42627 1658490785 0 7 $GNGGA,115305.000,4424.61557,N,00854.90011,E,1,13,0.8,9.0,M,44.7,M,,*43
42628 1658490786 0 7 $GNGGA,115307.000,4424.61658,N,00854.90013,E,1,13,0.8,8.7,M,44.7,M,,*49
42630 1658490787 0 3 2.737 0.005
42637 1658490789 0 7 $GNGGA,115310.000,4424.61824,N,00854.89965,E,1,13,0.8,8.1,M,44.7,M,,*4C
42638 1658490789 0 1 1.537
42646 1658490791 0 7 $GNGGA,115313.000,4424.61992,N,00854.89939,E,1,13,0.8,7.4,M,44.7,M,,*40
42647 1658490792 0 1 1.750
42653 1658490793 0 0 27.10 8.22 101.7 67.76 134.1 8.30 14.8 0.0 272.0 2.81 46.12 1.1
42654 1658490794 0 7 $GNGGA,115314.000,4424.62042,N,00854.89930,E,1,13,0.8,7.0,M,44.7,M,,*4D
42655 1658490794 0 7 $GNGGA,115316.000,4424.62150,N,00854.89899,E,1,13,0.8,7.1,M,44.7,M,,*4E
42656 1658490795 0 1 1.695
42657 1658490796 0 3 2.738 0.005
42664 1658490797 0 7 $GNGGA,115319.000,4424.62320,N,00854.89811,E,1,13,0.8,7.1,M,44.7,M,,*44
42665 1658490798 0 1 1.652
42666 1658490799 0 3 2.737 0.005
42668 1658490799 0 5 0.34
42669 1658490799 0 6 0.12
42670 1658490799 0 8 4.997 12.323 11.91
42673 1658490801 0 1 1.529
42674 1658490802 0 3 2.738 0.005
42681 1658490804 0 7 $GNGGA,115325.000,4424.62636,N,00854.89686,E,1,13,0.8,5.5,M,44.7,M,,*4F
42682 1658490804 0 1 1.713
42683 1658490805 0 3 2.738 0.005
42684 1658490805 0 4 2.554 1.561
42690 1658490806 0 7 $GNGGA,115328.000,4424.62791,N,00854.89628,E,1,13,0.8,5.2,M,44.7,M,,*4D
42691 1658490807 0 1 1.723
42692 1658490808 0 3 2.738 0.005
42696 1658490808 0 8 4.997 12.304 11.89
42697 1658490808 0 0 27.20 8.22 101.8 67.72 134.1 8.29 15.1 0.0 269.9 2.72 46.08 1.1
42698 1658490809 0 7 $GNGGA,115329.000,4424.62835,N,00854.89596,E,1,13,0.8,5.1,M,44.7,M,,*48
42699 1658490809 0 7 $GNGGA,115331.000,4424.62935,N,00854.89526,E,1,13,0.8,4.5,M,44.7,M,,*4E
42700 1658490810 0 1 1.610
42708 1658490812 0 7 $GNGGA,115334.000,4424.63062,N,00854.89452,E,1,13,0.8,3.6,M,44.7,M,,*47
42710 1658490814 0 3 2.737 0.005
42711 1658490814 0 4 2.554 1.551
42717 1658490816 0 1 1.800
42720 1658490817 0 5 0.35
42721 1658490817 0 6 0.12
42722 1658490817 0 8 4.997 12.313 11.89
42723 1658490817 0 0 27.16 8.22 101.9 67.68 134.1 8.29 15.1 0.0 272.9 2.66 46.05 1.1
42725 1658490818 0 7 $GNGGA,115340.000,4424.63323,N,00854.89228,E,1,13,0.8,2.9,M,44.7,M,,*47
42726 1658490819 0 1 1.926
42727 1658490820 0 3 2.737 0.005
42734 1658490822 0 1 2.117
42741 1658490824 0 7 $GNGGA,115344.000,4424.63514,N,00854.88969,E,1,13,0.8,2.8,M,44.7,M,,*4F
42742 1658490824 0 7 $GNGGA,115346.000,4424.63614,N,00854.88833,E,1,13,0.8,2.4,M,44.7,M,,*4C
42743 1658490825 0 1 2.019
42747 1658490826 0 6 0.12
42748 1658490826 0 8 4.997 12.323 11.89
42750 1658490827 0 7 $GNGGA,115347.000,4424.63655,N,00854.88762,E,1,13,0.8,2.1,M,44.7,M,,*46
42751 1658490827 0 7 $GNGGA,115349.000,4424.63729,N,00854.88626,E,1,13,0.8,1.9,M,44.7,M,,*48
42752 1658490828 0 1 1.840
42758 1658490829 0 0 27.22 8.22 101.8 67.55 134.3 8.30 15.1 0.0 267.4 2.55 45.95 1.1
42760 1658490830 0 7 $GNGGA,115352.000,4424.63854,N,00854.88423,E,1,13,0.8,1.4,M,44.7,M,,*4D
42761 1658490831 0 1 1.972
42762 1658490832 0 3 2.737 0.005
42763 1658490832 0 4 2.554 1.556
42764 1658490832 0 5 0.35
42769 1658490833 0 7 $GNGGA,115355.000,4424.63992,N,00854.88256,E,1,13,0.8,1.9,M,44.7,M,,*48
42770 1658490834 0 1 2.037
42776 1658490836 0 0 27.10 8.22 101.8 67.55 134.6 8.34 15.2 0.0 274.4 2.48 45.95 1.1
42779 1658490837 0 1 2.004
42787 1658490840 0 1 1.897
42793 1658490841 0 0 27.13 8.22 101.8 67.55 137.4 8.51 15.2 0.0 271.6 2.42 45.96 1.1
42795 1658490843 0 1 1.991
42798 1658490844 0 5 0.34
42799 1658490844 0 6 0.13
42800 1658490844 0 8 4.997 12.332 11.89
42801 1658490844 0 0 27.11 8.22 101.8 67.66 137.7 8.53 15.3 0.0 274.4 2.39 46.04 1.1
42803 1658490845 0 7 $GNGGA,115407.000,4424.64505,N,00854.87455,E,1,13,0.8,-0.0,M,44.7,M,,*62
42804 1658490846 0 1 1.896
42805 1658490847 0 3 2.734 0.005
42811 1658490848 0 7 $GNGGA,115408.000,4424.64554,N,00854.87388,E,1,13,0.8,-0.2,M,44.7,M,,*6C
42812 1658490849 0 7 $GNGGA,115410.000,4424.64643,N,00854.87229,E,1,13,0.8,-0.3,M,44.7,M,,*6B
42813 1658490849 0 1 2.166
42814 1658490850 0 3 2.733 0.005
42815 1658490850 0 4 2.554 1.556
42818 1658490850 0 8 4.997 12.332 11.89
42821 1658490851 0 7 $GNGGA,115413.000,4424.64788,N,00854.87051,E,1,13,0.8,-0.1,M,44.7,M,,*61
42822 1658490852 0 1 1.909
42827 1658490853 0 8 4.997 12.332 11.91
42828 1658490853 0 0 27.15 8.22 101.7 67.56 138.0 8.54 15.3 0.0 273.3 2.31 45.96 1.1
42829 1658490854 0 7 $GNGGA,115414.000,4424.64839,N,00854.86975,E,1,13,0.8,-0.1,M,44.7,M,,*6D
42831 1658490855 0 1 1.962
42832 1658490856 0 3 2.732 0.005
42839 1658490858 0 1 2.275
42840 1658490859 0 3 2.732 0.005
42841 1658490859 0 4 2.554 1.553
42842 1658490859 0 5 0.34
42843 1658490859 0 6 0.12
42848 1658490861 0 1 1.811
42856 1658490864 0 7 $GNGGA,115425.000,4424.65406,N,00854.86207,E,1,13,0.8,-2.2,M,44.7,M,,*61
42857 1658490864 0 1 1.804
42858 1658490865 0 3 2.732 0.005
42864 1658490866 0 7 $GNGGA,115426.000,4424.65442,N,00854.86150,E,1,13,0.8,-2.4,M,44.7,M,,*65
42865 1658490867 0 7 $GNGGA,115428.000,4424.65537,N,00854.86023,E,1,13,0.8,-2.7,M,44.7,M,,*6E
42866 1658490867 0 1 1.749
42868 1658490868 0 4 2.554 1.548
42869 1658490868 0 5 0.34
42870 1658490868 0 6 0.12
42874 1658490869 0 7 $GNGGA,115431.000,4424.65668,N,00854.85817,E,1,13,0.8,-2.9,M,44.7,M,,*6D
42875 1658490870 0 1 1.813
42880 1658490871 0 8 4.997 12.332 11.91
42881 1658490871 0 0 27.23 8.22 101.1 67.58 138.7 8.57 15.3 0.0 273.5 2.22 45.98 1.2
42882 1658490872 0 7 $GNGGA,115432.000,4424.65707,N,00854.85766,E,1,13,0.8,-2.8,M,44.7,M,,*6E
42883 1658490872 0 7 $GNGGA,115434.000,4424.65802,N,00854.85655,E,1,13,0.8,-2.3,M,44.7,M,,*68
42884 1658490873 0 1 1.798
42885 1658490874 0 3 2.731 0.005
42892 1658490876 0 7 $GNGGA,115437.000,4424.65964,N,00854.85443,E,1,13,0.8,-2.0,M,44.7,M,,*6C
42893 1658490876 0 1 1.922
42895 1658490877 0 4 2.554 1.551
42896 1658490877 0 5 0.34
42901 1658490879 0 1 1.949
42907 1658490880 0 0 27.14 8.22 101.0 67.57 139.2 8.62 15.3 0.0 276.0 2.19 45.97 1.1
42908 1658490881 0 7 $GNGGA,115441.000,4424.66129,N,00854.85197,E,1,13,0.8,-2.8,M,44.7,M,,*6B
42909 1658490881 0 7 $GNGGA,115443.000,4424.66207,N,00854.85082,E,1,13,0.8,-2.9,M,44.7,M,,*62
42910 1658490882 0 1 1.873
42911 1658490883 0 3 2.730 0.005
42918 1658490885 0 1 2.178
42920 1658490886 0 4 2.554 1.556
42921 1658490886 0 5 0.35
42922 1658490886 0 6 0.12
42926 1658490887 0 7 $GNGGA,115449.000,4424.66591,N,00854.84608,E,1,13,0.8,-3.3,M,44.7,M,,*6E
42927 1658490888 0 1 1.903
42933 1658490889 0 0 27.16 8.22 100.8 67.67 139.7 8.64 15.3 0.0 275.7 2.15 46.05 1.1
42934 1658490890 0 7 $GNGGA,115450.000,4424.66648,N,00854.84541,E,1,13,0.8,-3.6,M,44.7,M,,*6A
42935 1658490890 0 7 $GNGGA,115452.000,4424.66782,N,00854.84414,E,1,13,0.8,-3.9,M,44.7,M,,*61
42937 1658490892 0 3 2.730 0.005
42944 1658490894 0 1 1.841
42946 1658490895 0 4 2.554 1.558
42947 1658490895 0 5 0.35
42948 1658490895 0 6 0.13
42953 1658490897 0 1 2.025
42960 1658490899 0 7 $GNGGA,115459.000,4424.67270,N,00854.83861,E,1,13,0.8,-4.1,M,44.7,M,,*65
42963 1658490901 0 3 2.732 0.005
42972 1658490904 0 3 2.732 0.005
42973 1658490904 0 4 2.554 1.558
42974 1658490904 0 5 0.36
42979 1658490906 0 1 1.983
42980 1658490907 0 3 2.733 0.005
42983 1658490907 0 6 0.12
42985 1658490908 0 0 27.12 8.22 100.7 67.60 139.8 8.65 15.3 0.0 276.4 2.28 45.99 1.1
42986 1658490908 0 7 $GNGGA,115508.000,4424.67757,N,00854.83368,E,1,13,0.8,-4.8,M,44.7,M,,*6B
42987 1658490909 0 1 1.906
42988 1658490910 0 3 2.732 0.005
42995 1658490911 0 7 $GNGGA,115513.000,4424.67981,N,00854.83072,E,1,13,0.8,-4.9,M,44.7,M,,*6D
42996 1658490912 0 1 2.220
43002 1658490913 0 0 27.27 8.22 100.6 67.66 139.8 8.63 15.3 0.0 272.1 2.23 46.04 1.2
43003 1658490914 0 7 $GNGGA,115514.000,4424.68037,N,00854.82997,E,1,13,0.8,-5.0,M,44.7,M,,*6A
43005 1658490915 0 1 1.908
43006 1658490916 0 3 2.731 0.005
43012 1658490917 0 7 $GNGGA,115517.000,4424.68171,N,00854.82800,E,1,13,0.8,-5.3,M,44.7,M,,*66
43013 1658490917 0 7 $GNGGA,115519.000,4424.68273,N,00854.82674,E,1,13,0.8,-5.3,M,44.7,M,,*64
43015 1658490919 0 3 2.730 0.005
43022 1658490921 0 7 $GNGGA,115522.000,4424.68357,N,00854.82528,E,1,13,0.8,-4.9,M,44.7,M,,*6A
43023 1658490921 0 1 1.945
43027 1658490922 0 6 0.13
43028 1658490922 0 8 4.997 12.323 11.91
43029 1658490923 0 0 27.27 8.22 100.3 67.70 139.9 8.63 15.3 0.0 274.2 2.20 46.06 1.2
43031 1658490923 0 7 $GNGGA,115525.000,4424.68512,N,00854.82313,E,1,13,0.8,-5.1,M,44.7,M,,*6D
43032 1658490924 0 1 1.945
43033 1658490925 0 3 2.729 0.005
43040 1658490926 0 7 $GNGGA,115528.000,4424.68681,N,00854.82053,E,1,13,0.8,-5.0,M,44.7,M,,*6F
43041 1658490927 0 1 2.440
43042 1658490928 0 3 2.730 0.005
43043 1658490928 0 4 2.554 1.553
43049 1658490930 0 1 1.923
43053 1658490931 0 6 0.13
43054 1658490932 0 8 4.997 12.323 11.91
43055 1658490932 0 0 27.30 8.22 100.1 67.57 139.9 8.64 15.4 0.0 274.4 2.25 45.96 1.2
43056 1658490932 0 7 $GNGGA,115532.000,4424.68914,N,00854.81763,E,1,13,0.8,-3.8,M,44.7,M,,*6E
43057 1658490934 0 3 2.731 0.005
43058 1658490934 0 1 1.946
43065 1658490935 0 7 $GNGGA,115536.000,4424.69111,N,00854.81399,E,1,13,0.8,-4.1,M,44.7,M,,*69
43066 1658490936 0 1 1.896
43068 1658490937 0 4 2.555 1.558
43069 1658490937 0 5 0.37
43071 1658490938 0 8 4.997 12.332 11.89
43074 1658490938 0 7 $GNGGA,115539.000,4424.69250,N,00854.81195,E,1,13,0.8,-3.1,M,44.7,M,,*69
43075 1658490939 0 7 $GNGGA,115541.000,4424.69383,N,00854.81079,E,1,13,0.8,-2.7,M,44.7,M,,*6D
43076 1658490940 0 3 2.734 0.005
43081 1658490941 0 8 4.997 12.332 11.89
43082 1658490941 0 0 27.28 8.22 100.0 67.63 139.9 8.64 15.3 0.0 276.6 2.33 46.01 1.2
43083 1658490941 0 7 $GNGGA,115542.000,4424.69443,N,00854.81022,E,1,13,0.8,-2.7,M,44.7,M,,*6B
43084 1658490942 0 1 1.937
43085 1658490943 0 3 2.735 0.005
43092 1658490944 0 7 $GNGGA,115545.000,4424.69612,N,00854.80826,E,1,13,0.8,-3.5,M,44.7,M,,*64
43093 1658490945 0 7 $GNGGA,115547.000,4424.69722,N,00854.80669,E,1,13,0.8,-4.3,M,44.7,M,,*60
43094 1658490946 0 3 2.735 0.005
43096 1658490946 0 4 2.555 1.553
43097 1658490946 0 5 0.37
43098 1658490946 0 6 0.13
43102 1658490948 0 1 2.036
43103 1658490949 0 3 2.735 0.005
43111 1658490951 0 1 2.004
43112 1658490952 0 3 2.735 0.005
43119 1658490953 0 7 $GNGGA,115554.000,4424.69998,N,00854.80128,E,1,13,0.8,-5.4,M,44.7,M,,*69
43120 1658490954 0 1 2.499
43122 1658490955 0 4 2.555 1.556
43123 1658490955 0 5 0.37
43124 1658490955 0 6 0.13
43125 1658490956 0 8 4.997 12.332 11.89
43130 1658490957 0 7 $GNGGA,115559.000,4424.70237,N,00854.79755,E,1,13,0.8,-5.2,M,44.7,M,,*6E
43137 1658490959 0 7 $GNGGA,115600.000,4424.70289,N,00854.79678,E,1,13,0.8,-4.9,M,44.7,M,,*60
43138 1658490960 0 7 $GNGGA,115602.000,4424.70369,N,00854.79537,E,1,13,0.8,-4.4,M,44.7,M,,*68
43139 1658490961 0 3 2.736 0.005
43140 1658490961 0 1 2.048
43147 1658490963 0 7 $GNGGA,115604.000,4424.70448,N,00854.79385,E,1,13,0.8,-4.2,M,44.7,M,,*63
43148 1658490963 0 1 1.938
43152 1658490964 0 6 0.13
43153 1658490965 0 8 4.997 12.332 11.89
43154 1658490965 0 0 27.29 8.22 99.8 67.58 139.5 8.62 15.3 0.0 277.2 2.58 45.97 1.2
43155 1658490965 0 7 $GNGGA,115605.000,4424.70494,N,00854.79316,E,1,13,0.8,-4.2,M,44.7,M,,*69
43156 1658490965 0 7 $GNGGA,115606.000,4424.70539,N,00854.79246,E,1,13,0.8,-3.7,M,44.7,M,,*6A
43157 1658490966 0 7 $GNGGA,115608.000,4424.70615,N,00854.79093,E,1,13,0.8,-3.0,M,44.7,M,,*64
43158 1658490967 0 3 2.737 0.005
43159 1658490967 0 1 1.980
43165 1658490968 0 7 $GNGGA,115609.000,4424.70648,N,00854.79017,E,1,13,0.8,-2.6,M,44.7,M,,*66
43166 1658490969 0 1 1.934
43168 1658490970 0 4 2.557 1.551
43175 1658490972 0 7 $GNGGA,115614.000,4424.70872,N,00854.78721,E,1,13,0.8,-2.8,M,44.7,M,,*60
43181 1658490974 0 0 27.31 8.22 99.7 67.72 139.4 8.60 15.3 0.0 270.7 2.89 46.08 1.2
43182 1658490974 0 7 $GNGGA,115615.000,4424.70909,N,00854.78660,E,1,13,0.8,-2.9,M,44.7,M,,*69
43183 1658490975 0 1 1.959
43191 1658490977 0 7 $GNGGA,115618.000,4424.71007,N,00854.78458,E,1,13,0.8,-2.8,M,44.7,M,,*6A
43192 1658490978 0 7 $GNGGA,115620.000,4424.71076,N,00854.78388,E,1,13,0.8,-2.6,M,44.7,M,,*63
