/home/danielacabiddu/Devel/src/MATRAC/test/tuttomatrac/apps/build-mokupUI-Desktop_Qt_6_2_0_GCC_64bit-Release/MATRAC_Session_2022-07-22.13-05-42/porto_grid.mesh
43197 1658490980 0 8 4.997 12.332 11.91
43199 1658490980 0 7 $GNGGA,115621.000,4424.71121,N,00854.78345,E,1,13,0.8,-2.6,M,44.7,M,,*60
43200 1658490981 0 1 2.466
43205 1658490983 0 8 4.997 12.341 11.89
43206 1658490983 0 0 27.21 8.22 99.9 67.79 139.2 8.59 15.2 0.0 274.2 3.09 46.14 1.1
43207 1658490983 0 7 $GNGGA,115623.000,4424.71202,N,00854.78254,E,1,13,0.8,-2.5,M,44.7,M,,*62
43209 1658490984 0 7 $GNGGA,115626.000,4424.71348,N,00854.78182,E,1,13,0.8,-3.4,M,44.7,M,,*60
43210 1658490985 0 3 2.738 0.005
43216 1658490986 0 7 $GNGGA,115627.000,4424.71398,N,00854.78167,E,1,13,0.8,-3.2,M,44.7,M,,*61
43217 1658490987 0 7 $GNGGA,115629.000,4424.71481,N,00854.78155,E,1,13,0.8,-3.3,M,44.7,M,,*60
43218 1658490988 0 3 2.739 0.005
43220 1658490988 0 4 2.558 1.548
43221 1658490988 0 5 0.36
43222 1658490988 0 6 0.11
