/home/danielacabiddu/Devel/src/MATRAC/test/tuttomatrac/apps/build-mokupUI-Desktop_Qt_6_2_0_GCC_64bit-Release/MATRAC_Session_2022-07-22.13-05-42/porto_grid.mesh
47531 1658492323 0 1 0.562
47538 1658492324 0 7 $GNGGA,121845.000,4423.92159,N,00855.08799,E,1,14,0.7,-8.2,M,44.7,M,,*6B
47539 1658492325 0 7 $GNGGA,121846.000,4423.92090,N,00855.08833,E,1,14,0.7,-8.2,M,44.7,M,,*63
47540 1658492326 0 7 $GNGGA,121847.000,4423.92014,N,00855.08875,E,1,14,0.7,-8.4,M,44.7,M,,*6A
47541 1658492326 0 1 0.854
47542 1658492326 0 3 2.733 0.005
47549 1658492329 0 7 $GNGGA,121850.000,4423.91812,N,00855.08975,E,1,14,0.7,-9.1,M,44.7,M,,*64
47550 1658492329 0 1 0.596
47554 1658492330 0 6 0.12
47555 1658492330 0 8 4.997 12.323 11.89
47556 1658492330 0 0 27.95 8.21 104.4 67.87 127.5 7.78 15.4 0.0 326.0 2.09 46.17 1.2
47559 1658492332 0 7 $GNGGA,121853.000,4423.91589,N,00855.09061,E,1,14,0.7,-10.0,M,44.7,M,,*5C
47560 1658492332 0 1 1.327
47567 1658492334 0 7 $GNGGA,121854.000,4423.91522,N,00855.09123,E,1,14,0.7,-10.0,M,44.7,M,,*5D
47570 1658492335 0 3 2.730 0.005
47578 1658492338 0 7 $GNGGA,121859.000,4423.91171,N,00855.09423,E,1,14,0.7,-11.4,M,44.7,M,,*52
47583 1658492339 0 6 0.12
47584 1658492339 0 8 4.997 12.144 11.89
47585 1658492339 0 0 27.98 8.21 104.4 67.94 127.7 7.79 15.4 0.0 332.7 2.02 46.23 1.2
47588 1658492341 0 1 0.458
47589 1658492341 0 3 2.725 0.005
47596 1658492343 0 7 $GNGGA,121904.000,4423.90784,N,00855.09683,E,1,14,0.7,-13.4,M,44.7,M,,*5C
47597 1658492344 0 7 $GNGGA,121905.000,4423.90724,N,00855.09732,E,1,14,0.7,-13.0,M,44.7,M,,*58
47600 1658492345 0 4 2.564 1.581
47606 1658492347 0 7 $GNGGA,121908.000,4423.90512,N,00855.09889,E,1,14,0.7,-12.4,M,44.7,M,,*58
47607 1658492347 0 1 0.466
47616 1658492350 0 7 $GNGGA,121911.000,4423.90314,N,00855.10038,E,1,14,0.7,-12.7,M,44.7,M,,*59
47617 1658492350 0 1 0.542
47618 1658492350 0 3 2.724 0.005
47624 1658492352 0 7 $GNGGA,121912.000,4423.90237,N,00855.10087,E,1,14,0.7,-12.9,M,44.7,M,,*50
47625 1658492353 0 7 $GNGGA,121914.000,4423.90093,N,00855.10163,E,1,14,0.7,-12.9,M,44.7,M,,*51
47627 1658492353 0 3 2.723 0.005
47628 1658492354 0 4 2.564 1.581
47629 1658492354 0 5 0.06
47635 1658492356 0 7 $GNGGA,121917.000,4423.89884,N,00855.10291,E,1,14,0.7,-12.8,M,44.7,M,,*5B
47636 1658492356 0 1 0.498
47641 1658492357 0 8 4.997 12.135 11.89
47642 1658492357 0 0 28.06 8.21 104.6 67.91 127.7 7.78 15.5 0.0 327.6 1.94 46.20 1.2
47643 1658492358 0 7 $GNGGA,121918.000,4423.89817,N,00855.10326,E,1,14,0.7,-12.8,M,44.7,M,,*53
47645 1658492359 0 1 1.376
47646 1658492359 0 3 2.723 0.005
47654 1658492362 0 7 $GNGGA,121923.000,4423.89464,N,00855.10503,E,1,14,0.7,-12.6,M,44.7,M,,*5C
47655 1658492362 0 1 0.472
47657 1658492363 0 4 2.564 1.583
47658 1658492363 0 5 0.06
47659 1658492363 0 6 0.12
47663 1658492365 0 7 $GNGGA,121926.000,4423.89226,N,00855.10645,E,1,14,0.7,-13.0,M,44.7,M,,*5F
47671 1658492366 0 7 $GNGGA,121927.000,4423.89141,N,00855.10707,E,1,14,0.7,-12.8,M,44.7,M,,*52
47672 1658492367 0 7 $GNGGA,121928.000,4423.89057,N,00855.10764,E,1,14,0.7,-12.5,M,44.7,M,,*53
47673 1658492368 0 7 $GNGGA,121929.000,4423.88988,N,00855.10821,E,1,14,0.7,-12.1,M,44.7,M,,*52
47674 1658492368 0 1 0.521
47675 1658492368 0 3 2.719 0.005
47682 1658492371 0 7 $GNGGA,121932.000,4423.88782,N,00855.10995,E,1,14,0.7,-11.5,M,44.7,M,,*55
47683 1658492371 0 3 2.716 0.005
47686 1658492372 0 5 0.06
47687 1658492372 0 6 0.12
47688 1658492372 0 8 4.997 12.323 11.91
47689 1658492372 0 0 27.85 8.21 104.7 67.88 128.0 7.82 15.5 0.0 331.7 1.86 46.19 1.2
47692 1658492374 0 7 $GNGGA,121935.000,4423.88546,N,00855.11095,E,1,14,0.7,-11.3,M,44.7,M,,*56
47693 1658492374 0 1 0.485
47694 1658492374 0 3 2.720 0.005
47700 1658492376 0 7 $GNGGA,121936.000,4423.88457,N,00855.11142,E,1,14,0.7,-11.3,M,44.7,M,,*5F
47701 1658492377 0 7 $GNGGA,121938.000,4423.88309,N,00855.11237,E,1,14,0.7,-11.1,M,44.7,M,,*5E
47702 1658492377 0 1 0.529
47703 1658492377 0 3 2.719 0.005
47704 1658492378 0 4 2.564 1.581
47706 1658492378 0 6 0.12
47711 1658492380 0 7 $GNGGA,121941.000,4423.88060,N,00855.11418,E,1,14,0.7,-10.8,M,44.7,M,,*5F
47712 1658492380 0 1 0.620
47721 1658492383 0 1 0.455
47722 1658492383 0 3 2.715 0.005
47729 1658492385 0 7 $GNGGA,121946.000,4423.87736,N,00855.11606,E,1,14,0.7,-10.7,M,44.7,M,,*51
47730 1658492386 0 7 $GNGGA,121947.000,4423.87680,N,00855.11632,E,1,14,0.7,-10.7,M,44.7,M,,*5B
47731 1658492386 0 1 1.126
47732 1658492386 0 3 2.716 0.005
47733 1658492387 0 4 2.564 1.586
47739 1658492389 0 7 $GNGGA,121950.000,4423.87498,N,00855.11731,E,1,14,0.7,-10.6,M,44.7,M,,*55
47740 1658492389 0 1 0.354
47745 1658492390 0 8 4.997 12.323 11.89
47746 1658492390 0 0 28.25 8.21 104.9 68.16 128.2 7.78 15.4 0.0 326.9 1.80 46.39 1.2
47747 1658492390 0 7 $GNGGA,121951.000,4423.87437,N,00855.11781,E,1,14,0.7,-10.8,M,44.7,M,,*54
47749 1658492392 0 7 $GNGGA,121953.000,4423.87291,N,00855.11912,E,1,14,0.7,-11.5,M,44.7,M,,*54
47750 1658492392 0 3 2.711 0.005
47751 1658492392 0 1 0.429
47757 1658492394 0 7 $GNGGA,121954.000,4423.87211,N,00855.11973,E,1,14,0.7,-11.7,M,44.7,M,,*5E
47758 1658492395 0 7 $GNGGA,121956.000,4423.87043,N,00855.12099,E,1,14,0.7,-11.8,M,44.7,M,,*58
47759 1658492395 0 1 0.416
47761 1658492396 0 4 2.564 1.583
47762 1658492396 0 5 0.06
47763 1658492396 0 6 0.12
47769 1658492398 0 7 $GNGGA,121959.000,4423.86869,N,00855.12190,E,1,14,0.7,-12.0,M,44.7,M,,*55
47770 1658492398 0 3 2.717 0.005
47775 1658492399 0 8 4.997 12.332 11.91
47776 1658492399 0 0 27.84 8.21 104.9 67.97 128.2 7.84 15.5 0.0 336.7 1.85 46.26 1.2
47777 1658492400 0 7 $GNGGA,122000.000,4423.86794,N,00855.12247,E,1,14,0.7,-12.0,M,44.7,M,,*57
47780 1658492401 0 3 2.716 0.005
47788 1658492404 0 7 $GNGGA,122005.000,4423.86476,N,00855.12465,E,1,14,0.7,-10.6,M,44.7,M,,*5F
47789 1658492404 0 3 2.716 0.005
47792 1658492405 0 5 0.06
47793 1658492405 0 6 0.12
47798 1658492407 0 1 0.564
47799 1658492407 0 3 2.718 0.005
47806 1658492409 0 7 $GNGGA,122010.000,4423.86139,N,00855.12644,E,1,14,0.7,-10.2,M,44.7,M,,*50
47809 1658492410 0 3 2.718 0.005
47810 1658492411 0 4 2.564 1.578
47815 1658492412 0 7 $GNGGA,122012.000,4423.86007,N,00855.12749,E,1,14,0.7,-10.0,M,44.7,M,,*50
47816 1658492413 0 7 $GNGGA,122014.000,4423.85843,N,00855.12836,E,1,14,0.7,-10.2,M,44.7,M,,*58
47817 1658492413 0 1 1.063
47818 1658492413 0 3 2.718 0.005
47822 1658492414 0 8 4.997 12.332 11.89
47823 1658492414 0 0 28.01 8.21 105.1 67.90 128.2 7.81 15.4 0.0 329.8 1.87 46.19 1.2
47824 1658492414 0 7 $GNGGA,122015.000,4423.85753,N,00855.12892,E,1,14,0.7,-10.2,M,44.7,M,,*59
47826 1658492416 0 7 $GNGGA,122017.000,4423.85577,N,00855.13024,E,1,14,0.7,-10.4,M,44.7,M,,*5D
47827 1658492416 0 1 0.423
47828 1658492416 0 3 2.713 0.005
47834 1658492418 0 7 $GNGGA,122018.000,4423.85496,N,00855.13071,E,1,14,0.7,-10.2,M,44.7,M,,*5A
47837 1658492419 0 1 0.410
47838 1658492420 0 4 2.565 1.576
47845 1658492422 0 7 $GNGGA,122023.000,4423.85167,N,00855.13250,E,1,14,0.7,-9.2,M,44.7,M,,*60
47846 1658492422 0 1 0.457
47853 1658492424 0 7 $GNGGA,122024.000,4423.85084,N,00855.13286,E,1,14,0.7,-9.1,M,44.7,M,,*63
47855 1658492425 0 3 2.735 0.005
47856 1658492425 0 1 0.445
47864 1658492428 0 7 $GNGGA,122029.000,4423.84708,N,00855.13431,E,1,14,0.7,-8.3,M,44.7,M,,*65
47865 1658492428 0 1 0.510
