/home/matrac-user/Devel/SEPG_2021-07-28/tuttomatrac/apps/build-mokupUI-Desktop_Qt_5_15_0_GCC_64bit-Release/MATRAC_Session_2021-07-28.10-48-25/grid_batimetria.xyz_5.000000x5.000000x2.000000x.mesh
408 1627469595 0 7 $GNGGA,105316.000,4423.76338,N,00855.51626,E,1,07,1.3,-7.7,M,44.7,M,,*6B
409 1627469596 0 3 2.53 0.00
410 1627469596 0 4 2.51 1.38
411 1627469596 0 5 0.04
412 1627469597 0 6 0.32
413 1627469597 0 8 4.98 12.35 11.87
414 1627469597 0 7 $GNGGA,105317.000,4423.76371,N,00855.51704,E,1,07,1.3,-7.5,M,44.7,M,,*64
415 1627469597 0 1 1.072
416 1627469597 0 0 25.53 8.29 170.2 61.39 101.2 6.35 155.5 18.9 188.2 1.85 41.25 12.4
417 1627469597 0 7 $GNGGA,105318.000,4423.76417,N,00855.51795,E,1,07,1.3,-7.4,M,44.7,M,,*65
418 1627469598 0 7 $GNGGA,105319.000,4423.76470,N,00855.51886,E,1,07,1.3,-7.5,M,44.7,M,,*69
419 1627469599 0 3 2.53 0.00
420 1627469599 0 4 2.51 1.38
421 1627469599 0 5 0.04
422 1627469600 0 6 0.23
423 1627469600 0 8 4.97 12.20 11.84
424 1627469600 0 7 $GNGGA,105320.000,4423.76537,N,00855.51948,E,1,07,1.3,-7.7,M,44.7,M,,*60
425 1627469600 0 1 0.555
426 1627469600 0 0 25.54 8.29 170.2 61.44 101.2 6.34 155.2 18.9 187.4 1.67 41.29 12.4
427 1627469600 0 7 $GNGGA,105321.000,4423.76584,N,00855.51995,E,1,07,1.3,-7.7,M,44.7,M,,*69
428 1627469601 0 7 $GNGGA,105322.000,4423.76631,N,00855.52068,E,1,07,1.3,-7.6,M,44.7,M,,*6E
429 1627469602 0 3 2.53 0.00
430 1627469602 0 4 2.51 1.38
431 1627469602 0 5 0.04
432 1627469603 0 6 0.08
433 1627469603 0 8 4.98 12.36 11.87
434 1627469603 0 7 $GNGGA,105323.000,4423.76678,N,00855.52115,E,1,07,1.3,-7.3,M,44.7,M,,*6C
435 1627469603 0 1 0.641
436 1627469603 0 0 25.51 8.29 170.2 61.44 101.2 6.35 155.4 18.9 188.1 1.64 41.29 12.4
437 1627469603 0 7 $GNGGA,105324.000,4423.76725,N,00855.52191,E,1,07,1.3,-7.2,M,44.7,M,,*6F
438 1627469604 0 7 $GNGGA,105325.000,4423.76767,N,00855.52267,E,1,07,1.3,-7.1,M,44.7,M,,*61
439 1627469605 0 3 2.53 0.00
440 1627469605 0 4 2.51 1.41
441 1627469605 0 5 0.04
442 1627469606 0 6 0.06
443 1627469606 0 8 4.98 12.34 11.87
444 1627469606 0 7 $GNGGA,105326.000,4423.76795,N,00855.52342,E,1,07,1.3,-6.5,M,44.7,M,,*6C
445 1627469606 0 1 0.623
446 1627469606 0 0 25.52 8.29 170.2 61.41 101.2 6.35 155.5 18.9 187.5 1.57 41.27 12.4
448 1627469607 0 7 $GNGGA,105328.000,4423.76954,N,00855.52450,E,1,07,1.3,-6.4,M,44.7,M,,*64
449 1627469608 0 3 2.53 0.00
450 1627469608 0 4 2.50 1.40
451 1627469608 0 5 0.04
452 1627469609 0 6 0.04
453 1627469609 0 8 4.98 12.34 11.87
454 1627469609 0 7 $GNGGA,105329.000,4423.77032,N,00855.52553,E,1,07,1.3,-6.1,M,44.7,M,,*6A
455 1627469609 0 1 0.611
456 1627469609 0 0 25.52 8.29 170.2 61.47 101.2 6.35 155.4 18.9 187.3 1.71 41.31 12.4
457 1627469609 0 7 $GNGGA,105330.000,4423.77133,N,00855.52638,E,1,07,1.3,-6.3,M,44.7,M,,*6E
458 1627469610 0 7 $GNGGA,105331.000,4423.77236,N,00855.52731,E,1,07,1.3,-6.3,M,44.7,M,,*61
459 1627469611 0 3 2.53 0.00
460 1627469611 0 4 2.51 1.40
461 1627469611 0 5 0.04
462 1627469612 0 6 0.07
463 1627469612 0 8 4.97 12.36 11.87
464 1627469612 0 7 $GNGGA,105332.000,4423.77334,N,00855.52814,E,1,07,1.3,-6.4,M,44.7,M,,*6E
465 1627469612 0 1 0.598
466 1627469612 0 0 25.50 8.29 170.2 61.51 101.2 6.35 155.5 18.9 189.0 1.68 41.34 12.4
467 1627469612 0 7 $GNGGA,105333.000,4423.77432,N,00855.52901,E,1,07,1.3,-6.6,M,44.7,M,,*69
468 1627469613 0 7 $GNGGA,105334.000,4423.77504,N,00855.53007,E,1,07,1.3,-6.9,M,44.7,M,,*6B
469 1627469614 0 3 2.53 0.00
470 1627469614 0 4 2.51 1.40
471 1627469614 0 5 0.04
472 1627469615 0 6 0.20
473 1627469615 0 8 4.98 12.35 11.87
474 1627469615 0 7 $GNGGA,105335.000,4423.77564,N,00855.53130,E,1,07,1.3,-7.0,M,44.7,M,,*61
475 1627469615 0 1 0.711
476 1627469615 0 0 25.49 8.29 170.2 61.39 101.1 6.35 155.6 18.9 187.4 1.59 41.25 12.4
477 1627469615 0 7 $GNGGA,105336.000,4423.77625,N,00855.53224,E,1,07,1.3,-6.9,M,44.7,M,,*6A
478 1627469616 0 7 $GNGGA,105337.000,4423.77680,N,00855.53324,E,1,07,1.3,-7.1,M,44.7,M,,*6C
479 1627469617 0 3 2.53 0.00
480 1627469617 0 4 2.51 1.40
481 1627469617 0 5 0.03
482 1627469618 0 6 0.15
483 1627469618 0 8 4.98 12.36 11.87
484 1627469618 0 7 $GNGGA,105338.000,4423.77724,N,00855.53416,E,1,07,1.3,-7.3,M,44.7,M,,*68
485 1627469618 0 1 0.733
486 1627469618 0 0 25.49 8.29 170.2 61.43 101.2 6.35 155.6 18.9 188.0 1.47 41.29 12.4
487 1627469618 0 7 $GNGGA,105339.000,4423.77794,N,00855.53516,E,1,07,1.3,-7.5,M,44.7,M,,*65
488 1627469619 0 7 $GNGGA,105340.000,4423.77860,N,00855.53628,E,1,07,1.3,-8.0,M,44.7,M,,*6B
489 1627469620 0 3 2.53 0.00
490 1627469620 0 4 2.51 1.40
491 1627469620 0 5 0.03
492 1627469621 0 6 0.24
493 1627469621 0 8 4.98 12.36 11.87
494 1627469621 0 7 $GNGGA,105341.000,4423.77931,N,00855.53729,E,1,07,1.3,-9.0,M,44.7,M,,*6E
495 1627469621 0 1 0.717
496 1627469621 0 0 25.52 8.29 170.1 61.46 101.2 6.35 155.2 18.9 187.8 1.40 41.31 12.4
497 1627469621 0 7 $GNGGA,105342.000,4423.78004,N,00855.53812,E,1,07,1.3,-9.9,M,44.7,M,,*63
498 1627469622 0 7 $GNGGA,105343.000,4423.78080,N,00855.53883,E,1,07,1.3,-10.9,M,44.7,M,,*5E
499 1627469623 0 2 0.07550000 1.48049998 1.10889995 0.01140000 2.65829992 0.00710000 0.03360000 0.33459999 1.00000000 92.56199645
500 1627469623 0 3 2.53 0.00
501 1627469623 0 4 2.51 1.40
502 1627469623 0 5 0.03
503 1627469624 0 6 0.10
504 1627469624 0 8 4.98 12.36 11.87
505 1627469624 0 7 $GNGGA,105344.000,4423.78145,N,00855.53976,E,1,07,1.3,-10.8,M,44.7,M,,*5B
506 1627469624 0 1 0.618
507 1627469624 0 0 25.52 8.29 170.2 61.44 101.2 6.35 155.1 18.9 187.8 1.37 41.29 12.4
508 1627469624 0 7 $GNGGA,105345.000,4423.78209,N,00855.54060,E,1,07,1.3,-10.8,M,44.7,M,,*58
509 1627469625 0 7 $GNGGA,105346.000,4423.78280,N,00855.54155,E,1,07,1.3,-11.2,M,44.7,M,,*56
510 1627469626 0 3 2.53 0.00
511 1627469626 0 4 2.51 1.40
512 1627469626 0 5 0.03
513 1627469627 0 6 0.06
514 1627469627 0 8 4.98 12.36 11.87
515 1627469627 0 7 $GNGGA,105347.000,4423.78383,N,00855.54258,E,1,07,1.3,-12.2,M,44.7,M,,*58
516 1627469627 0 1 0.691
517 1627469627 0 0 25.53 8.29 170.1 61.52 101.1 6.34 155.2 18.9 189.1 1.51 41.35 12.4
518 1627469627 0 7 $GNGGA,105348.000,4423.78475,N,00855.54373,E,1,07,1.3,-12.4,M,44.7,M,,*57
519 1627469628 0 7 $GNGGA,105349.000,4423.78569,N,00855.54505,E,1,07,1.3,-13.0,M,44.7,M,,*58
520 1627469629 0 3 2.53 0.00
521 1627469629 0 4 2.51 1.40
522 1627469629 0 5 0.03
523 1627469630 0 6 -0.00
524 1627469630 0 8 4.98 12.36 11.87
525 1627469630 0 7 $GNGGA,105350.000,4423.78657,N,00855.54614,E,1,07,1.3,-13.2,M,44.7,M,,*5F
526 1627469630 0 1 0.706
527 1627469630 0 0 25.49 8.29 170.2 61.38 101.2 6.35 155.7 18.9 190.4 1.51 41.25 12.4
528 1627469630 0 7 $GNGGA,105351.000,4423.78753,N,00855.54678,E,1,07,1.3,-13.8,M,44.7,M,,*5B
529 1627469631 0 7 $GNGGA,105352.000,4423.78843,N,00855.54729,E,1,07,1.3,-14.1,M,44.7,M,,*5D
530 1627469632 0 7 $GNGGA,105353.000,4423.78916,N,00855.54768,E,1,07,1.3,-14.2,M,44.7,M,,*5B
531 1627469632 0 3 2.53 0.00
532 1627469632 0 4 2.50 1.40
533 1627469633 0 5 0.03
534 1627469633 0 6 0.18
535 1627469633 0 8 4.98 12.36 11.87
536 1627469633 0 1 0.769
537 1627469633 0 0 25.46 8.29 170.2 61.51 101.1 6.35 156.0 18.8 188.0 1.25 41.35 12.4
538 1627469633 0 7 $GNGGA,105354.000,4423.78986,N,00855.54824,E,1,07,1.3,-14.0,M,44.7,M,,*50
539 1627469634 0 7 $GNGGA,105355.000,4423.79054,N,00855.54906,E,1,07,1.3,-13.3,M,44.7,M,,*53
540 1627469635 0 7 $GNGGA,105356.000,4423.79121,N,00855.54996,E,1,07,1.3,-13.0,M,44.7,M,,*59
541 1627469635 0 3 2.53 0.00
542 1627469635 0 4 2.50 1.40
543 1627469636 0 5 0.03
544 1627469636 0 6 0.13
545 1627469636 0 8 4.98 12.36 11.84
546 1627469636 0 1 0.778
547 1627469636 0 0 25.46 8.29 170.2 61.40 101.2 6.35 155.7 18.9 187.4 1.11 41.26 12.3
548 1627469636 0 7 $GNGGA,105357.000,4423.79174,N,00855.55107,E,1,07,1.3,-12.6,M,44.7,M,,*5E
549 1627469637 0 7 $GNGGA,105358.000,4423.79225,N,00855.55232,E,1,07,1.3,-12.4,M,44.7,M,,*51
550 1627469638 0 7 $GNGGA,105359.000,4423.79279,N,00855.55349,E,1,07,1.3,-12.4,M,44.7,M,,*54
551 1627469638 0 3 2.53 0.00
552 1627469638 0 4 2.50 1.40
553 1627469639 0 5 0.03
554 1627469639 0 6 0.16
555 1627469639 0 8 4.98 12.36 11.87
556 1627469639 0 1 0.799
557 1627469639 0 0 25.46 8.29 170.2 61.38 101.2 6.35 155.6 18.9 188.5 1.38 41.24 12.3
558 1627469639 0 7 $GNGGA,105400.000,4423.79336,N,00855.55451,E,1,07,1.3,-12.0,M,44.7,M,,*5F
559 1627469640 0 7 $GNGGA,105401.000,4423.79410,N,00855.55541,E,1,07,1.3,-12.9,M,44.7,M,,*54
560 1627469641 0 7 $GNGGA,105402.000,4423.79488,N,00855.55638,E,1,07,1.3,-13.4,M,44.7,M,,*57
561 1627469641 0 3 2.53 0.00
562 1627469641 0 4 2.51 1.40
563 1627469642 0 5 0.03
564 1627469642 0 6 0.07
565 1627469642 0 8 4.98 12.36 11.84
566 1627469642 0 1 1.001
567 1627469642 0 0 25.49 8.29 170.2 61.43 101.2 6.35 155.6 18.9 188.1 1.44 41.29 12.4
568 1627469642 0 7 $GNGGA,105403.000,4423.79582,N,00855.55751,E,1,07,1.3,-13.6,M,44.7,M,,*51
569 1627469643 0 7 $GNGGA,105404.000,4423.79671,N,00855.55852,E,1,07,1.3,-14.0,M,44.7,M,,*54
570 1627469644 0 3 2.53 0.00
571 1627469644 0 4 2.50 1.40
572 1627469644 0 5 0.03
573 1627469645 0 6 0.29
574 1627469645 0 8 4.98 12.36 11.87
575 1627469645 0 7 $GNGGA,105405.000,4423.79730,N,00855.55938,E,1,07,1.3,-14.0,M,44.7,M,,*5C
576 1627469645 0 1 0.740
577 1627469645 0 0 25.50 8.28 170.1 61.42 101.2 6.35 155.4 18.9 186.5 1.11 41.27 12.3
578 1627469645 0 7 $GNGGA,105406.000,4423.79788,N,00855.56043,E,1,07,1.3,-13.8,M,44.7,M,,*55
579 1627469646 0 7 $GNGGA,105407.000,4423.79836,N,00855.56131,E,1,07,1.3,-13.9,M,44.7,M,,*5B
580 1627469647 0 7 $GNGGA,105408.000,4423.79892,N,00855.56203,E,1,07,1.3,-13.9,M,44.7,M,,*58
581 1627469647 0 3 2.53 0.00
582 1627469647 0 4 2.50 1.40
583 1627469648 0 5 0.03
584 1627469648 0 6 0.13
585 1627469648 0 8 4.98 12.36 11.87
586 1627469648 0 1 1.527
587 1627469648 0 0 25.48 8.29 170.2 61.38 101.2 6.35 155.7 18.8 186.5 1.00 41.24 12.3
588 1627469648 0 7 $GNGGA,105409.000,4423.79959,N,00855.56291,E,1,07,1.3,-13.6,M,44.7,M,,*5B
589 1627469649 0 7 $GNGGA,105410.000,4423.80034,N,00855.56376,E,1,07,1.3,-13.2,M,44.7,M,,*5B
590 1627469650 0 7 $GNGGA,105411.000,4423.80109,N,00855.56444,E,1,07,1.3,-12.6,M,44.7,M,,*56
591 1627469650 0 3 2.53 0.00
592 1627469650 0 4 2.50 1.40
593 1627469651 0 5 0.03
594 1627469651 0 6 0.16
595 1627469651 0 8 4.97 12.36 11.87
596 1627469651 0 1 0.693
597 1627469651 0 0 25.50 8.29 170.1 61.45 101.2 6.35 155.4 18.9 186.7 1.27 41.30 12.3
598 1627469651 0 7 $GNGGA,105412.000,4423.80201,N,00855.56521,E,1,07,1.3,-11.6,M,44.7,M,,*5F
599 1627469652 0 7 $GNGGA,105413.000,4423.80286,N,00855.56586,E,1,07,1.3,-11.2,M,44.7,M,,*58
600 1627469653 0 3 2.53 0.00
601 1627469653 0 4 2.51 1.41
602 1627469653 0 5 0.03
603 1627469654 0 6 0.08
604 1627469654 0 8 4.98 12.36 11.87
605 1627469654 0 7 $GNGGA,105414.000,4423.80371,N,00855.56669,E,1,07,1.3,-10.0,M,44.7,M,,*57
606 1627469654 0 1 0.769
607 1627469654 0 0 25.50 8.29 170.2 61.38 101.2 6.36 155.5 18.8 187.1 1.40 41.24 12.3
608 1627469654 0 7 $GNGGA,105415.000,4423.80448,N,00855.56735,E,1,07,1.3,-9.0,M,44.7,M,,*6B
609 1627469655 0 7 $GNGGA,105416.000,4423.80534,N,00855.56803,E,1,07,1.3,-8.1,M,44.7,M,,*68
610 1627469656 0 7 $GNGGA,105417.000,4423.80609,N,00855.56878,E,1,07,1.3,-7.3,M,44.7,M,,*65
611 1627469656 0 3 2.53 0.00
612 1627469656 0 4 2.50 1.41
613 1627469657 0 5 0.03
614 1627469657 0 6 0.25
615 1627469657 0 8 4.98 12.36 11.89
616 1627469657 0 1 0.729
617 1627469657 0 0 25.48 8.29 170.1 61.33 101.2 6.36 155.5 18.8 186.4 1.27 41.21 12.3
618 1627469657 0 7 $GNGGA,105418.000,4423.80658,N,00855.56951,E,1,07,1.3,-6.4,M,44.7,M,,*62
619 1627469658 0 7 $GNGGA,105419.000,4423.80709,N,00855.57032,E,1,07,1.3,-5.6,M,44.7,M,,*6A
620 1627469659 0 3 2.53 0.00
621 1627469659 0 4 2.51 1.41
622 1627469659 0 5 0.03
623 1627469660 0 6 0.18
624 1627469660 0 8 4.98 12.36 11.87
625 1627469660 0 7 $GNGGA,105420.000,4423.80762,N,00855.57116,E,1,07,1.3,-5.1,M,44.7,M,,*6D
626 1627469660 0 1 0.743
627 1627469660 0 0 25.48 8.29 170.1 61.38 101.2 6.36 155.6 18.8 186.3 1.27 41.25 12.3
628 1627469660 0 7 $GNGGA,105421.000,4423.80818,N,00855.57196,E,1,07,1.3,-4.6,M,44.7,M,,*60
629 1627469661 0 7 $GNGGA,105422.000,4423.80882,N,00855.57263,E,1,07,1.3,-4.1,M,44.7,M,,*6E
630 1627469662 0 3 2.53 0.00
631 1627469662 0 4 2.51 1.41
632 1627469662 0 5 0.03
633 1627469663 0 6 0.10
634 1627469663 0 8 4.98 12.36 11.87
635 1627469663 0 7 $GNGGA,105423.000,4423.80946,N,00855.57337,E,1,07,1.3,-3.7,M,44.7,M,,*67
636 1627469663 0 1 0.748
637 1627469663 0 0 25.45 8.28 170.1 61.45 101.2 6.36 155.8 18.8 186.8 1.42 41.30 12.3
638 1627469663 0 7 $GNGGA,105424.000,4423.81018,N,00855.57418,E,1,07,1.3,-3.2,M,44.7,M,,*6C
639 1627469664 0 7 $GNGGA,105425.000,4423.81064,N,00855.57518,E,1,07,1.3,-2.5,M,44.7,M,,*61
640 1627469665 0 7 $GNGGA,105426.000,4423.81112,N,00855.57614,E,1,07,1.3,-2.5,M,44.7,M,,*6D
641 1627469665 0 3 2.53 0.00
642 1627469665 0 4 2.50 1.40
643 1627469666 0 5 0.03
644 1627469666 0 6 0.14
645 1627469666 0 8 4.98 12.36 11.87
646 1627469666 0 1 0.920
647 1627469666 0 0 25.43 8.29 170.1 61.40 101.2 6.36 155.9 18.8 187.0 1.48 41.26 12.3
648 1627469666 0 7 $GNGGA,105427.000,4423.81163,N,00855.57712,E,1,07,1.3,-2.4,M,44.7,M,,*6C
649 1627469667 0 7 $GNGGA,105428.000,4423.81220,N,00855.57814,E,1,07,1.3,-2.4,M,44.7,M,,*6E
650 1627469668 0 7 $GNGGA,105429.000,4423.81271,N,00855.57919,E,1,07,1.3,-2.0,M,44.7,M,,*63
651 1627469668 0 3 2.53 0.00
652 1627469668 0 4 2.51 1.40
653 1627469669 0 5 0.03
654 1627469669 0 6 0.12
655 1627469669 0 8 4.98 12.36 11.84
656 1627469669 0 1 1.120
657 1627469669 0 0 25.45 8.28 170.1 61.38 101.2 6.36 155.5 18.9 186.7 1.52 41.24 12.3
658 1627469669 0 7 $GNGGA,105430.000,4423.81327,N,00855.58028,E,1,07,1.3,-1.7,M,44.7,M,,*69
659 1627469670 0 7 $GNGGA,105431.000,4423.81405,N,00855.58130,E,1,07,1.3,-2.4,M,44.7,M,,*67
660 1627469671 0 3 2.53 0.00
661 1627469671 0 4 2.51 1.40
662 1627469672 0 5 0.03
663 1627469672 0 6 0.17
664 1627469672 0 8 4.98 12.36 11.87
665 1627469672 0 7 $GNGGA,105432.000,4423.81479,N,00855.58230,E,1,07,1.3,-2.4,M,44.7,M,,*6C
666 1627469672 0 1 0.803
667 1627469672 0 0 25.47 8.29 170.1 61.41 101.2 6.35 155.2 18.9 186.1 1.55 41.27 12.3
668 1627469672 0 7 $GNGGA,105433.000,4423.81551,N,00855.58322,E,1,07,1.3,-2.4,M,44.7,M,,*64
669 1627469673 0 7 $GNGGA,105434.000,4423.81627,N,00855.58414,E,1,07,1.3,-2.6,M,44.7,M,,*61
670 1627469674 0 7 $GNGGA,105435.000,4423.81708,N,00855.58497,E,1,07,1.3,-2.8,M,44.7,M,,*69
671 1627469674 0 3 2.53 0.00
672 1627469674 0 4 2.51 1.40
673 1627469675 0 5 0.03
674 1627469675 0 6 0.16
675 1627469675 0 8 4.98 12.36 11.87
676 1627469675 0 1 1.583
677 1627469675 0 0 25.49 8.28 170.1 61.46 101.2 6.35 155.1 18.9 185.5 1.53 41.30 12.3
678 1627469675 0 7 $GNGGA,105436.000,4423.81783,N,00855.58573,E,1,07,1.3,-3.2,M,44.7,M,,*69
679 1627469676 0 7 $GNGGA,105437.000,4423.81856,N,00855.58659,E,1,07,1.3,-3.2,M,44.7,M,,*64
680 1627469677 0 7 $GNGGA,105438.000,4423.81922,N,00855.58773,E,1,07,1.3,-2.8,M,44.7,M,,*6B
681 1627469677 0 3 2.53 0.00
682 1627469677 0 4 2.51 1.40
683 1627469678 0 5 0.03
684 1627469678 0 6 0.07
685 1627469678 0 8 4.98 12.35 11.87
686 1627469678 0 1 0.792
687 1627469678 0 0 25.50 8.29 170.1 61.41 101.2 6.35 155.3 18.9 185.5 1.50 41.27 12.3
688 1627469678 0 7 $GNGGA,105439.000,4423.81982,N,00855.58896,E,1,07,1.3,-2.5,M,44.7,M,,*69
689 1627469679 0 7 $GNGGA,105440.000,4423.82037,N,00855.59027,E,1,07,1.3,-1.8,M,44.7,M,,*6E
690 1627469680 0 7 $GNGGA,105441.000,4423.82109,N,00855.59152,E,1,07,1.3,-1.3,M,44.7,M,,*6B
691 1627469680 0 3 2.53 0.00
692 1627469680 0 4 2.51 1.40
693 1627469681 0 5 0.03
694 1627469681 0 6 0.11
695 1627469681 0 8 4.98 12.36 11.87
696 1627469681 0 1 0.704
697 1627469681 0 0 25.52 8.28 170.1 61.35 101.3 6.36 155.0 18.9 186.3 1.72 41.22 12.3
698 1627469681 0 7 $GNGGA,105442.000,4423.82190,N,00855.59280,E,1,07,1.3,-0.5,M,44.7,M,,*63
699 1627469682 0 7 $GNGGA,105443.000,4423.82288,N,00855.59401,E,1,07,1.3,0.3,M,44.7,M,,*4C
700 1627469683 0 7 $GNGGA,105444.000,4423.82386,N,00855.59503,E,1,07,1.3,0.7,M,44.7,M,,*43
701 1627469683 0 3 2.53 0.00
702 1627469684 0 4 2.51 1.40
703 1627469684 0 5 0.03
704 1627469684 0 6 0.07
705 1627469684 0 8 4.98 12.36 11.87
706 1627469684 0 1 0.678
707 1627469684 0 0 25.52 8.29 170.0 61.46 101.3 6.35 154.9 18.9 186.7 1.89 41.30 12.3
708 1627469684 0 7 $GNGGA,105445.000,4423.82444,N,00855.59591,E,1,07,1.3,0.5,M,44.7,M,,*42
709 1627469685 0 7 $GNGGA,105446.000,4423.82479,N,00855.59681,E,1,07,1.3,0.2,M,44.7,M,,*4A
710 1627469686 0 7 $GNGGA,105447.000,4423.82510,N,00855.59778,E,1,07,1.3,-0.1,M,44.7,M,,*6C
711 1627469686 0 3 2.53 0.00
712 1627469686 0 4 2.51 1.40
713 1627469687 0 5 0.03
714 1627469687 0 6 0.13
715 1627469687 0 8 4.98 12.36 11.87
716 1627469687 0 1 0.791
717 1627469687 0 0 25.51 8.28 170.0 61.39 101.3 6.36 155.0 18.9 186.9 1.89 41.25 12.3
718 1627469687 0 7 $GNGGA,105448.000,4423.82561,N,00855.59863,E,1,07,1.3,-0.6,M,44.7,M,,*67
719 1627469688 0 7 $GNGGA,105449.000,4423.82597,N,00855.59934,E,1,07,1.3,-0.8,M,44.7,M,,*62
720 1627469689 0 7 $GNGGA,105450.000,4423.82622,N,00855.60043,E,1,07,1.3,-0.9,M,44.7,M,,*65
721 1627469689 0 3 2.53 0.00
722 1627469689 0 4 2.51 1.41
723 1627469690 0 5 0.03
724 1627469690 0 6 0.15
725 1627469690 0 8 4.98 12.36 11.87
726 1627469690 0 1 0.700
727 1627469690 0 0 25.51 8.29 170.0 61.38 101.3 6.36 155.2 18.9 187.0 1.94 41.24 12.3
728 1627469690 0 7 $GNGGA,105451.000,4423.82640,N,00855.60188,E,1,07,1.3,-1.2,M,44.7,M,,*6C
729 1627469691 0 7 $GNGGA,105452.000,4423.82669,N,00855.60343,E,1,07,1.3,-1.4,M,44.7,M,,*67
730 1627469692 0 7 $GNGGA,105453.000,4423.82688,N,00855.60486,E,1,07,1.3,-1.6,M,44.7,M,,*65
731 1627469692 0 3 2.53 0.00
732 1627469692 0 4 2.51 1.40
733 1627469693 0 5 0.03
734 1627469693 0 6 0.08
735 1627469693 0 8 4.98 12.36 11.87
736 1627469693 0 1 0.781
737 1627469693 0 0 25.52 8.29 170.0 61.42 101.3 6.36 155.1 18.9 187.1 2.04 41.28 12.3
738 1627469693 0 7 $GNGGA,105454.000,4423.82690,N,00855.60624,E,1,07,1.3,-1.5,M,44.7,M,,*62
739 1627469694 0 7 $GNGGA,105455.000,4423.82688,N,00855.60749,E,1,07,1.3,-1.8,M,44.7,M,,*6D
740 1627469695 0 7 $GNGGA,105456.000,4423.82691,N,00855.60864,E,1,07,1.3,-1.9,M,44.7,M,,*67
741 1627469695 0 3 2.53 0.00
742 1627469696 0 4 2.51 1.41
743 1627469696 0 5 0.03
744 1627469696 0 6 0.14
745 1627469696 0 8 4.98 12.36 11.87
746 1627469696 0 1 1.076
747 1627469696 0 0 25.52 8.29 169.9 61.33 101.3 6.36 154.9 18.9 187.1 2.11 41.21 12.3
748 1627469696 0 7 $GNGGA,105457.000,4423.82667,N,00855.60994,E,1,07,1.3,-3.0,M,44.7,M,,*6A
749 1627469697 0 7 $GNGGA,105458.000,4423.82662,N,00855.61114,E,1,07,1.3,-3.1,M,44.7,M,,*60
750 1627469698 0 7 $GNGGA,105459.000,4423.82664,N,00855.61219,E,1,07,1.3,-3.3,M,44.7,M,,*6B
751 1627469698 0 3 2.53 0.00
752 1627469699 0 4 2.51 1.40
753 1627469699 0 5 0.03
754 1627469699 0 6 0.13
755 1627469699 0 8 4.98 12.36 11.87
756 1627469699 0 1 0.789
757 1627469699 0 0 25.52 8.28 170.0 61.38 101.4 6.36 155.1 18.9 187.3 2.07 41.25 12.3
758 1627469699 0 7 $GNGGA,105500.000,4423.82663,N,00855.61311,E,1,07,1.3,-3.6,M,44.7,M,,*6D
759 1627469700 0 7 $GNGGA,105501.000,4423.82668,N,00855.61431,E,1,07,1.3,-3.1,M,44.7,M,,*65
760 1627469701 0 7 $GNGGA,105502.000,4423.82665,N,00855.61536,E,1,07,1.3,-3.1,M,44.7,M,,*6D
761 1627469701 0 3 2.53 0.00
762 1627469702 0 4 2.51 1.40
763 1627469702 0 5 0.03
764 1627469702 0 6 0.10
765 1627469702 0 8 4.98 12.36 11.87
766 1627469702 0 1 1.596
767 1627469702 0 0 25.51 8.28 170.0 61.40 101.4 6.37 155.3 18.9 187.3 2.06 41.26 12.3
768 1627469702 0 7 $GNGGA,105503.000,4423.82651,N,00855.61666,E,1,07,1.3,-3.1,M,44.7,M,,*6D
769 1627469703 0 7 $GNGGA,105504.000,4423.82645,N,00855.61756,E,1,07,1.3,-3.3,M,44.7,M,,*6F
770 1627469704 0 7 $GNGGA,105505.000,4423.82627,N,00855.61870,E,1,07,1.3,-3.2,M,44.7,M,,*60
771 1627469704 0 3 2.53 0.00
772 1627469704 0 4 2.51 1.40
773 1627469705 0 5 0.03
774 1627469705 0 6 0.11
775 1627469705 0 8 4.98 12.36 11.89
776 1627469705 0 1 0.792
777 1627469705 0 0 25.51 8.28 169.9 61.42 101.5 6.37 155.2 18.9 187.5 2.08 41.28 12.3
778 1627469705 0 7 $GNGGA,105506.000,4423.82599,N,00855.61986,E,1,07,1.3,-3.0,M,44.7,M,,*6F
779 1627469706 0 7 $GNGGA,105507.000,4423.82563,N,00855.62110,E,1,07,1.3,-2.8,M,44.7,M,,*66
780 1627469707 0 7 $GNGGA,105508.000,4423.82522,N,00855.62225,E,1,07,1.3,-2.6,M,44.7,M,,*67
781 1627469707 0 3 2.53 0.00
782 1627469707 0 4 2.51 1.40
783 1627469708 0 5 0.03
784 1627469708 0 6 0.10
785 1627469708 0 8 4.97 12.36 11.87
786 1627469708 0 1 0.816
787 1627469708 0 0 25.51 8.29 170.0 61.37 101.5 6.37 155.2 18.9 187.7 2.05 41.23 12.3
788 1627469708 0 7 $GNGGA,105509.000,4423.82462,N,00855.62354,E,1,07,1.3,-1.9,M,44.7,M,,*68
789 1627469709 0 7 $GNGGA,105510.000,4423.82417,N,00855.62455,E,1,07,1.3,-1.4,M,44.7,M,,*69
790 1627469710 0 7 $GNGGA,105511.000,4423.82380,N,00855.62575,E,1,07,1.3,-0.9,M,44.7,M,,*6E
791 1627469710 0 3 2.53 0.00
792 1627469711 0 4 2.51 1.40
793 1627469711 0 5 0.03
794 1627469711 0 6 0.15
795 1627469711 0 8 4.98 12.36 11.87
796 1627469711 0 1 0.777
797 1627469711 0 0 25.49 8.28 170.0 61.40 101.4 6.37 155.5 18.9 188.0 2.01 41.26 12.3
798 1627469711 0 7 $GNGGA,105512.000,4423.82335,N,00855.62706,E,1,07,1.3,-0.0,M,44.7,M,,*6C
799 1627469712 0 7 $GNGGA,105513.000,4423.82314,N,00855.62801,E,1,07,1.3,-0.4,M,44.7,M,,*62
800 1627469713 0 7 $GNGGA,105514.000,4423.82309,N,00855.62878,E,1,07,1.3,-0.4,M,44.7,M,,*67
801 1627469713 0 3 2.53 0.00
802 1627469714 0 4 2.51 1.40
803 1627469714 0 5 0.03
804 1627469714 0 6 0.15
805 1627469714 0 8 4.98 12.21 11.84
806 1627469714 0 1 0.823
807 1627469714 0 0 25.48 8.28 170.0 61.40 101.5 6.37 155.6 18.8 187.9 1.95 41.26 12.3
808 1627469714 0 7 $GNGGA,105515.000,4423.82304,N,00855.62954,E,1,07,1.3,-0.3,M,44.7,M,,*63
809 1627469715 0 7 $GNGGA,105516.000,4423.82286,N,00855.63045,E,1,07,1.3,-0.1,M,44.7,M,,*61
810 1627469716 0 7 $GNGGA,105517.000,4423.82262,N,00855.63145,E,1,07,1.3,0.1,M,44.7,M,,*46
811 1627469716 0 3 2.53 0.00
812 1627469717 0 4 2.51 1.40
813 1627469717 0 5 0.03
814 1627469717 0 6 0.11
815 1627469717 0 8 4.97 12.20 11.84
816 1627469717 0 1 0.758
817 1627469717 0 0 25.47 8.28 170.0 61.40 101.5 6.37 155.7 18.9 188.3 1.90 41.26 12.3
818 1627469717 0 7 $GNGGA,105518.000,4423.82255,N,00855.63237,E,1,07,1.3,-0.0,M,44.7,M,,*67
819 1627469718 0 7 $GNGGA,105519.000,4423.82254,N,00855.63331,E,1,07,1.3,-0.3,M,44.7,M,,*63
820 1627469719 0 7 $GNGGA,105520.000,4423.82250,N,00855.63423,E,1,07,1.3,-0.3,M,44.7,M,,*69
821 1627469719 0 3 2.53 0.00
822 1627469720 0 4 2.51 1.40
823 1627469720 0 5 0.03
824 1627469720 0 6 0.13
825 1627469720 0 8 4.98 12.35 11.87
826 1627469720 0 1 0.780
827 1627469720 0 0 25.46 8.28 170.0 61.36 101.5 6.38 155.9 18.8 188.2 1.88 41.23 12.3
828 1627469720 0 7 $GNGGA,105521.000,4423.82238,N,00855.63528,E,1,07,1.3,-0.4,M,44.7,M,,*6B
829 1627469721 0 7 $GNGGA,105522.000,4423.82227,N,00855.63643,E,1,07,1.3,-0.8,M,44.7,M,,*64
830 1627469722 0 7 $GNGGA,105523.000,4423.82207,N,00855.63784,E,1,07,1.3,-0.7,M,44.7,M,,*62
831 1627469722 0 3 2.53 0.00
832 1627469722 0 4 2.51 1.40
833 1627469723 0 5 0.03
834 1627469723 0 6 0.12
835 1627469723 0 8 4.97 12.22 11.84
836 1627469723 0 1 1.105
837 1627469723 0 0 25.44 8.28 169.9 61.42 101.6 6.38 156.0 18.8 188.4 1.86 41.27 12.3
838 1627469723 0 7 $GNGGA,105524.000,4423.82190,N,00855.63902,E,1,07,1.3,-0.7,M,44.7,M,,*68
839 1627469724 0 7 $GNGGA,105525.000,4423.82164,N,00855.64011,E,1,07,1.3,-0.2,M,44.7,M,,*6B
840 1627469725 0 7 $GNGGA,105526.000,4423.82140,N,00855.64059,E,1,07,1.3,-0.1,M,44.7,M,,*61
841 1627469725 0 3 2.53 0.00
842 1627469725 0 4 2.51 1.40
843 1627469726 0 5 0.03
844 1627469726 0 6 0.11
845 1627469726 0 8 4.98 12.35 11.87
846 1627469726 0 1 0.739
847 1627469726 0 0 25.43 8.29 170.0 61.44 101.6 6.38 156.0 18.8 189.0 1.75 41.29 12.3
848 1627469726 0 7 $GNGGA,105527.000,4423.82110,N,00855.64109,E,1,07,1.3,0.1,M,44.7,M,,*4C
849 1627469727 0 7 $GNGGA,105528.000,4423.82070,N,00855.64185,E,1,07,1.3,0.2,M,44.7,M,,*43
850 1627469728 0 7 $GNGGA,105529.000,4423.82026,N,00855.64288,E,1,07,1.3,0.5,M,44.7,M,,*48
851 1627469728 0 3 2.53 0.00
852 1627469728 0 4 2.51 1.40
853 1627469729 0 5 0.03
854 1627469729 0 6 0.12
855 1627469729 0 8 4.98 12.36 11.87
856 1627469729 0 1 1.586
857 1627469729 0 0 25.40 8.29 169.9 61.40 101.6 6.39 156.5 18.8 189.0 1.59 41.26 12.4
858 1627469729 0 7 $GNGGA,105530.000,4423.81972,N,00855.64412,E,1,07,1.3,1.0,M,44.7,M,,*4A
859 1627469730 0 7 $GNGGA,105531.000,4423.81957,N,00855.64420,E,1,07,1.3,0.9,M,44.7,M,,*45
860 1627469731 0 7 $GNGGA,105532.000,4423.81944,N,00855.64431,E,1,07,1.3,0.9,M,44.7,M,,*44
861 1627469731 0 3 2.53 0.00
862 1627469731 0 4 2.51 1.40
863 1627469732 0 5 0.03
864 1627469732 0 6 0.15
865 1627469732 0 8 4.98 12.21 11.84
866 1627469732 0 1 0.716
867 1627469732 0 0 25.39 8.29 169.9 61.39 101.7 6.39 156.3 18.8 188.7 1.64 41.25 12.4
868 1627469732 0 7 $GNGGA,105533.000,4423.81924,N,00855.64449,E,1,07,1.3,0.9,M,44.7,M,,*4C
869 1627469733 0 7 $GNGGA,105534.000,4423.81915,N,00855.64548,E,1,07,1.3,0.9,M,44.7,M,,*49
871 1627469734 0 3 2.53 0.00
872 1627469735 0 4 2.51 1.40
873 1627469735 0 5 0.03
874 1627469735 0 6 0.13
875 1627469735 0 8 4.98 12.36 11.87
876 1627469735 0 1 0.670
877 1627469735 0 0 25.39 8.29 169.9 61.39 101.7 6.39 156.3 18.8 188.5 1.57 41.25 12.4
878 1627469735 0 7 $GNGGA,105536.000,4423.81865,N,00855.64871,E,1,07,1.3,1.2,M,44.7,M,,*40
879 1627469736 0 7 $GNGGA,105537.000,4423.81859,N,00855.64977,E,1,07,1.3,1.1,M,44.7,M,,*4A
880 1627469737 0 7 $GNGGA,105538.000,4423.81838,N,00855.65096,E,1,07,1.3,1.3,M,44.7,M,,*47
881 1627469737 0 3 2.53 0.00
882 1627469738 0 4 2.51 1.40
883 1627469738 0 5 0.03
884 1627469738 0 6 0.17
885 1627469738 0 8 4.98 12.35 11.87
886 1627469738 0 1 0.634
887 1627469738 0 0 25.39 8.29 169.8 61.44 101.7 6.39 156.2 18.8 188.4 1.47 41.29 12.4
888 1627469738 0 7 $GNGGA,105539.000,4423.81812,N,00855.65230,E,1,07,1.3,2.3,M,44.7,M,,*43
889 1627469739 0 7 $GNGGA,105540.000,4423.81775,N,00855.65336,E,1,07,1.3,2.9,M,44.7,M,,*4E
890 1627469740 0 7 $GNGGA,105541.000,4423.81725,N,00855.65464,E,1,07,1.3,3.5,M,44.7,M,,*47
891 1627469740 0 3 2.53 0.00
892 1627469740 0 4 2.51 1.39
893 1627469741 0 5 0.03
894 1627469741 0 6 0.09
895 1627469741 0 8 4.98 12.35 11.87
896 1627469741 0 1 0.794
897 1627469741 0 0 25.39 8.29 169.8 61.41 101.7 6.39 156.2 18.8 188.6 1.43 41.27 12.4
898 1627469741 0 7 $GNGGA,105542.000,4423.81681,N,00855.65592,E,1,07,1.3,4.1,M,44.7,M,,*40
899 1627469742 0 7 $GNGGA,105543.000,4423.81652,N,00855.65718,E,1,07,1.3,4.0,M,44.7,M,,*4E
900 1627469743 0 7 $GNGGA,105544.000,4423.81611,N,00855.65859,E,1,07,1.3,4.2,M,44.7,M,,*46
901 1627469743 0 3 2.53 0.00
902 1627469743 0 4 2.51 1.40
903 1627469744 0 5 0.03
904 1627469744 0 6 0.10
905 1627469744 0 8 4.98 12.36 11.87
906 1627469744 0 1 0.674
907 1627469744 0 0 25.39 8.29 169.8 61.44 101.7 6.39 156.0 18.8 188.3 1.50 41.29 12.4
908 1627469744 0 7 $GNGGA,105545.000,4423.81562,N,00855.66021,E,1,07,1.3,4.3,M,44.7,M,,*45
909 1627469745 0 7 $GNGGA,105546.000,4423.81503,N,00855.66142,E,1,07,1.3,4.3,M,44.7,M,,*45
910 1627469746 0 7 $GNGGA,105547.000,4423.81453,N,00855.66277,E,1,07,1.3,4.4,M,44.7,M,,*42
911 1627469746 0 3 2.53 0.00
912 1627469746 0 4 2.51 1.39
913 1627469747 0 5 0.03
914 1627469747 0 6 0.15
915 1627469747 0 8 4.97 12.34 11.87
916 1627469747 0 1 0.790
917 1627469747 0 0 25.37 8.29 169.9 61.41 101.7 6.40 156.1 18.8 188.6 1.52 41.27 12.4
918 1627469747 0 7 $GNGGA,105548.000,4423.81422,N,00855.66415,E,1,07,1.3,4.3,M,44.7,M,,*4E
919 1627469748 0 7 $GNGGA,105549.000,4423.81391,N,00855.66570,E,1,07,1.3,4.5,M,44.7,M,,*44
920 1627469749 0 7 $GNGGA,105550.000,4423.81339,N,00855.66716,E,1,07,1.3,4.8,M,44.7,M,,*41
921 1627469749 0 3 2.53 0.00
922 1627469750 0 4 2.51 1.39
923 1627469750 0 5 0.03
924 1627469750 0 6 0.18
925 1627469750 0 8 4.98 12.35 11.87
926 1627469750 0 1 1.130
927 1627469750 0 0 25.38 8.29 169.7 61.44 101.7 6.39 156.1 18.8 188.4 1.55 41.29 12.4
928 1627469750 0 7 $GNGGA,105551.000,4423.81304,N,00855.66846,E,1,07,1.3,4.8,M,44.7,M,,*44
929 1627469751 0 7 $GNGGA,105552.000,4423.81279,N,00855.66978,E,1,07,1.3,4.9,M,44.7,M,,*41
930 1627469752 0 7 $GNGGA,105553.000,4423.81254,N,00855.67150,E,1,07,1.3,5.1,M,44.7,M,,*45
931 1627469752 0 3 2.53 0.00
932 1627469752 0 4 2.51 1.39
933 1627469753 0 5 0.03
934 1627469753 0 6 0.17
935 1627469753 0 8 4.98 12.36 11.87
936 1627469753 0 1 0.817
937 1627469753 0 0 25.37 8.29 169.8 61.38 101.7 6.40 156.0 18.8 187.9 1.64 41.24 12.3
938 1627469753 0 7 $GNGGA,105554.000,4423.81236,N,00855.67307,E,1,07,1.3,5.2,M,44.7,M,,*45
939 1627469754 0 7 $GNGGA,105555.000,4423.81226,N,00855.67439,E,1,07,1.3,5.3,M,44.7,M,,*4E
940 1627469755 0 7 $GNGGA,105556.000,4423.81217,N,00855.67565,E,1,07,1.3,5.4,M,44.7,M,,*40
941 1627469755 0 3 2.53 0.00
942 1627469756 0 4 2.51 1.39
943 1627469756 0 5 0.03
944 1627469756 0 6 0.08
945 1627469756 0 8 4.98 12.35 11.87
946 1627469756 0 1 1.568
947 1627469756 0 0 25.39 8.29 169.8 61.44 101.7 6.39 155.8 18.8 187.8 1.74 41.29 12.4
948 1627469756 0 7 $GNGGA,105557.000,4423.81210,N,00855.67697,E,1,07,1.3,5.4,M,44.7,M,,*48
949 1627469757 0 7 $GNGGA,105558.000,4423.81202,N,00855.67819,E,1,07,1.3,5.6,M,44.7,M,,*4E
950 1627469758 0 7 $GNGGA,105559.000,4423.81198,N,00855.67936,E,1,07,1.3,5.6,M,44.7,M,,*43
951 1627469758 0 3 2.53 0.00
952 1627469758 0 4 2.51 1.38
953 1627469759 0 5 0.03
954 1627469759 0 6 0.07
955 1627469759 0 8 4.98 12.35 11.89
956 1627469759 0 1 0.704
957 1627469759 0 0 25.39 8.29 169.7 61.41 101.7 6.40 155.7 18.8 187.9 1.86 41.27 12.4
958 1627469759 0 7 $GNGGA,105600.000,4423.81187,N,00855.68053,E,1,07,1.3,5.7,M,44.7,M,,*46
959 1627469760 0 7 $GNGGA,105601.000,4423.81181,N,00855.68184,E,1,07,1.3,6.0,M,44.7,M,,*4E
960 1627469762 0 7 $GNGGA,105602.000,4423.81164,N,00855.68320,E,1,07,1.3,6.5,M,44.7,M,,*4F
961 1627469762 0 3 2.53 0.00
962 1627469762 0 4 2.51 1.38
963 1627469762 0 5 0.03
964 1627469762 0 6 0.10
965 1627469762 0 8 4.97 12.36 11.87
966 1627469762 0 1 0.803
967 1627469763 0 0 25.38 8.29 169.7 61.43 101.7 6.40 155.7 18.8 187.8 2.01 41.29 12.4
968 1627469763 0 7 $GNGGA,105603.000,4423.81140,N,00855.68480,E,1,07,1.3,7.1,M,44.7,M,,*40
969 1627469764 0 7 $GNGGA,105604.000,4423.81106,N,00855.68613,E,1,07,1.3,7.5,M,44.7,M,,*49
970 1627469765 0 7 $GNGGA,105605.000,4423.81092,N,00855.68717,E,1,07,1.3,8.0,M,44.7,M,,*4B
971 1627469765 0 3 2.53 0.00
972 1627469765 0 4 2.51 1.38
973 1627469765 0 5 0.03
974 1627469765 0 6 0.09
975 1627469765 0 8 4.98 12.36 11.87
976 1627469765 0 1 0.656
977 1627469766 0 0 25.39 8.29 169.6 61.43 101.7 6.39 155.6 18.8 187.3 2.07 41.29 12.4
978 1627469766 0 7 $GNGGA,105606.000,4423.81105,N,00855.68854,E,1,07,1.3,8.9,M,44.7,M,,*46
979 1627469767 0 7 $GNGGA,105607.000,4423.81093,N,00855.68983,E,1,07,1.3,9.6,M,44.7,M,,*4C
980 1627469768 0 7 $GNGGA,105608.000,4423.81070,N,00855.69082,E,1,07,1.3,10.3,M,44.7,M,,*7A
981 1627469768 0 3 2.53 0.00
982 1627469768 0 4 2.51 1.38
983 1627469768 0 5 0.03
984 1627469768 0 6 0.11
985 1627469768 0 8 4.98 12.35 11.87
986 1627469768 0 1 0.696
987 1627469768 0 0 25.39 8.29 169.7 61.54 101.7 6.39 155.6 18.8 187.1 2.15 41.37 12.4
988 1627469769 0 7 $GNGGA,105609.000,4423.81059,N,00855.69172,E,1,07,1.3,10.6,M,44.7,M,,*7B
989 1627469770 0 7 $GNGGA,105610.000,4423.81084,N,00855.69253,E,1,07,1.3,10.3,M,44.7,M,,*76
990 1627469771 0 7 $GNGGA,105611.000,4423.81125,N,00855.69358,E,1,07,1.3,10.7,M,44.7,M,,*73
991 1627469771 0 3 2.53 0.00
992 1627469771 0 4 2.51 1.38
993 1627469771 0 5 0.03
994 1627469771 0 6 0.12
995 1627469771 0 8 4.98 12.36 11.87
996 1627469771 0 1 0.824
997 1627469771 0 0 25.37 8.29 169.7 61.46 101.7 6.40 155.9 18.8 188.0 2.16 41.31 12.3
998 1627469772 0 7 $GNGGA,105612.000,4423.81148,N,00855.69476,E,1,07,1.3,10.6,M,44.7,M,,*71
999 1627469773 0 7 $GNGGA,105613.000,4423.81164,N,00855.69577,E,1,07,1.3,10.6,M,44.7,M,,*7E
1000 1627469774 0 2 0.06710000 1.32550001 1.12549996 0.01020000 2.67630004 0.00640000 0.03270000 0.29739999 1.00000000 92.74600219
1001 1627469774 0 7 $GNGGA,105614.000,4423.81180,N,00855.69699,E,1,07,1.3,10.9,M,44.7,M,,*7F
1002 1627469774 0 3 2.53 0.00
1003 1627469774 0 4 2.51 1.38
1004 1627469774 0 5 0.03
1005 1627469774 0 6 0.15
1006 1627469774 0 8 4.98 12.36 11.87
1007 1627469774 0 1 0.723
1008 1627469774 0 0 25.39 8.29 169.7 61.51 101.7 6.39 155.6 18.8 187.5 2.20 41.34 12.4
1009 1627469775 0 7 $GNGGA,105615.000,4423.81210,N,00855.69831,E,1,07,1.3,11.3,M,44.7,M,,*73
1010 1627469776 0 7 $GNGGA,105616.000,4423.81262,N,00855.69943,E,1,07,1.3,11.7,M,44.7,M,,*75
1011 1627469777 0 7 $GNGGA,105617.000,4423.81297,N,00855.70067,E,1,07,1.3,13.3,M,44.7,M,,*7F
1012 1627469777 0 3 2.53 0.00
1013 1627469777 0 4 2.51 1.38
1014 1627469777 0 5 0.03
1015 1627469777 0 6 0.14
1016 1627469777 0 8 4.98 12.36 11.87
1017 1627469777 0 1 1.106
1018 1627469777 0 0 25.37 8.29 169.6 61.49 101.7 6.39 155.9 18.8 187.6 2.19 41.34 12.4
1019 1627469778 0 7 $GNGGA,105618.000,4423.81317,N,00855.70172,E,1,07,1.3,13.9,M,44.7,M,,*76
1020 1627469779 0 7 $GNGGA,105619.000,4423.81327,N,00855.70235,E,1,07,1.3,14.5,M,44.7,M,,*7F
1021 1627469780 0 7 $GNGGA,105620.000,4423.81315,N,00855.70309,E,1,07,1.3,15.0,M,44.7,M,,*7E
1022 1627469780 0 3 2.53 0.00
1023 1627469780 0 4 2.51 1.38
1024 1627469780 0 5 0.03
1025 1627469780 0 6 0.10
1026 1627469780 0 8 4.98 12.36 11.87
1027 1627469780 0 1 0.804
1028 1627469781 0 0 25.38 8.29 169.6 61.44 101.7 6.40 155.8 18.8 187.7 2.19 41.29 12.4
1029 1627469781 0 7 $GNGGA,105621.000,4423.81322,N,00855.70388,E,1,07,1.3,15.4,M,44.7,M,,*76
1030 1627469782 0 7 $GNGGA,105622.000,4423.81342,N,00855.70479,E,1,07,1.3,15.4,M,44.7,M,,*7A
1031 1627469783 0 7 $GNGGA,105623.000,4423.81343,N,00855.70601,E,1,07,1.3,15.5,M,44.7,M,,*76
1032 1627469783 0 3 2.53 0.00
1033 1627469783 0 4 2.51 1.39
1034 1627469783 0 5 0.03
1035 1627469783 0 6 0.13
1036 1627469783 0 8 4.97 12.36 11.87
1037 1627469783 0 1 1.584
1038 1627469784 0 0 25.40 8.29 169.6 61.39 101.7 6.40 155.6 18.8 187.3 2.24 41.25 12.3
1039 1627469784 0 7 $GNGGA,105624.000,4423.81357,N,00855.70741,E,1,07,1.3,15.2,M,44.7,M,,*76
1040 1627469785 0 7 $GNGGA,105625.000,4423.81376,N,00855.70854,E,1,07,1.3,14.8,M,44.7,M,,*74
1041 1627469786 0 7 $GNGGA,105626.000,4423.81410,N,00855.70941,E,1,07,1.3,13.9,M,44.7,M,,*73
1042 1627469786 0 3 2.53 0.00
1043 1627469786 0 4 2.51 1.38
1044 1627469786 0 5 0.03
1045 1627469786 0 6 0.13
1046 1627469786 0 8 4.97 12.36 11.87
1047 1627469786 0 1 0.719
1048 1627469787 0 0 25.41 8.29 169.6 61.34 101.7 6.40 155.5 18.8 187.1 2.28 41.22 12.3
1049 1627469787 0 7 $GNGGA,105627.000,4423.81435,N,00855.71023,E,1,07,1.3,13.3,M,44.7,M,,*73
1050 1627469788 0 7 $GNGGA,105628.000,4423.81482,N,00855.71042,E,1,07,1.3,12.9,M,44.7,M,,*7C
1051 1627469789 0 7 $GNGGA,105629.000,4423.81518,N,00855.71052,E,1,07,1.3,12.7,M,44.7,M,,*70
1052 1627469789 0 3 2.53 0.00
1053 1627469789 0 4 2.51 1.38
1054 1627469789 0 5 0.03
1055 1627469789 0 6 0.13
1056 1627469789 0 8 4.98 12.36 11.87
1057 1627469789 0 1 0.731
1058 1627469790 0 0 25.43 8.29 169.6 61.44 101.7 6.39 155.3 18.8 186.9 2.24 41.29 12.3
1059 1627469790 0 7 $GNGGA,105630.000,4423.81552,N,00855.71074,E,1,07,1.3,12.4,M,44.7,M,,*71
1060 1627469791 0 7 $GNGGA,105631.000,4423.81586,N,00855.71109,E,1,07,1.3,12.2,M,44.7,M,,*74
1061 1627469792 0 7 $GNGGA,105632.000,4423.81626,N,00855.71149,E,1,07,1.3,12.3,M,44.7,M,,*7B
1062 1627469792 0 3 2.53 0.00
1063 1627469792 0 4 2.51 1.39
1064 1627469792 0 5 0.03
1065 1627469792 0 6 0.14
1066 1627469792 0 8 4.98 12.36 11.87
1067 1627469792 0 1 0.682
1068 1627469793 0 0 25.44 8.29 169.6 61.42 101.7 6.39 155.5 18.8 187.0 2.21 41.27 12.4
1069 1627469793 0 7 $GNGGA,105633.000,4423.81688,N,00855.71183,E,1,07,1.3,12.5,M,44.7,M,,*7E
1070 1627469794 0 7 $GNGGA,105634.000,4423.81771,N,00855.71201,E,1,07,1.3,13.1,M,44.7,M,,*72
1071 1627469795 0 7 $GNGGA,105635.000,4423.81856,N,00855.71203,E,1,07,1.3,14.1,M,44.7,M,,*7C
1072 1627469795 0 3 2.53 0.00
1073 1627469795 0 4 2.51 1.38
1074 1627469795 0 5 0.03
1075 1627469795 0 6 0.15
1076 1627469795 0 8 4.98 12.35 11.87
1077 1627469795 0 1 0.643
1078 1627469796 0 0 25.47 8.29 169.6 61.37 101.8 6.39 155.1 18.9 186.6 2.23 41.24 12.4
1079 1627469796 0 7 $GNGGA,105636.000,4423.81941,N,00855.71208,E,1,07,1.3,14.8,M,44.7,M,,*7A
1080 1627469797 0 7 $GNGGA,105637.000,4423.82023,N,00855.71220,E,1,07,1.3,15.3,M,44.7,M,,*75
1081 1627469798 0 7 $GNGGA,105638.000,4423.82099,N,00855.71269,E,1,07,1.3,15.7,M,44.7,M,,*72
1082 1627469798 0 3 2.53 0.00
1083 1627469798 0 4 2.51 1.38
1084 1627469798 0 5 0.03
1085 1627469798 0 6 0.11
1086 1627469798 0 8 4.98 12.36 11.87
1087 1627469798 0 1 0.598
1088 1627469799 0 0 25.47 8.29 169.5 61.45 101.8 6.39 155.1 18.9 186.6 2.20 41.30 12.4
1089 1627469799 0 7 $GNGGA,105639.000,4423.82166,N,00855.71299,E,1,07,1.3,15.2,M,44.7,M,,*78
1090 1627469800 0 7 $GNGGA,105640.000,4423.82224,N,00855.71311,E,1,07,1.3,15.2,M,44.7,M,,*72
1091 1627469801 0 7 $GNGGA,105641.000,4423.82291,N,00855.71313,E,1,07,1.3,15.3,M,44.7,M,,*7E
1093 1627469801 0 4 2.51 1.38
1094 1627469801 0 5 0.03
1095 1627469801 0 6 0.10
1096 1627469801 0 8 4.98 12.35 11.87
1097 1627469801 0 1 0.608
1098 1627469802 0 0 25.49 8.29 169.4 61.40 101.8 6.39 155.1 18.8 186.6 2.21 41.26 12.5
1099 1627469802 0 7 $GNGGA,105642.000,4423.82372,N,00855.71295,E,1,07,1.3,15.7,M,44.7,M,,*7A
1100 1627469803 0 7 $GNGGA,105643.000,4423.82470,N,00855.71290,E,1,07,1.3,14.9,M,44.7,M,,*74
1101 1627469804 0 7 $GNGGA,105644.000,4423.82552,N,00855.71287,E,1,07,1.3,15.1,M,44.7,M,,*7D
1102 1627469804 0 3 2.53 0.00
1103 1627469804 0 4 2.51 1.38
1104 1627469804 0 5 0.03
1105 1627469804 0 6 0.13
1106 1627469804 0 8 4.98 12.36 11.84
1107 1627469804 0 1 0.874
1108 1627469805 0 0 25.53 8.29 169.5 61.40 101.8 6.39 154.9 18.9 186.4 2.21 41.26 12.5
1109 1627469805 0 7 $GNGGA,105645.000,4423.82639,N,00855.71272,E,1,07,1.3,15.2,M,44.7,M,,*7B
1110 1627469806 0 7 $GNGGA,105646.000,4423.82736,N,00855.71261,E,1,07,1.3,15.3,M,44.7,M,,*75
1111 1627469807 0 7 $GNGGA,105647.000,4423.82834,N,00855.71259,E,1,07,1.3,15.1,M,44.7,M,,*70
1112 1627469807 0 3 2.53 0.00
1113 1627469807 0 4 2.51 1.38
1114 1627469807 0 5 0.03
1115 1627469807 0 6 0.12
1116 1627469807 0 8 4.98 12.35 11.87
1117 1627469807 0 1 0.664
1118 1627469808 0 0 25.53 8.29 169.4 61.44 101.8 6.38 154.6 18.9 186.2 2.21 41.29 12.5
1119 1627469808 0 7 $GNGGA,105648.000,4423.82923,N,00855.71248,E,1,07,1.3,15.1,M,44.7,M,,*78
1120 1627469809 0 7 $GNGGA,105649.000,4423.83022,N,00855.71231,E,1,07,1.3,15.2,M,44.7,M,,*7D
1121 1627469810 0 7 $GNGGA,105650.000,4423.83100,N,00855.71221,E,1,07,1.3,15.4,M,44.7,M,,*73
1122 1627469810 0 3 2.53 0.00
1123 1627469810 0 4 2.51 1.38
1124 1627469810 0 5 0.03
1125 1627469810 0 6 0.08
1126 1627469810 0 8 4.98 12.36 11.87
1127 1627469810 0 1 0.631
1128 1627469811 0 0 25.53 8.29 169.4 61.42 101.8 6.39 155.2 18.8 186.7 2.25 41.27 12.5
1129 1627469811 0 7 $GNGGA,105651.000,4423.83184,N,00855.71201,E,1,07,1.3,15.6,M,44.7,M,,*7E
1130 1627469812 0 7 $GNGGA,105652.000,4423.83278,N,00855.71178,E,1,07,1.3,15.7,M,44.7,M,,*71
1131 1627469813 0 7 $GNGGA,105653.000,4423.83302,N,00855.71183,E,1,07,1.3,15.4,M,44.7,M,,*7B
1132 1627469813 0 3 2.53 0.00
1133 1627469813 0 4 2.51 1.38
1134 1627469813 0 5 0.03
1135 1627469813 0 6 0.10
1136 1627469813 0 8 4.98 12.36 11.87
1137 1627469813 0 1 0.642
1138 1627469814 0 0 25.52 8.29 169.4 61.41 101.8 6.39 155.0 18.9 186.8 2.28 41.26 12.5
1139 1627469814 0 7 $GNGGA,105654.000,4423.83322,N,00855.71189,E,1,07,1.3,15.1,M,44.7,M,,*71
1140 1627469815 0 7 $GNGGA,105655.000,4423.83396,N,00855.71160,E,1,07,1.3,14.8,M,44.7,M,,*70
1141 1627469816 0 7 $GNGGA,105656.000,4423.83467,N,00855.71124,E,1,07,1.3,14.6,M,44.7,M,,*74
1142 1627469816 0 3 2.53 0.00
1143 1627469816 0 4 2.51 1.38
1144 1627469816 0 5 0.03
1145 1627469816 0 6 0.12
1146 1627469816 0 8 4.97 12.36 11.87
1147 1627469816 0 1 0.662
1148 1627469817 0 0 25.57 8.29 169.4 61.42 101.9 6.39 154.7 18.9 185.8 2.27 41.28 12.5
1149 1627469817 0 7 $GNGGA,105657.000,4423.83548,N,00855.71100,E,1,07,1.3,14.4,M,44.7,M,,*7D
1150 1627469818 0 7 $GNGGA,105658.000,4423.83626,N,00855.71087,E,1,07,1.3,14.3,M,44.7,M,,*70
1151 1627469819 0 7 $GNGGA,105659.000,4423.83720,N,00855.71059,E,1,07,1.3,14.0,M,44.7,M,,*76
1153 1627469819 0 4 2.51 1.38
1154 1627469819 0 5 0.03
1155 1627469819 0 6 0.14
1156 1627469819 0 8 4.98 12.35 11.84
1157 1627469819 0 1 0.611
1158 1627469820 0 0 25.56 8.29 169.4 61.41 101.9 6.39 154.8 18.9 186.4 2.24 41.26 12.5
1159 1627469820 0 7 $GNGGA,105700.000,4423.83814,N,00855.71003,E,1,07,1.3,13.4,M,44.7,M,,*7F
1160 1627469821 0 7 $GNGGA,105701.000,4423.83916,N,00855.70929,E,1,07,1.3,12.6,M,44.7,M,,*7E
1161 1627469822 0 7 $GNGGA,105702.000,4423.84032,N,00855.70837,E,1,07,1.3,11.6,M,44.7,M,,*78
1162 1627469822 0 3 2.53 0.00
1163 1627469822 0 4 2.51 1.38
1164 1627469822 0 5 0.03
1165 1627469822 0 6 0.11
1166 1627469822 0 8 4.98 12.36 11.87
1167 1627469822 0 1 0.706
1168 1627469823 0 0 25.54 8.29 169.3 61.44 101.9 6.39 155.1 18.8 187.0 2.29 41.29 12.5
1169 1627469823 0 7 $GNGGA,105703.000,4423.84116,N,00855.70768,E,1,07,1.3,11.7,M,44.7,M,,*7A
1170 1627469824 0 7 $GNGGA,105704.000,4423.84198,N,00855.70710,E,1,07,1.3,11.5,M,44.7,M,,*76
1171 1627469825 0 7 $GNGGA,105705.000,4423.84271,N,00855.70665,E,1,07,1.3,11.7,M,44.7,M,,*72
1172 1627469825 0 3 2.53 0.00
1173 1627469825 0 4 2.51 1.38
1174 1627469825 0 5 0.03
1175 1627469825 0 6 0.12
1176 1627469825 0 8 4.97 12.36 11.84
1177 1627469825 0 1 0.641
1178 1627469826 0 0 25.55 8.29 169.4 61.47 101.9 6.39 155.2 18.8 186.7 2.32 41.31 12.6
1179 1627469826 0 7 $GNGGA,105706.000,4423.84354,N,00855.70622,E,1,07,1.3,11.6,M,44.7,M,,*75
1180 1627469827 0 7 $GNGGA,105707.000,4423.84417,N,00855.70585,E,1,07,1.3,11.5,M,44.7,M,,*79
1181 1627469828 0 7 $GNGGA,105708.000,4423.84478,N,00855.70541,E,1,07,1.3,11.4,M,44.7,M,,*76
1182 1627469828 0 3 2.53 0.00
1183 1627469828 0 4 2.51 1.38
1184 1627469828 0 5 0.03
1185 1627469828 0 6 0.12
1186 1627469828 0 8 4.98 12.35 11.87
1187 1627469828 0 1 0.692
1188 1627469829 0 0 25.53 8.29 169.3 61.40 101.9 6.39 155.4 18.8 187.2 2.28 41.26 12.6
1189 1627469829 0 7 $GNGGA,105709.000,4423.84546,N,00855.70487,E,1,07,1.3,11.4,M,44.7,M,,*70
1190 1627469830 0 7 $GNGGA,105710.000,4423.84618,N,00855.70445,E,1,07,1.3,11.8,M,44.7,M,,*72
1191 1627469831 0 7 $GNGGA,105711.000,4423.84690,N,00855.70402,E,1,07,1.3,11.8,M,44.7,M,,*70
1192 1627469831 0 3 2.53 0.00
1193 1627469831 0 4 2.51 1.38
1194 1627469831 0 5 0.03
1195 1627469831 0 6 0.12
1196 1627469831 0 8 4.98 12.36 11.87
1197 1627469831 0 1 0.997
1198 1627469832 0 0 25.53 8.29 169.3 61.35 101.9 6.40 155.3 18.8 186.8 2.26 41.22 12.6
1199 1627469832 0 7 $GNGGA,105712.000,4423.84753,N,00855.70326,E,1,07,1.3,12.0,M,44.7,M,,*77
1200 1627469833 0 7 $GNGGA,105713.000,4423.84814,N,00855.70243,E,1,07,1.3,12.5,M,44.7,M,,*7D
1201 1627469834 0 7 $GNGGA,105714.000,4423.84871,N,00855.70149,E,1,07,1.3,12.6,M,44.7,M,,*73
1202 1627469834 0 3 2.53 0.00
1203 1627469834 0 4 2.51 1.38
1204 1627469834 0 5 0.03
1205 1627469834 0 6 0.10
1206 1627469834 0 8 4.97 12.22 11.84
1207 1627469834 0 1 0.739
1208 1627469835 0 0 25.52 8.29 169.3 61.42 102.0 6.40 155.5 18.8 187.7 2.33 41.28 12.6
1209 1627469835 0 7 $GNGGA,105715.000,4423.84915,N,00855.70053,E,1,07,1.3,12.6,M,44.7,M,,*7B
1210 1627469836 0 7 $GNGGA,105716.000,4423.84958,N,00855.69980,E,1,07,1.3,12.3,M,44.7,M,,*7B
1211 1627469837 0 7 $GNGGA,105717.000,4423.85019,N,00855.69922,E,1,07,1.3,12.0,M,44.7,M,,*7C
1212 1627469837 0 3 2.53 0.00
1213 1627469837 0 4 2.51 1.38
1214 1627469837 0 5 0.03
1215 1627469837 0 6 0.13
1216 1627469837 0 8 4.98 12.21 11.84
1217 1627469837 0 1 1.490
1218 1627469838 0 0 25.52 8.29 169.3 61.42 102.0 6.40 155.5 18.8 187.2 2.29 41.27 12.6
1219 1627469838 0 7 $GNGGA,105718.000,4423.85086,N,00855.69861,E,1,07,1.3,11.9,M,44.7,M,,*79
1220 1627469839 0 7 $GNGGA,105719.000,4423.85151,N,00855.69797,E,1,07,1.3,11.8,M,44.7,M,,*74
1221 1627469840 0 7 $GNGGA,105720.000,4423.85196,N,00855.69722,E,1,07,1.3,11.6,M,44.7,M,,*75
1222 1627469840 0 3 2.53 0.00
1223 1627469840 0 4 2.51 1.38
1224 1627469840 0 5 0.03
1225 1627469840 0 6 0.12
1226 1627469840 0 8 4.97 12.39 11.89
1227 1627469841 0 0 25.53 8.29 169.3 61.41 102.0 6.40 155.3 18.8 187.1 2.20 41.27 12.6
1228 1627469841 0 7 $GNGGA,105721.000,4423.85229,N,00855.69633,E,1,07,1.3,12.1,M,44.7,M,,*76
1229 1627469842 0 7 $GNGGA,105722.000,4423.85268,N,00855.69537,E,1,07,1.3,11.3,M,44.7,M,,*76
1230 1627469843 0 7 $GNGGA,105723.000,4423.85306,N,00855.69449,E,1,07,1.3,11.9,M,44.7,M,,*7C
1231 1627469843 0 3 2.53 0.00
1232 1627469843 0 4 2.51 1.38
1233 1627469843 0 5 0.03
1234 1627469843 0 6 0.15
1235 1627469843 0 8 4.97 12.25 11.84
1236 1627469844 0 0 25.51 8.29 169.3 61.44 102.1 6.40 155.6 18.8 187.6 2.23 41.29 12.6
1237 1627469844 0 7 $GNGGA,105724.000,4423.85339,N,00855.69365,E,1,07,1.3,12.1,M,44.7,M,,*75
1238 1627469845 0 7 $GNGGA,105725.000,4423.85374,N,00855.69266,E,1,07,1.3,12.6,M,44.7,M,,*78
1239 1627469846 0 7 $GNGGA,105726.000,4423.85410,N,00855.69174,E,1,07,1.3,12.6,M,44.7,M,,*7E
1240 1627469846 0 3 2.53 0.00
1241 1627469846 0 4 2.51 1.38
1242 1627469846 0 5 0.03
1243 1627469846 0 6 0.10
1244 1627469846 0 8 4.98 12.40 11.89
1245 1627469847 0 0 25.52 8.29 169.3 61.40 102.1 6.41 155.5 18.8 187.5 2.19 41.26 12.6
1246 1627469847 0 7 $GNGGA,105727.000,4423.85452,N,00855.69117,E,1,07,1.3,12.4,M,44.7,M,,*7E
1247 1627469848 0 7 $GNGGA,105728.000,4423.85471,N,00855.69046,E,1,07,1.3,12.9,M,44.7,M,,*78
1248 1627469849 0 7 $GNGGA,105729.000,4423.85498,N,00855.68983,E,1,07,1.3,13.0,M,44.7,M,,*77
1249 1627469849 0 3 2.53 0.00
1250 1627469849 0 4 2.51 1.38
1251 1627469849 0 5 0.03
1252 1627469849 0 6 0.10
1253 1627469849 0 8 4.98 12.41 11.78
1254 1627469850 0 0 25.53 8.29 169.3 61.42 102.2 6.41 155.3 18.8 187.2 2.15 41.27 12.6
1255 1627469850 0 7 $GNGGA,105730.000,4423.85528,N,00855.68906,E,1,07,1.3,13.0,M,44.7,M,,*78
1256 1627469850 0 1 0.699
1257 1627469851 0 7 $GNGGA,105731.000,4423.85567,N,00855.68786,E,1,07,1.3,12.5,M,44.7,M,,*70
1258 1627469852 0 7 $GNGGA,105732.000,4423.85605,N,00855.68677,E,1,07,1.3,11.7,M,44.7,M,,*7A
1259 1627469852 0 3 2.53 0.00
1260 1627469852 0 4 2.51 1.38
1261 1627469852 0 5 0.03
1262 1627469852 0 6 0.11
1263 1627469852 0 8 4.97 12.20 11.87
1264 1627469852 0 1 0.685
1265 1627469853 0 0 25.54 8.29 169.3 61.44 102.2 6.41 155.2 18.8 187.5 2.06 41.29 12.5
1266 1627469853 0 7 $GNGGA,105733.000,4423.85638,N,00855.68569,E,1,07,1.3,11.7,M,44.7,M,,*79
1267 1627469854 0 7 $GNGGA,105734.000,4423.85666,N,00855.68451,E,1,07,1.3,11.7,M,44.7,M,,*7F
1268 1627469855 0 7 $GNGGA,105735.000,4423.85709,N,00855.68309,E,1,07,1.3,11.2,M,44.7,M,,*79
1269 1627469855 0 3 2.53 0.00
1270 1627469855 0 4 2.51 1.38
1271 1627469855 0 5 0.03
1272 1627469855 0 6 0.11
1273 1627469855 0 8 4.97 12.34 11.89
1274 1627469855 0 1 0.889
1275 1627469856 0 0 25.54 8.29 169.3 61.45 102.2 6.41 155.2 18.8 187.2 2.01 41.29 12.5
1276 1627469856 0 7 $GNGGA,105736.000,4423.85736,N,00855.68166,E,1,07,1.3,10.9,M,44.7,M,,*77
1277 1627469857 0 7 $GNGGA,105737.000,4423.85791,N,00855.68034,E,1,07,1.3,10.7,M,44.7,M,,*73
1278 1627469858 0 7 $GNGGA,105738.000,4423.85833,N,00855.67897,E,1,07,1.3,10.6,M,44.7,M,,*74
1279 1627469858 0 3 2.53 0.00
1282 1627469858 0 6 0.17
1283 1627469858 0 8 4.98 12.35 11.89
1284 1627469858 0 1 0.665
1285 1627469859 0 0 25.55 8.29 169.3 61.44 102.2 6.41 155.1 18.9 186.6 1.99 41.29 12.5
1286 1627469859 0 7 $GNGGA,105739.000,4423.85868,N,00855.67768,E,1,07,1.3,10.5,M,44.7,M,,*77
1287 1627469860 0 7 $GNGGA,105740.000,4423.85895,N,00855.67666,E,1,07,1.3,10.8,M,44.7,M,,*79
1288 1627469861 0 7 $GNGGA,105741.000,4423.85930,N,00855.67527,E,1,07,1.3,11.0,M,44.7,M,,*79
1289 1627469861 0 3 2.53 0.00
1290 1627469861 0 4 2.51 1.38
1291 1627469861 0 5 0.03
1292 1627469861 0 6 0.13
1293 1627469861 0 8 4.98 12.35 11.89
1294 1627469861 0 1 1.258
1295 1627469862 0 0 25.57 8.29 169.3 61.39 102.3 6.41 155.0 18.9 186.7 1.91 41.25 12.6
1296 1627469862 0 7 $GNGGA,105742.000,4423.85988,N,00855.67364,E,1,07,1.3,11.1,M,44.7,M,,*79
1297 1627469863 0 7 $GNGGA,105743.000,4423.86043,N,00855.67180,E,1,07,1.3,11.4,M,44.7,M,,*78
1298 1627469864 0 7 $GNGGA,105744.000,4423.86087,N,00855.67005,E,1,07,1.3,11.5,M,44.7,M,,*7A
1299 1627469864 0 3 2.53 0.00
1300 1627469864 0 4 2.51 1.38
1301 1627469864 0 5 0.03
1302 1627469864 0 6 0.16
1303 1627469864 0 8 4.98 12.34 11.87
1304 1627469864 0 1 0.656
1305 1627469865 0 0 25.57 8.29 169.3 61.38 102.3 6.41 155.3 18.8 187.0 1.83 41.24 12.5
1306 1627469865 0 7 $GNGGA,105745.000,4423.86123,N,00855.66842,E,1,07,1.3,11.7,M,44.7,M,,*7C
1307 1627469866 0 7 $GNGGA,105746.000,4423.86150,N,00855.66686,E,1,07,1.3,11.9,M,44.7,M,,*73
1308 1627469867 0 7 $GNGGA,105747.000,4423.86174,N,00855.66523,E,1,07,1.3,12.0,M,44.7,M,,*72
1309 1627469867 0 3 2.53 0.00
1312 1627469867 0 6 0.10
1313 1627469867 0 8 4.98 12.35 11.87
1314 1627469867 0 1 0.645
1315 1627469868 0 0 25.57 8.29 169.2 61.39 102.3 6.42 155.2 18.9 187.1 1.77 41.25 12.5
1316 1627469868 0 7 $GNGGA,105748.000,4423.86210,N,00855.66374,E,1,07,1.3,11.9,M,44.7,M,,*72
1317 1627469869 0 7 $GNGGA,105749.000,4423.86256,N,00855.66189,E,1,07,1.3,12.2,M,44.7,M,,*79
1318 1627469870 0 7 $GNGGA,105750.000,4423.86286,N,00855.66005,E,1,07,1.3,12.7,M,44.7,M,,*7C
1319 1627469870 0 3 2.53 0.00
1320 1627469870 0 4 2.51 1.39
1321 1627469870 0 5 0.03
1322 1627469870 0 6 0.10
1323 1627469870 0 8 4.98 12.36 11.89
1324 1627469870 0 1 0.545
1325 1627469871 0 0 25.57 8.29 169.3 61.46 102.4 6.42 155.3 18.8 187.1 1.62 41.31 12.6
1326 1627469871 0 7 $GNGGA,105751.000,4423.86311,N,00855.65849,E,1,07,1.3,13.3,M,44.7,M,,*74
1327 1627469872 0 7 $GNGGA,105752.000,4423.86318,N,00855.65745,E,1,07,1.3,13.1,M,44.7,M,,*7F
1328 1627469873 0 7 $GNGGA,105753.000,4423.86342,N,00855.65635,E,1,07,1.3,12.9,M,44.7,M,,*7E
1329 1627469873 0 3 2.53 0.00
1330 1627469873 0 4 2.51 1.38
1331 1627469873 0 5 0.03
1332 1627469873 0 6 0.15
1333 1627469873 0 8 4.98 12.35 11.87
1334 1627469873 0 1 0.585
1335 1627469874 0 0 25.58 8.29 169.2 61.46 102.4 6.42 154.9 18.8 186.9 1.53 41.30 12.5
1336 1627469874 0 7 $GNGGA,105754.000,4423.86366,N,00855.65518,E,1,07,1.3,13.0,M,44.7,M,,*7B
1337 1627469875 0 7 $GNGGA,105755.000,4423.86378,N,00855.65404,E,1,07,1.3,12.9,M,44.7,M,,*71
1338 1627469876 0 7 $GNGGA,105756.000,4423.86387,N,00855.65327,E,1,07,1.3,12.9,M,44.7,M,,*74
1339 1627469876 0 3 2.53 0.00
1343 1627469876 0 8 4.98 12.35 11.87
1344 1627469876 0 1 0.645
1345 1627469877 0 0 25.55 8.29 169.3 61.43 102.5 6.43 155.7 18.8 187.9 1.52 41.28 12.5
1346 1627469877 0 7 $GNGGA,105757.000,4423.86380,N,00855.65279,E,1,07,1.3,13.0,M,44.7,M,,*70
1347 1627469878 0 7 $GNGGA,105758.000,4423.86388,N,00855.65246,E,1,07,1.3,13.4,M,44.7,M,,*7F
1348 1627469879 0 7 $GNGGA,105759.000,4423.86392,N,00855.65198,E,1,07,1.3,13.3,M,44.7,M,,*72
1349 1627469879 0 3 2.53 0.00
1350 1627469879 0 4 2.50 1.39
1351 1627469879 0 5 0.03
1352 1627469879 0 6 0.12
1353 1627469879 0 8 4.98 12.35 11.89
1354 1627469879 0 1 0.615
1355 1627469880 0 0 25.55 8.29 169.3 61.42 102.5 6.43 155.7 18.8 187.6 1.47 41.28 12.5
1356 1627469880 0 7 $GNGGA,105800.000,4423.86403,N,00855.65147,E,1,07,1.3,13.4,M,44.7,M,,*7B
1357 1627469881 0 7 $GNGGA,105801.000,4423.86421,N,00855.65048,E,1,08,1.2,13.6,M,44.7,M,,*78
1358 1627469882 0 7 $GNGGA,105802.000,4423.86436,N,00855.64936,E,1,08,1.2,13.7,M,44.7,M,,*7D
1359 1627469882 0 3 2.53 0.00
1361 1627469882 0 5 0.03
1362 1627469882 0 6 0.18
1363 1627469882 0 8 4.98 12.35 11.87
1364 1627469882 0 1 0.774
1365 1627469883 0 0 25.54 8.29 169.3 61.46 102.5 6.43 155.6 18.8 188.0 1.24 41.30 12.6
1366 1627469883 0 7 $GNGGA,105803.000,4423.85973,N,00855.66767,E,1,08,1.2,17.0,M,44.7,M,,*78
1367 1627469884 0 7 $GNGGA,105804.000,4423.85980,N,00855.66632,E,1,08,1.2,17.3,M,44.7,M,,*71
1368 1627469885 0 7 $GNGGA,105805.000,4423.85969,N,00855.66471,E,1,08,1.2,17.4,M,44.7,M,,*75
1369 1627469885 0 3 2.53 0.00
1373 1627469885 0 8 4.98 12.35 11.89
1374 1627469885 0 1 0.641
1375 1627469886 0 0 25.56 8.29 169.2 61.42 102.5 6.43 155.4 18.8 187.5 1.15 41.27 12.6
1376 1627469886 0 7 $GNGGA,105806.000,4423.85981,N,00855.66285,E,1,08,1.2,17.5,M,44.7,M,,*7C
1377 1627469887 0 7 $GNGGA,105807.000,4423.86004,N,00855.66100,E,1,08,1.2,17.6,M,44.7,M,,*77
1378 1627469888 0 7 $GNGGA,105808.000,4423.86033,N,00855.65921,E,1,08,1.2,17.6,M,44.7,M,,*74
1379 1627469888 0 3 2.53 0.00
1380 1627469888 0 4 2.50 1.39
1381 1627469888 0 5 0.03
1382 1627469888 0 6 0.12
1383 1627469888 0 8 4.98 12.35 11.87
1384 1627469888 0 1 1.295
1385 1627469889 0 0 25.54 8.29 169.2 61.39 102.5 6.43 155.5 18.8 188.0 1.25 41.25 12.6
1386 1627469889 0 7 $GNGGA,105809.000,4423.86054,N,00855.65771,E,1,08,1.2,17.7,M,44.7,M,,*7E
1387 1627469890 0 7 $GNGGA,105810.000,4423.86089,N,00855.65619,E,1,08,1.2,17.3,M,44.7,M,,*7D
1388 1627469891 0 7 $GNGGA,105811.000,4423.86128,N,00855.65459,E,1,08,1.2,17.2,M,44.7,M,,*71
1389 1627469891 0 3 2.53 0.00
1390 1627469891 0 4 2.50 1.39
1391 1627469891 0 5 0.03
1392 1627469891 0 6 0.12
1393 1627469891 0 8 4.98 12.36 11.87
1394 1627469891 0 1 0.698
1395 1627469892 0 0 25.52 8.29 169.2 61.39 102.5 6.43 155.8 18.8 188.0 1.21 41.25 12.5
1396 1627469892 0 7 $GNGGA,105812.000,4423.86161,N,00855.65302,E,1,08,1.2,17.6,M,44.7,M,,*72
1397 1627469893 0 7 $GNGGA,105813.000,4423.86188,N,00855.65128,E,1,08,1.2,17.5,M,44.7,M,,*7D
1398 1627469894 0 2 0.06710000 1.16589999 1.10150003 0.00900000 2.67829990 0.00610000 0.03100000 0.29739999 1.00000000 93.11100006
1399 1627469894 0 7 $GNGGA,105814.000,4423.86217,N,00855.64970,E,1,08,1.2,17.5,M,44.7,M,,*7B
1400 1627469894 0 3 2.53 0.00
1401 1627469894 0 4 2.50 1.38
1402 1627469894 0 5 0.03
1403 1627469894 0 6 0.16
1404 1627469894 0 8 4.98 12.36 11.87
1405 1627469894 0 1 0.660
1406 1627469895 0 0 25.53 8.29 169.2 61.44 102.6 6.44 155.7 18.8 187.8 1.11 41.29 12.6
1407 1627469895 0 7 $GNGGA,105815.000,4423.86250,N,00855.64773,E,1,08,1.2,17.6,M,44.7,M,,*77
1408 1627469896 0 7 $GNGGA,105816.000,4423.86282,N,00855.64601,E,1,08,1.2,17.7,M,44.7,M,,*7E
1409 1627469897 0 7 $GNGGA,105817.000,4423.86319,N,00855.64418,E,1,08,1.2,17.9,M,44.7,M,,*78
1410 1627469897 0 3 2.53 0.00
1411 1627469897 0 4 2.50 1.38
1412 1627469897 0 5 0.03
1413 1627469897 0 6 0.08
1414 1627469897 0 8 4.98 12.35 11.87
1415 1627469897 0 1 0.575
1416 1627469898 0 0 25.53 8.29 169.2 61.38 102.6 6.44 155.7 18.8 187.6 1.15 41.24 12.5
1417 1627469898 0 7 $GNGGA,105818.000,4423.86366,N,00855.64211,E,1,08,1.2,17.8,M,44.7,M,,*71
1418 1627469899 0 7 $GNGGA,105819.000,4423.86389,N,00855.63996,E,1,08,1.2,18.2,M,44.7,M,,*77
1419 1627469900 0 7 $GNGGA,105820.000,4423.86393,N,00855.63824,E,1,08,1.2,18.5,M,44.7,M,,*79
1420 1627469900 0 3 2.53 0.00
1422 1627469900 0 5 0.03
1423 1627469900 0 6 0.16
1424 1627469900 0 8 4.98 12.35 11.87
1425 1627469900 0 1 0.679
1426 1627469901 0 0 25.52 8.29 169.2 61.48 102.6 6.43 155.8 18.8 188.1 1.20 41.32 12.6
1427 1627469901 0 7 $GNGGA,105821.000,4423.86389,N,00855.63692,E,1,08,1.2,18.9,M,44.7,M,,*7C
1428 1627469902 0 7 $GNGGA,105822.000,4423.86388,N,00855.63540,E,1,08,1.2,19.4,M,44.7,M,,*7E
1429 1627469903 0 7 $GNGGA,105823.000,4423.86390,N,00855.63386,E,1,08,1.2,19.8,M,44.7,M,,*76
1430 1627469903 0 3 2.53 0.00
1431 1627469903 0 4 2.50 1.38
1432 1627469903 0 5 0.03
1433 1627469903 0 6 0.15
1434 1627469903 0 8 4.97 12.35 11.87
1435 1627469903 0 1 0.502
1436 1627469904 0 0 25.51 8.29 169.2 61.39 102.6 6.44 156.0 18.8 187.9 1.20 41.25 12.5
1437 1627469904 0 7 $GNGGA,105824.000,4423.86404,N,00855.63236,E,1,08,1.2,20.3,M,44.7,M,,*70
1438 1627469905 0 7 $GNGGA,105825.000,4423.86411,N,00855.63110,E,1,08,1.2,20.2,M,44.7,M,,*73
1439 1627469906 0 7 $GNGGA,105826.000,4423.86395,N,00855.63053,E,1,08,1.2,20.1,M,44.7,M,,*7E
1440 1627469906 0 3 2.53 0.00
1441 1627469906 0 4 2.50 1.38
1442 1627469906 0 5 0.03
1443 1627469906 0 6 0.15
1444 1627469906 0 8 4.98 12.34 11.87
1445 1627469906 0 1 0.670
1446 1627469907 0 0 25.48 8.29 169.2 61.40 102.6 6.44 156.2 18.7 188.5 1.24 41.26 12.5
1447 1627469907 0 7 $GNGGA,105827.000,4423.86382,N,00855.63007,E,1,08,1.2,20.3,M,44.7,M,,*7A
1448 1627469908 0 7 $GNGGA,105828.000,4423.86361,N,00855.62979,E,1,08,1.2,20.7,M,44.7,M,,*7D
1449 1627469909 0 7 $GNGGA,105829.000,4423.86349,N,00855.62941,E,1,08,1.2,21.2,M,44.7,M,,*79
1450 1627469909 0 3 2.53 0.00
1453 1627469909 0 6 0.09
1454 1627469909 0 8 4.97 12.35 11.89
1455 1627469909 0 1 0.868
1456 1627469910 0 0 25.49 8.29 169.2 61.37 102.6 6.44 156.1 18.7 188.1 1.12 41.24 12.5
1457 1627469910 0 7 $GNGGA,105830.000,4423.86361,N,00855.62880,E,1,08,1.2,21.6,M,44.7,M,,*73
1458 1627469911 0 7 $GNGGA,105831.000,4423.86396,N,00855.62803,E,1,08,1.2,22.1,M,44.7,M,,*75
1459 1627469912 0 7 $GNGGA,105832.000,4423.86432,N,00855.62715,E,1,08,1.2,22.7,M,44.7,M,,*71
1460 1627469912 0 3 2.53 0.00
1461 1627469912 0 4 2.50 1.38
1462 1627469912 0 5 0.03
1463 1627469912 0 6 0.12
1464 1627469912 0 8 4.98 12.36 11.89
1465 1627469912 0 1 0.705
1466 1627469913 0 0 25.49 8.29 169.2 61.43 102.6 6.44 156.1 18.8 187.8 1.15 41.28 12.5
1467 1627469913 0 7 $GNGGA,105833.000,4423.86474,N,00855.62615,E,1,08,1.2,23.2,M,44.7,M,,*77
1468 1627469914 0 7 $GNGGA,105834.000,4423.86524,N,00855.62453,E,1,08,1.2,23.4,M,44.7,M,,*72
1469 1627469915 0 7 $GNGGA,105835.000,4423.86557,N,00855.62295,E,1,08,1.2,24.0,M,44.7,M,,*78
1470 1627469915 0 3 2.53 0.00
1471 1627469915 0 4 2.50 1.38
1472 1627469915 0 5 0.03
1473 1627469915 0 6 0.08
1474 1627469915 0 8 4.98 12.35 11.89
1475 1627469915 0 1 1.364
1476 1627469916 0 0 25.48 8.29 169.2 61.46 102.7 6.44 156.1 18.8 187.9 1.27 41.31 12.5
1477 1627469916 0 7 $GNGGA,105836.000,4423.86607,N,00855.62144,E,1,08,1.2,24.4,M,44.7,M,,*76
1478 1627469917 0 7 $GNGGA,105837.000,4423.86674,N,00855.62008,E,1,08,1.2,24.9,M,44.7,M,,*77
1479 1627469918 0 7 $GNGGA,105838.000,4423.86723,N,00855.61904,E,1,08,1.2,25.6,M,44.7,M,,*73
1480 1627469918 0 3 2.53 0.00
1483 1627469918 0 6 0.12
1484 1627469918 0 8 4.98 12.35 11.87
1485 1627469918 0 1 0.763
1486 1627469919 0 0 25.47 8.29 169.2 61.42 102.6 6.45 156.2 18.8 187.9 1.57 41.28 12.5
1487 1627469919 0 7 $GNGGA,105839.000,4423.86768,N,00855.61787,E,1,08,1.2,25.9,M,44.7,M,,*77
1488 1627469920 0 7 $GNGGA,105840.000,4423.86815,N,00855.61662,E,1,08,1.2,26.3,M,44.7,M,,*7F
1489 1627469921 0 7 $GNGGA,105841.000,4423.86844,N,00855.61518,E,1,08,1.2,26.5,M,44.7,M,,*72
1490 1627469921 0 3 2.53 0.00
1491 1627469921 0 4 2.51 1.38
1492 1627469921 0 5 0.03
1493 1627469921 0 6 0.14
1494 1627469921 0 8 4.98 12.36 11.87
1495 1627469921 0 1 0.764
1496 1627469922 0 0 25.46 8.29 169.1 61.49 102.7 6.45 156.1 18.8 188.0 1.58 41.33 12.5
1497 1627469922 0 7 $GNGGA,105842.000,4423.86869,N,00855.61364,E,1,08,1.2,26.8,M,44.7,M,,*7E
1498 1627469923 0 7 $GNGGA,105843.000,4423.86901,N,00855.61153,E,1,08,1.2,26.5,M,44.7,M,,*7B
1499 1627469924 0 7 $GNGGA,105844.000,4423.86926,N,00855.60993,E,1,08,1.2,26.7,M,44.7,M,,*7E
1500 1627469924 0 3 2.53 0.00
1501 1627469924 0 4 2.51 1.38
1502 1627469924 0 5 0.03
1503 1627469924 0 6 0.15
1504 1627469924 0 8 4.98 12.33 11.89
1505 1627469924 0 1 0.673
1506 1627469925 0 0 25.46 8.29 169.2 61.36 102.7 6.45 156.0 18.8 187.6 1.58 41.23 12.5
1507 1627469925 0 7 $GNGGA,105845.000,4423.86954,N,00855.60858,E,1,08,1.2,27.1,M,44.7,M,,*7B
1508 1627469926 0 7 $GNGGA,105846.000,4423.86975,N,00855.60705,E,1,08,1.2,27.3,M,44.7,M,,*7E
1509 1627469927 0 7 $GNGGA,105847.000,4423.86999,N,00855.60527,E,1,08,1.2,27.5,M,44.7,M,,*79
1510 1627469927 0 3 2.53 0.00
1513 1627469927 0 6 0.10
1514 1627469927 0 8 4.98 12.35 11.84
1515 1627469927 0 1 0.776
1516 1627469928 0 0 25.47 8.29 169.2 61.41 102.7 6.45 156.0 18.8 187.8 1.61 41.27 12.5
1517 1627469928 0 7 $GNGGA,105848.000,4423.87029,N,00855.60304,E,1,08,1.2,27.5,M,44.7,M,,*72
1518 1627469929 0 7 $GNGGA,105849.000,4423.87053,N,00855.60145,E,1,08,1.2,27.4,M,44.7,M,,*78
1519 1627469930 0 7 $GNGGA,105850.000,4423.87095,N,00855.59998,E,1,08,1.2,27.5,M,44.7,M,,*79
1520 1627469930 0 3 2.53 0.00
1521 1627469930 0 4 2.51 1.38
1522 1627469930 0 5 0.03
1523 1627469930 0 6 0.14
1524 1627469930 0 8 4.98 12.33 11.89
1525 1627469930 0 1 0.677
1526 1627469931 0 0 25.48 8.29 169.1 61.35 102.7 6.45 156.0 18.8 187.7 1.55 41.22 12.5
1527 1627469931 0 7 $GNGGA,105851.000,4423.87168,N,00855.59812,E,1,08,1.2,27.6,M,44.7,M,,*7B
1528 1627469932 0 7 $GNGGA,105852.000,4423.87246,N,00855.59613,E,1,08,1.2,27.3,M,44.7,M,,*7D
1529 1627469933 0 7 $GNGGA,105853.000,4423.87328,N,00855.59365,E,1,08,1.2,26.2,M,44.7,M,,*71
1530 1627469933 0 3 2.53 0.00
1531 1627469933 0 4 2.51 1.38
1532 1627469933 0 5 0.02
1533 1627469933 0 6 0.09
1534 1627469933 0 8 4.98 12.35 11.87
1535 1627469933 0 1 0.814
1536 1627469934 0 0 25.46 8.29 169.1 61.33 102.7 6.45 155.9 18.8 187.2 1.50 41.21 12.5
1537 1627469934 0 7 $GNGGA,105854.000,4423.87392,N,00855.59180,E,1,08,1.2,25.7,M,44.7,M,,*78
1538 1627469935 0 7 $GNGGA,105855.000,4423.87463,N,00855.58995,E,1,08,1.2,25.0,M,44.7,M,,*7A
1539 1627469936 0 7 $GNGGA,105856.000,4423.87539,N,00855.58806,E,1,08,1.2,24.0,M,44.7,M,,*7D
1540 1627469936 0 3 2.53 0.00
1543 1627469936 0 6 0.20
1544 1627469936 0 8 4.98 12.35 11.87
1545 1627469936 0 1 0.998
1546 1627469937 0 0 25.48 8.29 169.1 61.28 102.7 6.45 155.9 18.8 187.3 1.58 41.17 12.4
1547 1627469937 0 7 $GNGGA,105857.000,4423.87615,N,00855.58646,E,1,08,1.2,23.0,M,44.7,M,,*7C
1548 1627469938 0 7 $GNGGA,105858.000,4423.87699,N,00855.58468,E,1,08,1.2,22.3,M,44.7,M,,*7B
1549 1627469939 0 7 $GNGGA,105859.000,4423.87774,N,00855.58295,E,1,08,1.2,22.4,M,44.7,M,,*7B
1550 1627469939 0 3 2.53 0.00
1551 1627469939 0 4 2.51 1.38
1552 1627469939 0 5 0.03
1553 1627469939 0 6 0.15
1554 1627469939 0 8 4.97 12.35 11.89
1555 1627469939 0 1 0.768
1556 1627469940 0 0 25.49 8.29 169.1 61.28 102.7 6.45 155.8 18.8 187.0 1.64 41.17 12.4
1557 1627469940 0 7 $GNGGA,105900.000,4423.87860,N,00855.58100,E,1,08,1.2,22.0,M,44.7,M,,*77
1558 1627469941 0 7 $GNGGA,105901.000,4423.87954,N,00855.57899,E,1,08,1.2,21.4,M,44.7,M,,*71
1559 1627469942 0 7 $GNGGA,105902.000,4423.88025,N,00855.57703,E,1,08,1.2,20.6,M,44.7,M,,*7D
1560 1627469942 0 3 2.53 0.00
1561 1627469942 0 4 2.51 1.38
1562 1627469942 0 5 0.03
1563 1627469942 0 6 0.12
1564 1627469942 0 8 4.97 12.35 11.87
1565 1627469942 0 1 1.522
1566 1627469943 0 0 25.44 8.29 169.1 61.36 102.8 6.46 156.1 18.7 187.8 1.53 41.23 12.4
1567 1627469943 0 7 $GNGGA,105903.000,4423.88073,N,00855.57489,E,1,08,1.2,19.9,M,44.7,M,,*7B
1568 1627469944 0 7 $GNGGA,105904.000,4423.88124,N,00855.57260,E,1,08,1.2,19.4,M,44.7,M,,*73
1569 1627469945 0 7 $GNGGA,105905.000,4423.88199,N,00855.57048,E,1,08,1.2,18.8,M,44.7,M,,*71
1570 1627469945 0 3 2.53 0.00
1574 1627469945 0 8 4.98 12.35 11.89
1575 1627469945 0 1 0.805
1576 1627469946 0 0 25.47 8.29 169.2 61.37 102.8 6.45 155.8 18.8 187.3 1.59 41.23 12.4
1577 1627469946 0 7 $GNGGA,105906.000,4423.88287,N,00855.56795,E,1,08,1.2,18.7,M,44.7,M,,*77
1578 1627469947 0 7 $GNGGA,105907.000,4423.88362,N,00855.56558,E,1,08,1.2,18.2,M,44.7,M,,*7A
1579 1627469948 0 7 $GNGGA,105908.000,4423.88445,N,00855.56294,E,1,08,1.2,17.7,M,44.7,M,,*7A
1580 1627469948 0 3 2.53 0.00
1581 1627469948 0 4 2.51 1.38
1582 1627469948 0 5 0.03
1583 1627469948 0 6 0.12
1584 1627469948 0 8 4.98 12.35 11.87
1585 1627469948 0 1 0.914
1586 1627469949 0 0 25.45 8.29 169.1 61.47 102.8 6.45 156.0 18.8 187.3 1.71 41.31 12.4
1587 1627469949 0 7 $GNGGA,105909.000,4423.88522,N,00855.56076,E,1,08,1.2,16.7,M,44.7,M,,*74
1588 1627469950 0 7 $GNGGA,105910.000,4423.88594,N,00855.55878,E,1,08,1.2,15.9,M,44.7,M,,*79
1589 1627469951 0 7 $GNGGA,105911.000,4423.88645,N,00855.55691,E,1,08,1.2,15.5,M,44.7,M,,*72
1590 1627469951 0 3 2.53 0.00
1591 1627469951 0 4 2.51 1.38
1592 1627469951 0 5 0.03
1593 1627469951 0 6 0.18
1594 1627469951 0 8 4.98 12.36 11.87
1595 1627469951 0 1 0.805
1596 1627469952 0 0 25.47 8.29 169.1 61.38 102.8 6.45 155.7 18.8 186.8 1.69 41.25 12.4
1597 1627469952 0 7 $GNGGA,105912.000,4423.88716,N,00855.55498,E,1,08,1.2,15.1,M,44.7,M,,*79
1598 1627469953 0 7 $GNGGA,105913.000,4423.88787,N,00855.55314,E,1,08,1.2,14.5,M,44.7,M,,*76
1599 1627469954 0 7 $GNGGA,105914.000,4423.88848,N,00855.55106,E,1,08,1.2,13.6,M,44.7,M,,*78
1600 1627469954 0 3 2.53 0.00
1604 1627469954 0 8 4.97 12.20 11.84
1605 1627469954 0 1 0.951
1606 1627469955 0 0 25.45 8.29 169.2 61.45 102.8 6.45 155.9 18.7 187.0 1.68 41.30 12.4
1607 1627469955 0 7 $GNGGA,105915.000,4423.88910,N,00855.54914,E,1,08,1.2,12.5,M,44.7,M,,*7D
1608 1627469956 0 7 $GNGGA,105916.000,4423.88960,N,00855.54697,E,1,08,1.2,11.7,M,44.7,M,,*7C
1609 1627469957 0 7 $GNGGA,105917.000,4423.89017,N,00855.54451,E,1,08,1.2,10.7,M,44.7,M,,*7C
1610 1627469957 0 3 2.53 0.00
1611 1627469957 0 4 2.51 1.38
1612 1627469957 0 5 0.03
1613 1627469957 0 6 0.08
1614 1627469957 0 8 4.97 12.21 11.87
1615 1627469957 0 1 0.784
1616 1627469958 0 0 25.47 8.29 169.1 61.40 102.8 6.45 155.7 18.8 187.1 1.67 41.26 12.4
1617 1627469958 0 7 $GNGGA,105918.000,4423.89086,N,00855.54200,E,1,08,1.2,9.2,M,44.7,M,,*44
1618 1627469959 0 7 $GNGGA,105919.000,4423.89163,N,00855.53992,E,1,08,1.2,8.5,M,44.7,M,,*4E
1619 1627469960 0 7 $GNGGA,105920.000,4423.89177,N,00855.53857,E,1,08,1.2,8.4,M,44.7,M,,*48
1620 1627469960 0 3 2.53 0.00
1622 1627469960 0 5 0.03
1623 1627469960 0 6 0.17
1624 1627469960 0 8 4.98 12.34 11.87
1625 1627469960 0 1 0.973
1626 1627469961 0 0 25.47 8.29 169.1 61.47 102.7 6.45 155.7 18.7 187.3 1.71 41.32 12.4
1627 1627469961 0 7 $GNGGA,105921.000,4423.89213,N,00855.53680,E,1,08,1.2,7.7,M,44.7,M,,*40
1628 1627469962 0 7 $GNGGA,105922.000,4423.89250,N,00855.53558,E,1,08,1.2,7.5,M,44.7,M,,*40
1629 1627469963 0 7 $GNGGA,105923.000,4423.89296,N,00855.53460,E,1,08,1.2,7.3,M,44.7,M,,*47
1630 1627469963 0 3 2.53 0.00
1631 1627469963 0 4 2.51 1.37
1632 1627469963 0 5 0.02
1633 1627469963 0 6 0.16
1634 1627469963 0 8 4.97 12.20 11.87
1635 1627469963 0 1 0.959
1636 1627469964 0 0 25.47 8.29 169.1 61.49 102.6 6.44 155.7 18.8 186.9 1.75 41.33 12.4
1637 1627469964 0 7 $GNGGA,105924.000,4423.89364,N,00855.53333,E,1,08,1.2,7.1,M,44.7,M,,*4F
1638 1627469965 0 7 $GNGGA,105925.000,4423.89429,N,00855.53214,E,1,08,1.2,7.0,M,44.7,M,,*45
1639 1627469966 0 7 $GNGGA,105926.000,4423.89495,N,00855.53102,E,1,08,1.2,6.4,M,44.7,M,,*40
1640 1627469966 0 3 2.53 0.00
1641 1627469966 0 4 2.51 1.37
1642 1627469966 0 5 0.02
1643 1627469966 0 6 0.11
1644 1627469966 0 8 4.98 12.36 11.89
1645 1627469966 0 1 0.846
1646 1627469967 0 0 25.49 8.28 169.2 61.37 102.6 6.44 155.5 18.8 187.0 1.76 41.24 12.3
1647 1627469967 0 7 $GNGGA,105927.000,4423.89570,N,00855.52991,E,1,08,1.2,5.6,M,44.7,M,,*49
1648 1627469968 0 7 $GNGGA,105928.000,4423.89627,N,00855.52873,E,1,08,1.2,4.9,M,44.7,M,,*44
1649 1627469969 0 7 $GNGGA,105929.000,4423.89685,N,00855.52763,E,1,08,1.2,4.8,M,44.7,M,,*42
1650 1627469969 0 3 2.53 0.00
1652 1627469969 0 5 0.02
1653 1627469969 0 6 0.08
1654 1627469969 0 8 4.98 12.35 11.87
1655 1627469969 0 1 1.348
1656 1627469970 0 0 25.48 8.28 169.1 61.39 102.6 6.44 155.7 18.8 187.2 1.71 41.25 12.3
1657 1627469970 0 7 $GNGGA,105930.000,4423.89744,N,00855.52651,E,1,08,1.2,4.5,M,44.7,M,,*4B
1658 1627469971 0 7 $GNGGA,105931.000,4423.89807,N,00855.52548,E,1,08,1.2,4.7,M,44.7,M,,*4B
1659 1627469972 0 7 $GNGGA,105932.000,4423.89873,N,00855.52441,E,1,08,1.2,4.6,M,44.7,M,,*42
1660 1627469972 0 3 2.53 0.00
1661 1627469972 0 4 2.51 1.37
1662 1627469972 0 5 0.02
1663 1627469972 0 6 0.10
1664 1627469972 0 8 4.98 12.20 11.87
1665 1627469972 0 1 0.939
1666 1627469973 0 0 25.48 8.29 169.1 61.45 102.6 6.44 155.6 18.8 186.8 1.74 41.30 12.4
1667 1627469973 0 7 $GNGGA,105933.000,4423.89938,N,00855.52322,E,1,08,1.2,4.5,M,44.7,M,,*4C
1668 1627469974 0 7 $GNGGA,105934.000,4423.89992,N,00855.52199,E,1,08,1.2,4.3,M,44.7,M,,*4F
1669 1627469975 0 7 $GNGGA,105935.000,4423.90044,N,00855.52094,E,1,08,1.2,4.0,M,44.7,M,,*4B
1670 1627469975 0 3 2.53 0.00
1671 1627469975 0 4 2.51 1.37
1672 1627469975 0 5 0.02
1673 1627469975 0 6 0.15
1674 1627469975 0 8 4.98 12.34 11.87
1675 1627469975 0 1 0.915
1676 1627469976 0 0 25.48 8.29 169.1 61.49 102.5 6.43 155.5 18.8 187.6 1.89 41.33 12.4
1677 1627469976 0 7 $GNGGA,105936.000,4423.90101,N,00855.51986,E,1,08,1.2,3.8,M,44.7,M,,*4E
1678 1627469977 0 7 $GNGGA,105937.000,4423.90141,N,00855.51904,E,1,08,1.2,4.0,M,44.7,M,,*4E
1679 1627469978 0 7 $GNGGA,105938.000,4423.90175,N,00855.51854,E,1,08,1.2,5.2,M,44.7,M,,*41
1680 1627469978 0 3 2.53 0.00
1683 1627469978 0 6 0.14
1684 1627469978 0 8 4.98 12.34 11.87
1685 1627469978 0 1 1.040
1686 1627469979 0 0 25.45 8.29 169.1 61.51 102.5 6.44 156.1 18.7 188.1 1.88 41.34 12.4
1687 1627469979 0 7 $GNGGA,105939.000,4423.90209,N,00855.51806,E,1,08,1.2,6.0,M,44.7,M,,*4E
1688 1627469980 0 7 $GNGGA,105940.000,4423.90235,N,00855.51731,E,1,08,1.2,6.2,M,44.7,M,,*46
1689 1627469981 0 7 $GNGGA,105941.000,4423.90273,N,00855.51644,E,1,08,1.2,6.4,M,44.7,M,,*40
1690 1627469981 0 3 2.53 0.00
1691 1627469981 0 4 2.51 1.37
1692 1627469981 0 5 0.03
1693 1627469981 0 6 0.07
1694 1627469981 0 8 4.97 12.22 11.84
1695 1627469981 0 1 0.984
1696 1627469982 0 0 25.47 8.29 169.1 61.50 102.5 6.44 155.8 18.8 187.8 1.87 41.34 12.3
1697 1627469982 0 7 $GNGGA,105942.000,4423.90319,N,00855.51562,E,1,08,1.2,6.7,M,44.7,M,,*4A
1698 1627469983 0 7 $GNGGA,105943.000,4423.90361,N,00855.51453,E,1,08,1.2,6.5,M,44.7,M,,*45
1699 1627469984 0 7 $GNGGA,105944.000,4423.90403,N,00855.51346,E,1,08,1.2,6.7,M,44.7,M,,*40
1700 1627469984 0 3 2.53 0.00
1701 1627469984 0 4 2.51 1.37
1702 1627469984 0 5 0.03
1703 1627469984 0 6 0.12
1704 1627469984 0 8 4.98 12.34 11.89
1705 1627469984 0 1 0.862
1706 1627469985 0 0 25.46 8.29 169.1 61.48 102.6 6.44 155.9 18.7 187.9 1.94 41.32 12.4
1707 1627469985 0 7 $GNGGA,105945.000,4423.90452,N,00855.51240,E,1,08,1.2,6.9,M,44.7,M,,*4C
1708 1627469986 0 7 $GNGGA,105946.000,4423.90513,N,00855.51130,E,1,08,1.2,7.1,M,44.7,M,,*46
1709 1627469987 0 7 $GNGGA,105947.000,4423.90584,N,00855.51015,E,1,08,1.2,7.2,M,44.7,M,,*4C
1710 1627469987 0 3 2.53 0.00
1713 1627469987 0 6 0.06
1714 1627469987 0 8 4.98 12.34 11.87
1715 1627469987 0 1 0.966
1716 1627469988 0 0 25.46 8.28 169.1 61.42 102.6 6.44 155.7 18.7 187.8 1.97 41.27 12.3
1717 1627469988 0 7 $GNGGA,105948.000,4423.90640,N,00855.50926,E,1,08,1.2,7.4,M,44.7,M,,*46
1718 1627469989 0 7 $GNGGA,105949.000,4423.90697,N,00855.50823,E,1,08,1.2,7.4,M,44.7,M,,*49
1719 1627469990 0 7 $GNGGA,105950.000,4423.90763,N,00855.50716,E,1,08,1.2,7.1,M,44.7,M,,*47
1720 1627469990 0 3 2.53 0.00
1721 1627469990 0 4 2.51 1.37
1722 1627469990 0 5 0.02
1723 1627469990 0 6 0.17
1724 1627469990 0 8 4.98 12.34 11.87
1725 1627469990 0 1 1.012
1726 1627469991 0 0 25.47 8.28 169.0 61.51 102.6 6.44 155.6 18.7 188.1 1.90 41.34 12.3
1727 1627469991 0 7 $GNGGA,105951.000,4423.90823,N,00855.50614,E,1,08,1.2,6.9,M,44.7,M,,*47
1728 1627469992 0 7 $GNGGA,105952.000,4423.90911,N,00855.50515,E,1,08,1.2,6.8,M,44.7,M,,*47
1729 1627469993 0 7 $GNGGA,105953.000,4423.90968,N,00855.50406,E,1,08,1.2,6.8,M,44.7,M,,*4B
1730 1627469993 0 3 2.53 0.00
1731 1627469993 0 4 2.51 1.37
1732 1627469993 0 5 0.03
1733 1627469993 0 6 0.12
1734 1627469993 0 8 4.98 12.35 11.87
1735 1627469993 0 1 0.879
1736 1627469994 0 0 25.47 8.29 169.1 61.42 102.6 6.44 155.7 18.8 188.2 1.97 41.28 12.4
1737 1627469994 0 7 $GNGGA,105954.000,4423.91017,N,00855.50302,E,1,08,1.2,7.0,M,44.7,M,,*46
1738 1627469995 0 7 $GNGGA,105955.000,4423.91068,N,00855.50230,E,1,08,1.2,8.1,M,44.7,M,,*41
1739 1627469996 0 7 $GNGGA,105956.000,4423.91133,N,00855.50135,E,1,08,1.2,8.7,M,44.7,M,,*4D
1740 1627469996 0 3 2.53 0.00
1743 1627469996 0 6 0.14
1744 1627469996 0 8 4.98 12.35 11.87
1745 1627469996 0 1 1.425
1746 1627469997 0 0 25.48 8.28 169.1 61.46 102.6 6.44 155.7 18.7 188.6 2.08 41.31 12.3
1747 1627469997 0 7 $GNGGA,105957.000,4423.91196,N,00855.50030,E,1,08,1.2,9.1,M,44.7,M,,*40
1748 1627469998 0 7 $GNGGA,105958.000,4423.91261,N,00855.49923,E,1,08,1.2,9.6,M,44.7,M,,*40
1749 1627469999 0 7 $GNGGA,105959.000,4423.91328,N,00855.49813,E,1,08,1.2,10.0,M,44.7,M,,*71
1750 1627469999 0 3 2.53 0.00
1751 1627469999 0 4 2.51 1.37
1752 1627469999 0 5 0.02
1753 1627469999 0 6 0.07
1754 1627469999 0 8 4.98 12.35 11.87
1755 1627469999 0 1 0.972
1756 1627470000 0 0 25.48 8.29 169.1 61.40 102.6 6.44 155.7 18.8 188.5 2.11 41.26 12.3
1757 1627470000 0 7 $GNGGA,110000.000,4423.91397,N,00855.49707,E,1,08,1.2,10.1,M,44.7,M,,*7F
1758 1627470001 0 7 $GNGGA,110001.000,4423.91474,N,00855.49585,E,1,08,1.2,9.7,M,44.7,M,,*42
1759 1627470002 0 7 $GNGGA,110002.000,4423.91552,N,00855.49467,E,1,08,1.2,9.7,M,44.7,M,,*49
1760 1627470002 0 3 2.53 0.00
1761 1627470002 0 4 2.51 1.37
1762 1627470002 0 5 0.03
1763 1627470002 0 6 0.11
1764 1627470002 0 8 4.98 12.34 11.89
1765 1627470002 0 1 0.908
1766 1627470003 0 0 25.49 8.29 169.1 61.40 102.5 6.44 155.7 18.8 188.0 2.10 41.26 12.3
1767 1627470003 0 7 $GNGGA,110003.000,4423.91627,N,00855.49347,E,1,08,1.2,9.6,M,44.7,M,,*4D
1768 1627470004 0 7 $GNGGA,110004.000,4423.91708,N,00855.49224,E,1,08,1.2,9.2,M,44.7,M,,*46
1769 1627470005 0 7 $GNGGA,110005.000,4423.91784,N,00855.49098,E,1,08,1.2,8.9,M,44.7,M,,*4C
1770 1627470005 0 3 2.53 0.00
1773 1627470005 0 6 0.17
1774 1627470005 0 8 4.98 12.35 11.84
1775 1627470005 0 1 0.954
1776 1627470006 0 0 25.48 8.28 169.1 61.41 102.5 6.44 155.8 18.7 188.7 2.06 41.27 12.3
1777 1627470006 0 7 $GNGGA,110006.000,4423.91831,N,00855.48975,E,1,08,1.2,8.8,M,44.7,M,,*44
1778 1627470007 0 7 $GNGGA,110007.000,4423.91877,N,00855.48864,E,1,08,1.2,8.5,M,44.7,M,,*4B
1779 1627470008 0 7 $GNGGA,110008.000,4423.91936,N,00855.48758,E,1,08,1.2,8.7,M,44.7,M,,*42
1780 1627470008 0 3 2.53 0.00
1781 1627470008 0 4 2.51 1.37
1782 1627470008 0 5 0.03
1783 1627470008 0 6 0.11
1784 1627470008 0 8 4.98 12.35 11.87
1785 1627470008 0 1 0.937
1786 1627470009 0 0 25.48 8.29 169.1 61.37 102.6 6.44 155.9 18.7 188.4 2.09 41.24 12.4
1787 1627470009 0 7 $GNGGA,110009.000,4423.92011,N,00855.48633,E,1,08,1.2,8.5,M,44.7,M,,*42
1788 1627470010 0 7 $GNGGA,110010.000,4423.92087,N,00855.48521,E,1,08,1.2,8.4,M,44.7,M,,*44
1789 1627470011 0 7 $GNGGA,110011.000,4423.92157,N,00855.48423,E,1,08,1.2,8.4,M,44.7,M,,*4A
1790 1627470011 0 3 2.53 0.00
1791 1627470011 0 4 2.51 1.37
1792 1627470011 0 5 0.02
1793 1627470011 0 6 0.11
1794 1627470011 0 8 4.98 12.34 11.89
1795 1627470012 0 1 0.754
1796 1627470012 0 0 25.49 8.28 169.0 61.39 102.5 6.44 155.7 18.7 188.6 2.14 41.25 12.3
1797 1627470012 0 7 $GNGGA,110012.000,4423.92230,N,00855.48314,E,1,08,1.2,8.2,M,44.7,M,,*4E
1798 1627470013 0 7 $GNGGA,110013.000,4423.92303,N,00855.48201,E,1,08,1.2,7.9,M,44.7,M,,*4F
1799 1627470014 0 2 0.03700000 1.55480003 1.11220002 0.01200000 2.64689993 0.00390000 0.03420000 0.16390000 1.00000000 92.42600250
1800 1627470014 0 7 $GNGGA,110014.000,4423.92366,N,00855.48092,E,1,08,1.2,7.6,M,44.7,M,,*4C
1801 1627470014 0 3 2.53 0.00
1802 1627470014 0 4 2.51 1.37
1803 1627470014 0 5 0.03
1804 1627470014 0 6 0.07
1805 1627470014 0 8 4.98 12.35 11.87
1806 1627470014 0 1 0.941
1807 1627470015 0 0 25.45 8.29 169.1 61.41 102.5 6.44 155.9 18.7 188.8 2.16 41.27 12.3
1808 1627470015 0 7 $GNGGA,110015.000,4423.92433,N,00855.47991,E,1,08,1.2,7.5,M,44.7,M,,*4C
1809 1627470016 0 7 $GNGGA,110016.000,4423.92515,N,00855.47898,E,1,08,1.2,7.7,M,44.7,M,,*40
1810 1627470017 0 7 $GNGGA,110017.000,4423.92601,N,00855.47814,E,1,08,1.2,7.8,M,44.7,M,,*4C
1811 1627470017 0 3 2.53 0.00
1814 1627470017 0 6 0.06
1815 1627470017 0 8 4.98 12.35 11.87
1816 1627470017 0 1 0.982
1817 1627470018 0 0 25.48 8.28 169.0 61.34 102.5 6.44 155.6 18.7 188.3 2.16 41.21 12.3
1818 1627470018 0 7 $GNGGA,110018.000,4423.92686,N,00855.47740,E,1,08,1.2,7.7,M,44.7,M,,*4D
1819 1627470019 0 7 $GNGGA,110019.000,4423.92762,N,00855.47658,E,1,08,1.2,7.3,M,44.7,M,,*4B
1820 1627470020 0 7 $GNGGA,110020.000,4423.92824,N,00855.47589,E,1,08,1.2,6.6,M,44.7,M,,*47
1821 1627470020 0 3 2.53 0.00
1822 1627470020 0 4 2.51 1.38
1823 1627470020 0 5 0.03
1824 1627470020 0 6 0.16
1825 1627470020 0 8 4.98 12.34 11.89
1826 1627470020 0 1 0.898
1827 1627470021 0 0 25.48 8.29 169.0 61.41 102.5 6.43 155.8 18.7 188.7 2.16 41.27 12.3
1828 1627470021 0 7 $GNGGA,110021.000,4423.92885,N,00855.47523,E,1,08,1.2,6.1,M,44.7,M,,*4A
1829 1627470022 0 7 $GNGGA,110022.000,4423.92945,N,00855.47457,E,1,08,1.2,6.0,M,44.7,M,,*47
1830 1627470023 0 7 $GNGGA,110023.000,4423.93020,N,00855.47354,E,1,08,1.2,5.5,M,44.7,M,,*4F
1831 1627470023 0 3 2.53 0.00
1832 1627470023 0 4 2.51 1.38
1833 1627470023 0 5 0.03
1834 1627470023 0 6 0.13
1835 1627470023 0 8 4.97 12.35 11.87
1836 1627470023 0 1 1.468
1837 1627470024 0 0 25.46 8.29 169.0 61.44 102.5 6.43 155.8 18.7 188.8 2.16 41.29 12.4
1838 1627470024 0 7 $GNGGA,110024.000,4423.93114,N,00855.47242,E,1,08,1.2,5.0,M,44.7,M,,*4D
1839 1627470025 0 7 $GNGGA,110025.000,4423.93201,N,00855.47129,E,1,08,1.2,4.7,M,44.7,M,,*43
1840 1627470026 0 7 $GNGGA,110026.000,4423.93294,N,00855.47034,E,1,08,1.2,4.6,M,44.7,M,,*40
1841 1627470026 0 3 2.53 0.00
1843 1627470026 0 5 0.03
1844 1627470026 0 6 0.09
1845 1627470026 0 8 4.98 12.35 11.89
1846 1627470026 0 1 0.976
1847 1627470027 0 0 25.47 8.29 169.0 61.33 102.4 6.43 155.8 18.7 189.1 2.13 41.21 12.4
1848 1627470027 0 7 $GNGGA,110027.000,4423.93380,N,00855.46948,E,1,08,1.2,4.5,M,44.7,M,,*45
1849 1627470028 0 7 $GNGGA,110028.000,4423.93458,N,00855.46873,E,1,08,1.2,4.3,M,44.7,M,,*47
1850 1627470029 0 7 $GNGGA,110029.000,4423.93520,N,00855.46793,E,1,08,1.2,3.7,M,44.7,M,,*4A
1851 1627470029 0 3 2.53 0.00
1852 1627470029 0 4 2.51 1.37
1853 1627470029 0 5 0.03
1854 1627470029 0 6 0.13
1855 1627470029 0 8 4.98 12.35 11.89
1856 1627470029 0 1 0.950
1857 1627470030 0 7 $GNGGA,110030.000,4423.93586,N,00855.46715,E,1,08,1.2,3.9,M,44.7,M,,*4E
1858 1627470030 0 0 25.47 8.29 169.0 61.36 102.4 6.43 155.7 18.7 188.5 2.10 41.23 12.4
1859 1627470031 0 7 $GNGGA,110031.000,4423.93649,N,00855.46648,E,1,08,1.2,3.6,M,44.7,M,,*49
1860 1627470032 0 7 $GNGGA,110032.000,4423.93706,N,00855.46590,E,1,08,1.2,3.3,M,44.7,M,,*43
1861 1627470032 0 3 2.53 0.00
1862 1627470032 0 4 2.51 1.37
1863 1627470032 0 5 0.02
1864 1627470032 0 6 0.14
1865 1627470032 0 8 4.98 12.36 11.87
1866 1627470032 0 1 0.861
1867 1627470033 0 0 25.48 8.29 169.1 61.39 102.4 6.43 155.9 18.7 188.8 2.09 41.25 12.4
1868 1627470033 0 7 $GNGGA,110033.000,4423.93774,N,00855.46531,E,1,08,1.2,3.1,M,44.7,M,,*4E
1869 1627470034 0 7 $GNGGA,110034.000,4423.93846,N,00855.46461,E,1,08,1.2,2.8,M,44.7,M,,*4B
1870 1627470035 0 7 $GNGGA,110035.000,4423.93914,N,00855.46384,E,1,08,1.2,2.7,M,44.7,M,,*4F
1871 1627470035 0 3 2.53 0.00
1876 1627470035 0 1 0.924
1877 1627470036 0 0 25.48 8.29 169.0 61.33 102.4 6.43 155.7 18.8 188.6 2.12 41.20 12.4
1878 1627470036 0 7 $GNGGA,110036.000,4423.93997,N,00855.46298,E,1,08,1.2,2.9,M,44.7,M,,*45
1879 1627470037 0 7 $GNGGA,110037.000,4423.94081,N,00855.46215,E,1,08,1.2,3.1,M,44.7,M,,*41
1880 1627470038 0 7 $GNGGA,110038.000,4423.94153,N,00855.46132,E,1,08,1.2,3.1,M,44.7,M,,*46
1881 1627470038 0 3 2.53 0.00
1882 1627470038 0 4 2.51 1.37
1883 1627470038 0 5 0.03
1884 1627470038 0 6 0.11
1885 1627470038 0 8 4.98 12.34 11.89
1886 1627470038 0 1 0.908
1887 1627470039 0 0 25.48 8.29 169.0 61.43 102.3 6.42 155.6 18.8 188.6 2.15 41.28 12.4
1888 1627470039 0 7 $GNGGA,110039.000,4423.94212,N,00855.46054,E,1,08,1.2,3.2,M,44.7,M,,*43
1889 1627470040 0 7 $GNGGA,110040.000,4423.94291,N,00855.45978,E,1,08,1.2,2.8,M,44.7,M,,*49
1890 1627470041 0 7 $GNGGA,110041.000,4423.94365,N,00855.45914,E,1,08,1.2,2.4,M,44.7,M,,*44
1891 1627470041 0 3 2.53 0.00
1892 1627470041 0 4 2.51 1.37
1893 1627470041 0 5 0.02
1894 1627470041 0 6 0.09
1895 1627470041 0 8 4.97 12.35 11.89
1896 1627470041 0 1 0.861
1897 1627470042 0 0 25.50 8.29 169.0 61.38 102.3 6.42 155.4 18.8 188.4 2.15 41.25 12.4
1898 1627470042 0 7 $GNGGA,110042.000,4423.94417,N,00855.45842,E,1,08,1.2,1.8,M,44.7,M,,*48
1899 1627470043 0 7 $GNGGA,110043.000,4423.94469,N,00855.45793,E,1,08,1.2,1.0,M,44.7,M,,*4B
1900 1627470044 0 7 $GNGGA,110044.000,4423.94516,N,00855.45724,E,1,08,1.2,0.1,M,44.7,M,,*49
1901 1627470044 0 3 2.53 0.00
1905 1627470044 0 8 4.98 12.36 11.89
1906 1627470044 0 1 0.942
1907 1627470045 0 7 $GNGGA,110045.000,4423.94556,N,00855.45685,E,1,08,1.2,-0.7,M,44.7,M,,*6D
1908 1627470045 0 0 25.48 8.29 169.0 61.50 102.3 6.42 155.7 18.7 188.9 2.22 41.33 12.4
1909 1627470046 0 7 $GNGGA,110046.000,4423.94591,N,00855.45647,E,1,08,1.2,-1.2,M,44.7,M,,*6F
1910 1627470047 0 7 $GNGGA,110047.000,4423.94623,N,00855.45598,E,1,08,1.2,-1.0,M,44.7,M,,*67
1911 1627470047 0 3 2.53 0.00
1912 1627470047 0 4 2.51 1.37
1913 1627470047 0 5 0.02
1914 1627470047 0 6 0.08
1915 1627470047 0 8 4.98 12.35 11.87
1916 1627470047 0 1 0.829
1917 1627470048 0 0 25.48 8.29 169.0 61.45 102.4 6.43 155.7 18.7 188.9 2.32 41.30 12.4
1918 1627470048 0 7 $GNGGA,110048.000,4423.94670,N,00855.45556,E,1,08,1.2,-1.2,M,44.7,M,,*6E
1919 1627470049 0 7 $GNGGA,110049.000,4423.94716,N,00855.45505,E,1,08,1.2,-1.3,M,44.7,M,,*69
1920 1627470050 0 7 $GNGGA,110050.000,4423.94766,N,00855.45470,E,1,08,1.2,-1.1,M,44.7,M,,*67
1921 1627470050 0 3 2.53 0.00
1922 1627470050 0 4 2.51 1.37
1923 1627470050 0 5 0.02
1924 1627470050 0 6 0.11
1925 1627470050 0 8 4.97 12.35 11.89
1926 1627470050 0 1 1.348
1927 1627470051 0 0 25.48 8.29 168.9 61.42 102.4 6.43 155.6 18.8 188.6 2.27 41.28 12.5
1928 1627470051 0 7 $GNGGA,110051.000,4423.94816,N,00855.45450,E,1,08,1.2,-1.3,M,44.7,M,,*6E
1929 1627470052 0 7 $GNGGA,110052.000,4423.94873,N,00855.45397,E,1,08,1.2,-1.3,M,44.7,M,,*62
1930 1627470053 0 7 $GNGGA,110053.000,4423.94944,N,00855.45330,E,1,08,1.2,-0.8,M,44.7,M,,*61
1931 1627470053 0 3 2.53 0.00
1935 1627470053 0 8 4.98 12.36 11.87
1936 1627470053 0 1 0.926
1937 1627470054 0 0 25.49 8.29 168.9 61.35 102.5 6.43 155.7 18.7 188.5 2.25 41.22 12.5
1938 1627470054 0 7 $GNGGA,110054.000,4423.95029,N,00855.45253,E,1,08,1.2,-0.6,M,44.7,M,,*6F
1939 1627470055 0 7 $GNGGA,110055.000,4423.95115,N,00855.45172,E,1,08,1.2,-0.3,M,44.7,M,,*65
1940 1627470056 0 7 $GNGGA,110056.000,4423.95194,N,00855.45105,E,1,08,1.2,0.0,M,44.7,M,,*41
1941 1627470056 0 3 2.53 0.00
1942 1627470056 0 4 2.51 1.37
1943 1627470056 0 5 0.02
1944 1627470056 0 6 0.07
1945 1627470056 0 8 4.98 12.35 11.89
1946 1627470056 0 1 0.801
1947 1627470057 0 0 25.49 8.29 168.9 61.49 102.5 6.43 155.6 18.7 188.5 2.17 41.33 12.5
1948 1627470057 0 7 $GNGGA,110057.000,4423.95268,N,00855.45039,E,1,08,1.2,0.5,M,44.7,M,,*4B
1949 1627470058 0 7 $GNGGA,110058.000,4423.95329,N,00855.44976,E,1,08,1.2,1.2,M,44.7,M,,*45
1950 1627470059 0 7 $GNGGA,110059.000,4423.95381,N,00855.44893,E,1,08,1.2,2.0,M,44.7,M,,*4D
1951 1627470059 0 3 2.53 0.00
1953 1627470059 0 5 0.03
1954 1627470059 0 6 0.17
1955 1627470059 0 8 4.98 12.34 11.87
1956 1627470059 0 1 0.808
1957 1627470060 0 7 $GNGGA,110100.000,4423.95468,N,00855.44804,E,1,08,1.2,1.5,M,44.7,M,,*48
1958 1627470060 0 0 25.50 8.29 168.9 61.41 102.5 6.44 155.6 18.8 188.7 2.15 41.26 12.5
1959 1627470061 0 7 $GNGGA,110101.000,4423.95564,N,00855.44719,E,1,08,1.2,1.5,M,44.7,M,,*47
