/home/matrac-user/Devel/SEPG_2021-07-28/tuttomatrac/apps/build-mokupUI-Desktop_Qt_5_15_0_GCC_64bit-Release/SEPG_grid_batimetria.xyz__2m_5.000000x5.000000x2.000000x.mesh
12987 1627461675 0 3 2.53 0.00
12988 1627461675 0 4 2.52 1.43
12989 1627461675 0 5 0.03
12990 1627461675 0 6 0.08
12991 1627461675 0 8 4.98 12.29 11.87
12992 1627461675 0 1 1.495
12993 1627461676 0 0 25.32 8.28 196.0 61.32 101.5 6.39 149.8 18.6 200.0 2.18 41.21 11.7
12994 1627461676 0 7 $GNGGA,084116.000,4423.72595,N,00855.63518,E,1,10,1.1,7.1,M,44.7,M,,*44
12995 1627461676 0 7 $GNGGA,084117.000,4423.72505,N,00855.63555,E,1,10,1.1,7.3,M,44.7,M,,*47
12996 1627461677 0 7 $GNGGA,084118.000,4423.72425,N,00855.63610,E,1,10,1.1,7.3,M,44.7,M,,*49
12997 1627461678 0 3 2.53 0.00
12998 1627461678 0 4 2.52 1.43
12999 1627461678 0 5 0.03
13000 1627461678 0 6 0.14
13001 1627461678 0 8 4.97 12.29 11.84
13002 1627461678 0 1 1.352
13003 1627461679 0 0 25.32 8.28 196.0 61.31 101.5 6.39 149.7 18.6 199.4 2.20 41.20 11.7
13004 1627461679 0 7 $GNGGA,084119.000,4423.72344,N,00855.63652,E,1,10,1.1,7.0,M,44.7,M,,*4D
13005 1627461679 0 7 $GNGGA,084120.000,4423.72267,N,00855.63688,E,1,10,1.1,6.9,M,44.7,M,,*48
13006 1627461679 0 2 0.06840001 1.54719996 1.07430005 0.01190000 2.73149991 0.00700000 0.03340000 0.30320000 1.00000000 92.59999847
13007 1627461680 0 7 $GNGGA,084121.000,4423.72182,N,00855.63729,E,1,10,1.1,6.6,M,44.7,M,,*44
13008 1627461681 0 3 2.53 0.00
13009 1627461681 0 4 2.52 1.43
13010 1627461681 0 5 0.03
13011 1627461681 0 6 0.11
13012 1627461681 0 8 4.97 12.30 11.89
13013 1627461681 0 1 1.915
13014 1627461682 0 0 25.31 8.28 195.9 61.40 101.4 6.39 150.0 18.6 200.2 2.19 41.26 11.7
13015 1627461682 0 7 $GNGGA,084122.000,4423.72104,N,00855.63785,E,1,10,1.1,6.4,M,44.7,M,,*4D
13016 1627461682 0 7 $GNGGA,084123.000,4423.72032,N,00855.63854,E,1,10,1.1,6.2,M,44.7,M,,*4D
13017 1627461683 0 7 $GNGGA,084124.000,4423.71980,N,00855.63899,E,1,10,1.1,6.3,M,44.7,M,,*49
13018 1627461684 0 3 2.53 0.00
13019 1627461684 0 4 2.52 1.43
13020 1627461684 0 5 0.03
13021 1627461684 0 6 0.12
13022 1627461684 0 8 4.97 12.29 11.87
13023 1627461685 0 1 1.367
13024 1627461685 0 0 25.33 8.29 195.9 61.31 101.4 6.39 149.6 18.6 199.6 2.19 41.19 11.7
13025 1627461685 0 7 $GNGGA,084125.000,4423.71914,N,00855.63949,E,1,10,1.1,6.2,M,44.7,M,,*48
13026 1627461685 0 7 $GNGGA,084126.000,4423.71850,N,00855.63996,E,1,10,1.1,6.5,M,44.7,M,,*4F
13027 1627461686 0 7 $GNGGA,084127.000,4423.71790,N,00855.64076,E,1,10,1.1,6.7,M,44.7,M,,*4F
13028 1627461687 0 3 2.53 0.00
13029 1627461687 0 4 2.52 1.43
13030 1627461687 0 5 0.03
13031 1627461687 0 6 0.07
13032 1627461687 0 8 4.98 12.29 11.84
13033 1627461687 0 1 1.350
13034 1627461688 0 0 25.33 8.29 195.9 61.28 101.4 6.39 149.6 18.6 199.8 2.19 41.18 11.7
13035 1627461688 0 7 $GNGGA,084128.000,4423.71736,N,00855.64161,E,1,10,1.1,6.6,M,44.7,M,,*4A
13036 1627461688 0 7 $GNGGA,084129.000,4423.71680,N,00855.64226,E,1,10,1.1,6.7,M,44.7,M,,*46
13037 1627461689 0 7 $GNGGA,084130.000,4423.71606,N,00855.64297,E,1,10,1.1,6.6,M,44.7,M,,*4B
13038 1627461690 0 3 2.53 0.00
13039 1627461690 0 4 2.52 1.43
13040 1627461690 0 5 0.03
13041 1627461690 0 6 0.10
13042 1627461691 0 8 4.97 12.29 11.87
13043 1627461691 0 1 1.326
13044 1627461691 0 0 25.33 8.28 195.9 61.32 101.5 6.39 149.7 18.6 199.7 2.18 41.21 11.7
13045 1627461691 0 7 $GNGGA,084131.000,4423.71530,N,00855.64377,E,1,10,1.1,6.6,M,44.7,M,,*43
13046 1627461691 0 7 $GNGGA,084132.000,4423.71466,N,00855.64458,E,1,10,1.1,6.7,M,44.7,M,,*49
13047 1627461692 0 7 $GNGGA,084133.000,4423.71409,N,00855.64537,E,1,10,1.1,6.6,M,44.7,M,,*48
13048 1627461693 0 3 2.53 0.00
13049 1627461693 0 4 2.52 1.43
13050 1627461693 0 5 0.03
13051 1627461693 0 6 0.13
13052 1627461693 0 8 4.98 12.28 11.87
13053 1627461693 0 1 1.325
13054 1627461694 0 0 25.32 8.28 195.9 61.27 101.5 6.39 149.8 18.6 199.7 2.20 41.17 11.7
13055 1627461694 0 7 $GNGGA,084134.000,4423.71350,N,00855.64605,E,1,10,1.1,6.4,M,44.7,M,,*44
13056 1627461694 0 7 $GNGGA,084135.000,4423.71286,N,00855.64656,E,1,10,1.1,6.2,M,44.7,M,,*4F
13057 1627461695 0 7 $GNGGA,084136.000,4423.71215,N,00855.64719,E,1,10,1.1,6.1,M,44.7,M,,*4F
13058 1627461696 0 3 2.53 0.00
13059 1627461696 0 4 2.52 1.44
13060 1627461696 0 5 0.03
13061 1627461696 0 6 0.11
13062 1627461697 0 8 4.97 12.29 11.89
13063 1627461697 0 1 1.238
13064 1627461697 0 0 25.31 8.28 195.9 61.31 101.5 6.39 149.9 18.6 199.3 2.24 41.19 11.7
13065 1627461697 0 7 $GNGGA,084137.000,4423.71150,N,00855.64786,E,1,10,1.1,6.0,M,44.7,M,,*4B
13066 1627461697 0 7 $GNGGA,084138.000,4423.71092,N,00855.64842,E,1,10,1.1,6.2,M,44.7,M,,*4E
13067 1627461698 0 7 $GNGGA,084139.000,4423.71025,N,00855.64902,E,1,10,1.1,6.2,M,44.7,M,,*46
13068 1627461699 0 3 2.53 0.00
13069 1627461699 0 4 2.52 1.44
13070 1627461699 0 5 0.03
13071 1627461699 0 6 0.08
13072 1627461699 0 8 4.97 12.29 11.84
13073 1627461699 0 1 1.303
13074 1627461700 0 0 25.31 8.29 195.9 61.24 101.4 6.39 149.9 18.6 199.9 2.26 41.14 11.7
13075 1627461700 0 7 $GNGGA,084140.000,4423.70965,N,00855.64956,E,1,10,1.1,6.3,M,44.7,M,,*44
13076 1627461700 0 7 $GNGGA,084141.000,4423.70907,N,00855.65022,E,1,10,1.1,6.5,M,44.7,M,,*4C
13077 1627461701 0 7 $GNGGA,084142.000,4423.70842,N,00855.65082,E,1,10,1.1,6.4,M,44.7,M,,*44
13078 1627461702 0 3 2.53 0.00
13079 1627461702 0 4 2.52 1.44
13080 1627461702 0 5 0.03
13081 1627461702 0 6 0.11
13082 1627461702 0 8 4.97 12.29 11.87
13083 1627461702 0 1 1.539
13084 1627461703 0 0 25.31 8.28 196.0 61.31 101.5 6.39 150.0 18.6 199.9 2.27 41.20 11.7
13085 1627461703 0 7 $GNGGA,084143.000,4423.70774,N,00855.65135,E,1,10,1.1,6.2,M,44.7,M,,*44
13086 1627461703 0 7 $GNGGA,084144.000,4423.70719,N,00855.65205,E,1,10,1.1,5.8,M,44.7,M,,*41
13087 1627461704 0 7 $GNGGA,084145.000,4423.70667,N,00855.65270,E,1,10,1.1,5.3,M,44.7,M,,*41
13088 1627461705 0 3 2.53 0.00
13089 1627461705 0 4 2.52 1.44
13090 1627461705 0 5 0.03
13091 1627461705 0 6 0.10
13092 1627461705 0 8 4.98 12.29 11.84
13093 1627461705 0 1 1.536
13094 1627461706 0 0 25.30 8.29 196.0 61.33 101.5 6.39 149.9 18.6 199.7 2.30 41.21 11.7
13095 1627461706 0 7 $GNGGA,084146.000,4423.70600,N,00855.65297,E,1,10,1.1,5.1,M,44.7,M,,*48
13096 1627461706 0 7 $GNGGA,084147.000,4423.70525,N,00855.65322,E,1,10,1.1,4.7,M,44.7,M,,*45
13097 1627461707 0 7 $GNGGA,084148.000,4423.70461,N,00855.65347,E,1,10,1.1,4.3,M,44.7,M,,*4C
13098 1627461708 0 3 2.53 0.00
13099 1627461708 0 4 2.52 1.44
13100 1627461708 0 5 0.03
13101 1627461708 0 6 0.11
13102 1627461708 0 8 4.98 12.29 11.84
13103 1627461708 0 1 1.966
13104 1627461709 0 0 25.31 8.29 196.0 61.27 101.5 6.39 149.9 18.6 199.5 2.31 41.17 11.7
13105 1627461709 0 7 $GNGGA,084149.000,4423.70405,N,00855.65373,E,1,10,1.1,3.9,M,44.7,M,,*45
13106 1627461709 0 7 $GNGGA,084150.000,4423.70354,N,00855.65425,E,1,10,1.1,3.7,M,44.7,M,,*44
13107 1627461710 0 7 $GNGGA,084151.000,4423.70312,N,00855.65483,E,1,10,1.1,3.6,M,44.7,M,,*4A
13108 1627461711 0 3 2.53 0.00
13109 1627461711 0 4 2.52 1.44
13110 1627461711 0 5 0.03
13111 1627461711 0 6 0.10
13112 1627461711 0 8 4.98 12.29 11.87
13113 1627461711 0 1 1.356
13114 1627461712 0 0 25.30 8.29 195.9 61.29 101.5 6.40 149.9 18.6 199.7 2.32 41.18 11.7
13115 1627461712 0 7 $GNGGA,084152.000,4423.70277,N,00855.65527,E,1,10,1.1,3.6,M,44.7,M,,*44
13116 1627461712 0 7 $GNGGA,084153.000,4423.70234,N,00855.65584,E,1,10,1.1,4.3,M,44.7,M,,*49
13117 1627461713 0 7 $GNGGA,084154.000,4423.70185,N,00855.65636,E,1,10,1.1,4.6,M,44.7,M,,*48
13118 1627461714 0 3 2.53 0.00
13119 1627461714 0 4 2.52 1.44
13120 1627461714 0 5 0.03
13121 1627461714 0 6 0.12
13122 1627461714 0 8 4.97 12.29 11.87
13123 1627461714 0 1 1.311
13124 1627461715 0 0 25.30 8.29 196.0 61.29 101.5 6.40 149.9 18.6 199.5 2.35 41.18 11.8
13125 1627461715 0 7 $GNGGA,084155.000,4423.70145,N,00855.65701,E,1,10,1.1,4.9,M,44.7,M,,*4F
13126 1627461715 0 7 $GNGGA,084156.000,4423.70113,N,00855.65788,E,1,10,1.1,4.9,M,44.7,M,,*4E
13127 1627461716 0 7 $GNGGA,084157.000,4423.70086,N,00855.65864,E,1,10,1.1,4.7,M,44.7,M,,*41
13128 1627461717 0 3 2.53 0.00
13129 1627461717 0 4 2.52 1.44
13130 1627461717 0 5 0.03
13131 1627461717 0 6 0.08
13132 1627461717 0 8 4.98 12.29 11.84
13133 1627461717 0 1 1.404
13134 1627461718 0 0 25.29 8.29 195.9 61.16 101.5 6.40 150.0 18.6 199.6 2.39 41.08 11.7
13135 1627461718 0 7 $GNGGA,084158.000,4423.70054,N,00855.65958,E,1,10,1.1,4.6,M,44.7,M,,*4E
13136 1627461718 0 7 $GNGGA,084159.000,4423.70004,N,00855.66031,E,1,10,1.1,4.3,M,44.7,M,,*4A
13137 1627461719 0 7 $GNGGA,084200.000,4423.69971,N,00855.66111,E,1,10,1.1,4.1,M,44.7,M,,*47
13138 1627461720 0 3 2.53 0.00
13139 1627461720 0 4 2.52 1.43
13140 1627461720 0 5 0.03
13141 1627461720 0 6 0.11
13142 1627461720 0 8 4.97 12.29 11.84
13143 1627461720 0 1 1.319
13144 1627461721 0 0 25.29 8.29 196.0 61.26 101.5 6.40 149.9 18.6 200.1 2.34 41.16 11.7
13145 1627461721 0 7 $GNGGA,084201.000,4423.69942,N,00855.66180,E,1,10,1.1,4.0,M,44.7,M,,*4F
13146 1627461721 0 7 $GNGGA,084202.000,4423.69916,N,00855.66244,E,1,10,1.1,3.6,M,44.7,M,,*47
13147 1627461722 0 7 $GNGGA,084203.000,4423.69881,N,00855.66289,E,1,10,1.1,3.2,M,44.7,M,,*4C
13148 1627461723 0 3 2.53 0.00
13149 1627461723 0 4 2.52 1.43
13150 1627461723 0 5 0.03
13151 1627461723 0 6 0.10
13152 1627461723 0 8 4.97 12.30 11.84
13153 1627461723 0 1 1.371
13154 1627461724 0 0 25.28 8.28 196.0 61.33 101.5 6.39 150.0 18.6 200.2 2.35 41.21 11.7
13155 1627461724 0 7 $GNGGA,084204.000,4423.69848,N,00855.66342,E,1,10,1.1,3.0,M,44.7,M,,*4A
13156 1627461724 0 7 $GNGGA,084205.000,4423.69805,N,00855.66385,E,1,10,1.1,3.0,M,44.7,M,,*49
13157 1627461725 0 7 $GNGGA,084206.000,4423.69751,N,00855.66440,E,1,10,1.1,2.9,M,44.7,M,,*42
13158 1627461726 0 3 2.53 0.00
13159 1627461726 0 4 2.52 1.43
13160 1627461726 0 5 0.03
13161 1627461726 0 6 0.12
13162 1627461726 0 8 4.98 12.31 11.87
13163 1627461727 0 1 1.368
13164 1627461727 0 0 25.28 8.29 195.9 61.31 101.4 6.39 150.0 18.6 199.9 2.37 41.20 11.7
13165 1627461727 0 7 $GNGGA,084207.000,4423.69709,N,00855.66517,E,1,10,1.1,3.0,M,44.7,M,,*45
13166 1627461727 0 7 $GNGGA,084208.000,4423.69664,N,00855.66588,E,1,10,1.1,3.0,M,44.7,M,,*46
13167 1627461728 0 7 $GNGGA,084209.000,4423.69618,N,00855.66652,E,1,10,1.1,3.0,M,44.7,M,,*48
13168 1627461729 0 3 2.53 0.00
13169 1627461729 0 4 2.52 1.43
13170 1627461729 0 5 0.03
13171 1627461729 0 6 0.09
13172 1627461729 0 8 4.97 12.30 11.87
13173 1627461729 0 1 1.500
13174 1627461730 0 0 25.28 8.28 195.9 61.35 101.4 6.39 149.9 18.6 199.6 2.41 41.23 11.7
13175 1627461730 0 7 $GNGGA,084210.000,4423.69556,N,00855.66702,E,1,10,1.1,3.2,M,44.7,M,,*4F
13176 1627461730 0 7 $GNGGA,084211.000,4423.69469,N,00855.66747,E,1,10,1.1,3.4,M,44.7,M,,*44
13177 1627461731 0 7 $GNGGA,084212.000,4423.69397,N,00855.66796,E,1,10,1.1,3.5,M,44.7,M,,*4C
13178 1627461732 0 3 2.53 0.00
13179 1627461732 0 4 2.52 1.43
13180 1627461732 0 5 0.01
13181 1627461732 0 6 0.10
13182 1627461732 0 8 4.97 12.30 11.87
13183 1627461732 0 1 1.321
13184 1627461733 0 0 25.27 8.29 196.0 61.38 101.4 6.39 150.0 18.6 200.0 2.42 41.25 11.7
13185 1627461733 0 7 $GNGGA,084213.000,4423.69334,N,00855.66850,E,1,10,1.1,3.6,M,44.7,M,,*42
13186 1627461733 0 7 $GNGGA,084214.000,4423.69269,N,00855.66909,E,1,10,1.1,3.7,M,44.7,M,,*40
13187 1627461734 0 7 $GNGGA,084215.000,4423.69212,N,00855.66958,E,1,10,1.1,3.8,M,44.7,M,,*46
13188 1627461735 0 3 2.53 0.00
13189 1627461735 0 4 2.52 1.43
13190 1627461735 0 5 -0.00
13191 1627461735 0 6 0.11
13192 1627461735 0 8 4.98 12.31 11.87
13193 1627461735 0 1 2.055
13194 1627461736 0 0 25.28 8.28 196.0 61.27 101.4 6.39 150.0 18.6 199.7 2.41 41.16 11.7
13195 1627461736 0 7 $GNGGA,084216.000,4423.69161,N,00855.67008,E,1,10,1.1,4.1,M,44.7,M,,*41
13196 1627461736 0 7 $GNGGA,084217.000,4423.69100,N,00855.67063,E,1,10,1.1,4.7,M,44.7,M,,*4C
13197 1627461737 0 7 $GNGGA,084218.000,4423.69039,N,00855.67115,E,1,10,1.1,5.2,M,44.7,M,,*4C
13198 1627461738 0 3 2.53 0.00
13199 1627461738 0 4 2.52 1.43
13200 1627461738 0 5 -0.00
13201 1627461738 0 6 0.09
13202 1627461738 0 8 4.98 12.30 11.84
13203 1627461738 0 1 1.310
13204 1627461739 0 0 25.28 8.29 196.0 61.22 101.4 6.39 149.9 18.6 199.3 2.43 41.13 11.7
13205 1627461739 0 7 $GNGGA,084219.000,4423.68974,N,00855.67153,E,1,10,1.1,5.3,M,44.7,M,,*4F
13206 1627461739 0 7 $GNGGA,084220.000,4423.68906,N,00855.67183,E,1,10,1.1,5.0,M,44.7,M,,*4E
13207 1627461740 0 7 $GNGGA,084221.000,4423.68838,N,00855.67225,E,1,10,1.1,4.8,M,44.7,M,,*45
13208 1627461741 0 3 2.53 0.00
13209 1627461741 0 4 2.52 1.43
13210 1627461741 0 5 0.00
13211 1627461741 0 6 0.10
13212 1627461741 0 8 4.97 12.15 11.82
13213 1627461741 0 1 1.280
13214 1627461742 0 0 25.29 8.29 196.0 61.25 101.4 6.39 149.9 18.6 199.0 2.45 41.15 11.7
13215 1627461742 0 7 $GNGGA,084222.000,4423.68777,N,00855.67282,E,1,10,1.1,4.7,M,44.7,M,,*40
13216 1627461742 0 7 $GNGGA,084223.000,4423.68732,N,00855.67356,E,1,10,1.1,4.7,M,44.7,M,,*48
13217 1627461743 0 7 $GNGGA,084224.000,4423.68683,N,00855.67424,E,1,10,1.1,4.8,M,44.7,M,,*49
13218 1627461744 0 3 2.53 0.00
13219 1627461744 0 4 2.52 1.43
13220 1627461744 0 5 0.00
13221 1627461744 0 6 0.11
13222 1627461744 0 8 4.98 12.31 11.84
13223 1627461744 0 1 1.364
13224 1627461745 0 0 25.37 8.28 195.9 61.27 101.4 6.38 149.1 18.6 198.1 2.42 41.17 11.7
13225 1627461745 0 7 $GNGGA,084225.000,4423.68631,N,00855.67473,E,1,10,1.1,4.9,M,44.7,M,,*42
13226 1627461745 0 7 $GNGGA,084226.000,4423.68569,N,00855.67534,E,1,10,1.1,5.2,M,44.7,M,,*47
13227 1627461746 0 7 $GNGGA,084227.000,4423.68499,N,00855.67605,E,1,10,1.1,5.4,M,44.7,M,,*4F
13228 1627461747 0 3 2.53 0.00
13229 1627461747 0 4 2.52 1.43
13230 1627461747 0 5 0.01
13231 1627461747 0 6 0.10
13232 1627461747 0 8 4.98 12.30 11.82
13233 1627461747 0 1 1.316
13234 1627461748 0 0 25.36 8.29 196.0 61.27 101.4 6.38 149.4 18.6 198.7 2.41 41.17 11.7
13235 1627461748 0 7 $GNGGA,084228.000,4423.68428,N,00855.67662,E,1,10,1.1,5.3,M,44.7,M,,*4C
13236 1627461748 0 7 $GNGGA,084229.000,4423.68371,N,00855.67718,E,1,10,1.1,4.4,M,44.7,M,,*4C
13237 1627461749 0 7 $GNGGA,084230.000,4423.68321,N,00855.67769,E,1,10,1.1,3.9,M,44.7,M,,*4D
13238 1627461750 0 3 2.53 0.00
13239 1627461750 0 4 2.52 1.43
13240 1627461750 0 5 0.01
13241 1627461750 0 6 0.11
13242 1627461750 0 8 4.97 12.15 11.84
13243 1627461750 0 1 1.342
13244 1627461751 0 0 25.32 8.29 196.0 61.31 101.4 6.39 150.0 18.6 199.8 2.40 41.20 11.8
13245 1627461751 0 7 $GNGGA,084231.000,4423.68269,N,00855.67824,E,1,10,1.1,3.7,M,44.7,M,,*49
13246 1627461751 0 7 $GNGGA,084232.000,4423.68215,N,00855.67884,E,1,10,1.1,3.2,M,44.7,M,,*4E
13247 1627461752 0 7 $GNGGA,084233.000,4423.68162,N,00855.67942,E,1,10,1.1,2.9,M,44.7,M,,*4D
13248 1627461753 0 3 2.53 0.00
13249 1627461753 0 4 2.52 1.43
13250 1627461753 0 5 0.01
13251 1627461753 0 6 0.11
13252 1627461753 0 8 4.98 12.30 11.84
13253 1627461754 0 1 1.400
13254 1627461754 0 0 25.33 8.28 196.0 61.20 101.4 6.39 149.8 18.6 199.0 2.41 41.11 11.7
13255 1627461754 0 7 $GNGGA,084234.000,4423.68118,N,00855.67996,E,1,10,1.1,2.7,M,44.7,M,,*40
13256 1627461754 0 7 $GNGGA,084235.000,4423.68079,N,00855.68047,E,1,10,1.1,2.8,M,44.7,M,,*42
13257 1627461755 0 7 $GNGGA,084236.000,4423.68028,N,00855.68096,E,1,10,1.1,2.7,M,44.7,M,,*46
13258 1627461756 0 3 2.53 0.00
13259 1627461756 0 4 2.52 1.43
13260 1627461756 0 5 0.01
13261 1627461756 0 6 0.10
13262 1627461756 0 8 4.97 12.16 11.84
13263 1627461757 0 1 1.519
13264 1627461757 0 0 25.33 8.28 196.0 61.19 101.4 6.39 149.8 18.6 199.4 2.40 41.11 11.7
13265 1627461757 0 7 $GNGGA,084237.000,4423.67970,N,00855.68147,E,1,10,1.1,2.5,M,44.7,M,,*43
13266 1627461757 0 7 $GNGGA,084238.000,4423.67920,N,00855.68206,E,1,10,1.1,2.3,M,44.7,M,,*49
13267 1627461758 0 7 $GNGGA,084239.000,4423.67877,N,00855.68251,E,1,10,1.1,2.4,M,44.7,M,,*4E
13268 1627461759 0 3 2.53 0.00
13269 1627461759 0 4 2.52 1.43
13270 1627461759 0 5 0.01
13271 1627461759 0 6 0.07
13272 1627461759 0 8 4.98 12.31 11.87
13273 1627461760 0 1 1.306
13274 1627461760 0 0 25.32 8.28 196.0 61.25 101.4 6.39 149.8 18.6 199.4 2.39 41.15 11.7
13275 1627461760 0 7 $GNGGA,084240.000,4423.67831,N,00855.68303,E,1,10,1.1,2.2,M,44.7,M,,*42
13276 1627461760 0 7 $GNGGA,084241.000,4423.67768,N,00855.68355,E,1,10,1.1,1.9,M,44.7,M,,*4B
13277 1627461761 0 7 $GNGGA,084242.000,4423.67687,N,00855.68406,E,1,10,1.1,1.8,M,44.7,M,,*48
13278 1627461762 0 3 2.53 0.00
13279 1627461762 0 4 2.52 1.42
13280 1627461762 0 5 0.01
13281 1627461762 0 6 0.07
13282 1627461762 0 8 4.97 12.30 11.84
13283 1627461763 0 1 2.054
13284 1627461763 0 0 25.34 8.28 196.0 61.37 101.4 6.38 149.8 18.6 199.6 2.38 41.24 11.7
13285 1627461763 0 7 $GNGGA,084243.000,4423.67606,N,00855.68459,E,1,10,1.1,2.4,M,44.7,M,,*45
13286 1627461763 0 7 $GNGGA,084244.000,4423.67536,N,00855.68511,E,1,10,1.1,2.7,M,44.7,M,,*4C
13287 1627461764 0 7 $GNGGA,084245.000,4423.67461,N,00855.68562,E,1,10,1.1,3.0,M,44.7,M,,*4C
13288 1627461765 0 3 2.53 0.00
13289 1627461765 0 4 2.52 1.42
13290 1627461765 0 5 0.01
13291 1627461765 0 6 0.12
13292 1627461765 0 8 4.98 12.32 11.84
13293 1627461766 0 0 25.33 8.28 196.0 61.26 101.4 6.39 149.7 18.6 199.3 2.40 41.16 11.7
13294 1627461766 0 7 $GNGGA,084246.000,4423.67369,N,00855.68610,E,1,10,1.1,2.8,M,44.7,M,,*4F
13295 1627461766 0 7 $GNGGA,084247.000,4423.67283,N,00855.68655,E,1,10,1.1,2.5,M,44.7,M,,*47
13296 1627461767 0 7 $GNGGA,084248.000,4423.67211,N,00855.68684,E,1,10,1.1,2.1,M,44.7,M,,*4B
13297 1627461768 0 3 2.53 0.00
13298 1627461768 0 4 2.52 1.41
13299 1627461768 0 5 0.01
13300 1627461768 0 6 0.12
13301 1627461768 0 8 4.98 12.33 11.84
13302 1627461769 0 7 $GNGGA,084249.000,4423.67128,N,00855.68713,E,1,10,1.1,1.7,M,44.7,M,,*49
13303 1627461769 0 0 25.35 8.28 195.9 61.24 101.5 6.39 149.6 18.6 199.0 2.44 41.14 11.7
13304 1627461769 0 7 $GNGGA,084250.000,4423.67049,N,00855.68751,E,1,10,1.1,1.4,M,44.7,M,,*42
13305 1627461770 0 7 $GNGGA,084251.000,4423.66980,N,00855.68781,E,1,10,1.1,1.1,M,44.7,M,,*46
13306 1627461771 0 3 2.53 0.00
13307 1627461771 0 4 2.52 1.42
13308 1627461771 0 5 0.01
13309 1627461771 0 6 0.10
13310 1627461771 0 8 4.98 12.33 11.87
13311 1627461772 0 7 $GNGGA,084252.000,4423.66966,N,00855.68833,E,1,10,1.1,1.4,M,44.7,M,,*4E
13312 1627461772 0 0 25.35 8.28 195.9 61.36 101.5 6.39 149.6 18.6 199.2 2.42 41.23 11.7
13313 1627461772 0 7 $GNGGA,084253.000,4423.66935,N,00855.68888,E,1,10,1.1,1.7,M,44.7,M,,*4A
13314 1627461773 0 7 $GNGGA,084254.000,4423.66927,N,00855.68933,E,1,10,1.1,2.1,M,44.7,M,,*4A
13315 1627461774 0 3 2.53 0.00
13316 1627461774 0 4 2.52 1.42
13317 1627461774 0 5 0.01
13318 1627461774 0 6 0.11
13319 1627461774 0 8 4.98 12.35 11.87
13320 1627461775 0 0 25.37 8.28 195.9 61.36 101.5 6.39 149.5 18.6 198.6 2.40 41.23 11.7
13321 1627461775 0 7 $GNGGA,084255.000,4423.66899,N,00855.68989,E,1,10,1.1,2.5,M,44.7,M,,*4A
13322 1627461775 0 7 $GNGGA,084256.000,4423.66853,N,00855.69051,E,1,10,1.1,2.8,M,44.7,M,,*4F
13323 1627461775 0 1 1.369
13324 1627461776 0 7 $GNGGA,084257.000,4423.66805,N,00855.69104,E,1,10,1.1,3.2,M,44.7,M,,*47
13325 1627461777 0 3 2.53 0.00
13326 1627461777 0 4 2.52 1.42
13327 1627461777 0 5 0.01
13328 1627461777 0 6 0.13
13329 1627461777 0 8 4.98 12.30 11.87
13330 1627461778 0 1 1.446
13331 1627461778 0 0 25.39 8.28 196.0 61.20 101.5 6.39 149.5 18.7 198.3 2.41 41.11 11.7
13332 1627461778 0 7 $GNGGA,084258.000,4423.66748,N,00855.69143,E,1,10,1.1,3.5,M,44.7,M,,*4A
13333 1627461778 0 7 $GNGGA,084259.000,4423.66693,N,00855.69180,E,1,10,1.1,3.4,M,44.7,M,,*42
13334 1627461779 0 7 $GNGGA,084300.000,4423.66638,N,00855.69255,E,1,10,1.1,3.3,M,44.7,M,,*42
13335 1627461780 0 3 2.53 0.00
13336 1627461780 0 4 2.52 1.42
13337 1627461780 0 5 0.01
13338 1627461780 0 6 0.11
13339 1627461780 0 8 4.98 12.31 11.84
13340 1627461781 0 1 1.697
13341 1627461781 0 0 25.38 8.28 195.9 61.27 101.4 6.38 149.4 18.6 198.6 2.40 41.16 11.7
13342 1627461781 0 7 $GNGGA,084301.000,4423.66586,N,00855.69316,E,1,10,1.1,3.1,M,44.7,M,,*41
13343 1627461781 0 7 $GNGGA,084302.000,4423.66524,N,00855.69366,E,1,10,1.1,2.7,M,44.7,M,,*4A
13344 1627461782 0 7 $GNGGA,084303.000,4423.66461,N,00855.69416,E,1,10,1.1,2.4,M,44.7,M,,*48
13345 1627461783 0 3 2.53 0.00
13346 1627461783 0 4 2.52 1.42
13347 1627461783 0 5 0.01
13348 1627461783 0 6 0.13
13349 1627461783 0 8 4.97 12.30 11.84
13350 1627461784 0 1 1.408
13351 1627461784 0 0 25.40 8.28 195.9 61.21 101.5 6.38 149.2 18.7 197.4 2.43 41.12 11.7
13352 1627461784 0 7 $GNGGA,084304.000,4423.66398,N,00855.69470,E,1,10,1.1,2.0,M,44.7,M,,*4A
13353 1627461784 0 7 $GNGGA,084305.000,4423.66363,N,00855.69520,E,1,10,1.1,1.9,M,44.7,M,,*41
13354 1627461785 0 7 $GNGGA,084306.000,4423.66343,N,00855.69573,E,1,10,1.1,2.1,M,44.7,M,,*4D
13355 1627461786 0 3 2.53 0.00
13356 1627461786 0 4 2.52 1.42
13357 1627461786 0 5 0.02
13358 1627461786 0 6 0.09
13359 1627461786 0 8 4.98 12.31 11.87
13360 1627461787 0 1 2.183
13361 1627461787 0 0 25.44 8.28 195.9 61.28 101.4 6.38 149.1 18.7 197.7 2.41 41.17 11.7
13362 1627461787 0 7 $GNGGA,084307.000,4423.66309,N,00855.69618,E,1,10,1.1,2.4,M,44.7,M,,*49
13363 1627461787 0 7 $GNGGA,084308.000,4423.66254,N,00855.69657,E,1,10,1.1,3.0,M,44.7,M,,*41
13364 1627461788 0 7 $GNGGA,084309.000,4423.66209,N,00855.69710,E,1,10,1.1,3.6,M,44.7,M,,*4C
13365 1627461789 0 3 2.53 0.00
13366 1627461789 0 4 2.52 1.41
13367 1627461789 0 5 0.02
13368 1627461789 0 6 0.12
13369 1627461789 0 8 4.98 12.30 11.87
13370 1627461790 0 1 1.360
13371 1627461790 0 0 25.40 8.28 195.9 61.25 101.4 6.38 149.6 18.6 199.0 2.42 41.15 11.7
13372 1627461790 0 7 $GNGGA,084310.000,4423.66161,N,00855.69766,E,1,10,1.1,4.1,M,44.7,M,,*48
13373 1627461790 0 7 $GNGGA,084311.000,4423.66106,N,00855.69818,E,1,10,1.1,4.2,M,44.7,M,,*4D
13374 1627461791 0 7 $GNGGA,084312.000,4423.66057,N,00855.69861,E,1,10,1.1,4.2,M,44.7,M,,*45
13375 1627461792 0 3 2.53 0.00
13376 1627461792 0 4 2.52 1.42
13377 1627461792 0 5 0.02
13378 1627461792 0 6 0.11
13379 1627461792 0 8 4.98 12.31 11.87
13380 1627461793 0 1 1.397
13381 1627461793 0 0 25.36 8.28 195.9 61.27 101.4 6.38 149.9 18.6 199.2 2.46 41.16 11.8
13382 1627461793 0 7 $GNGGA,084313.000,4423.65998,N,00855.69898,E,1,10,1.1,3.8,M,44.7,M,,*46
13383 1627461793 0 7 $GNGGA,084314.000,4423.65949,N,00855.69921,E,1,10,1.1,3.5,M,44.7,M,,*43
13384 1627461794 0 7 $GNGGA,084315.000,4423.65893,N,00855.69958,E,1,10,1.1,3.3,M,44.7,M,,*4C
13385 1627461795 0 3 2.53 0.00
13386 1627461795 0 4 2.52 1.42
13387 1627461795 0 5 0.02
13388 1627461795 0 6 0.12
13389 1627461795 0 8 4.97 12.30 11.84
13390 1627461796 0 1 1.378
13391 1627461796 0 0 25.41 8.28 195.9 61.30 101.4 6.37 149.4 18.6 198.5 2.48 41.19 11.7
13392 1627461796 0 7 $GNGGA,084316.000,4423.65839,N,00855.70014,E,1,10,1.1,3.2,M,44.7,M,,*47
13393 1627461796 0 7 $GNGGA,084317.000,4423.65788,N,00855.70084,E,1,10,1.1,3.2,M,44.7,M,,*4A
13394 1627461797 0 7 $GNGGA,084318.000,4423.65732,N,00855.70152,E,1,10,1.1,3.4,M,44.7,M,,*48
13395 1627461798 0 3 2.53 0.00
13396 1627461798 0 4 2.52 1.42
13397 1627461798 0 5 0.02
13398 1627461798 0 6 0.11
13399 1627461798 0 8 4.97 12.30 11.84
13400 1627461799 0 1 1.310
13401 1627461799 0 0 25.39 8.28 195.9 61.32 101.3 6.37 149.6 18.6 198.9 2.48 41.20 11.8
13402 1627461799 0 7 $GNGGA,084319.000,4423.65683,N,00855.70222,E,1,10,1.1,3.6,M,44.7,M,,*44
13403 1627461799 0 7 $GNGGA,084320.000,4423.65650,N,00855.70283,E,1,10,1.1,3.8,M,44.7,M,,*45
13404 1627461799 0 2 0.06330000 1.07980000 1.15480005 0.00830000 2.69269990 0.00720000 0.03140000 0.28040000 1.00000000 93.02400207
13405 1627461800 0 7 $GNGGA,084321.000,4423.65594,N,00855.70340,E,1,10,1.1,3.5,M,44.7,M,,*4C
13406 1627461801 0 3 2.53 0.00
13407 1627461801 0 4 2.52 1.42
13408 1627461801 0 5 0.02
13409 1627461801 0 6 0.10
13410 1627461801 0 8 4.98 12.31 11.87
13411 1627461802 0 1 1.269
13412 1627461802 0 0 25.36 8.28 195.9 61.33 101.3 6.38 149.9 18.6 199.1 2.49 41.21 11.7
13413 1627461802 0 7 $GNGGA,084322.000,4423.65532,N,00855.70394,E,1,10,1.1,3.1,M,44.7,M,,*4E
13414 1627461802 0 7 $GNGGA,084323.000,4423.65480,N,00855.70461,E,1,10,1.1,2.8,M,44.7,M,,*42
13415 1627461803 0 7 $GNGGA,084324.000,4423.65436,N,00855.70551,E,1,10,1.1,2.5,M,44.7,M,,*47
13416 1627461804 0 3 2.53 0.00
13417 1627461804 0 4 2.52 1.42
13418 1627461804 0 5 0.02
13419 1627461804 0 6 0.10
13420 1627461805 0 8 4.97 12.30 11.84
13421 1627461805 0 1 1.362
13422 1627461805 0 0 25.41 8.28 195.9 61.37 101.3 6.37 149.3 18.6 198.2 2.50 41.24 11.7
13423 1627461805 0 7 $GNGGA,084325.000,4423.65390,N,00855.70616,E,1,10,1.1,2.6,M,44.7,M,,*4E
13424 1627461805 0 7 $GNGGA,084326.000,4423.65350,N,00855.70668,E,1,10,1.1,2.7,M,44.7,M,,*49
13425 1627461806 0 7 $GNGGA,084327.000,4423.65318,N,00855.70725,E,1,10,1.1,2.7,M,44.7,M,,*4C
13426 1627461807 0 3 2.53 0.00
13427 1627461807 0 4 2.52 1.42
13428 1627461807 0 5 0.02
13429 1627461807 0 6 0.08
13430 1627461807 0 8 4.97 12.30 11.87
13431 1627461808 0 1 1.723
13432 1627461808 0 0 25.43 8.28 195.9 61.36 101.4 6.37 149.4 18.6 198.3 2.50 41.23 11.7
13433 1627461808 0 7 $GNGGA,084328.000,4423.65282,N,00855.70782,E,1,10,1.1,2.2,M,44.7,M,,*49
13434 1627461808 0 7 $GNGGA,084329.000,4423.65245,N,00855.70840,E,1,10,1.1,2.3,M,44.7,M,,*43
13435 1627461809 0 7 $GNGGA,084330.000,4423.65212,N,00855.70900,E,1,10,1.1,2.4,M,44.7,M,,*4B
13436 1627461810 0 3 2.53 0.00
13437 1627461810 0 4 2.52 1.42
13438 1627461810 0 5 0.02
13439 1627461810 0 6 0.11
13440 1627461810 0 8 4.98 12.31 11.84
13441 1627461811 0 1 1.368
13442 1627461811 0 0 25.40 8.28 195.9 61.39 101.4 6.37 149.8 18.6 198.8 2.47 41.25 11.7
13443 1627461811 0 7 $GNGGA,084331.000,4423.65182,N,00855.70968,E,1,10,1.1,2.6,M,44.7,M,,*4C
13444 1627461811 0 7 $GNGGA,084332.000,4423.65160,N,00855.71036,E,1,10,1.1,2.9,M,44.7,M,,*4F
13445 1627461812 0 7 $GNGGA,084333.000,4423.65127,N,00855.71106,E,1,10,1.1,3.1,M,44.7,M,,*46
13446 1627461813 0 3 2.53 0.00
13447 1627461813 0 4 2.52 1.41
13448 1627461813 0 5 0.02
13449 1627461813 0 6 0.11
13450 1627461813 0 8 4.97 12.30 11.84
13451 1627461814 0 1 2.081
13452 1627461814 0 0 25.32 8.28 195.9 61.33 101.4 6.38 150.3 18.6 199.8 2.48 41.21 11.8
13453 1627461814 0 7 $GNGGA,084334.000,4423.65071,N,00855.71195,E,1,10,1.1,3.4,M,44.7,M,,*4C
13454 1627461814 0 7 $GNGGA,084335.000,4423.65026,N,00855.71268,E,1,10,1.1,3.6,M,44.7,M,,*4C
13455 1627461815 0 7 $GNGGA,084336.000,4423.64996,N,00855.71319,E,1,10,1.1,3.9,M,44.7,M,,*44
13456 1627461816 0 3 2.53 0.00
13457 1627461816 0 4 2.52 1.41
13458 1627461816 0 5 0.02
13459 1627461816 0 6 0.10
13460 1627461816 0 8 4.97 12.30 11.87
13461 1627461817 0 1 1.314
13462 1627461817 0 0 25.36 8.28 195.9 61.27 101.4 6.38 149.9 18.6 198.2 2.50 41.16 11.7
13463 1627461817 0 7 $GNGGA,084337.000,4423.64974,N,00855.71376,E,1,10,1.1,4.0,M,44.7,M,,*4E
13464 1627461817 0 7 $GNGGA,084338.000,4423.64929,N,00855.71443,E,1,10,1.1,3.9,M,44.7,M,,*46
13465 1627461818 0 7 $GNGGA,084339.000,4423.64865,N,00855.71496,E,1,10,1.1,4.0,M,44.7,M,,*48
13466 1627461819 0 3 2.53 0.00
13467 1627461819 0 4 2.52 1.40
13468 1627461819 0 5 0.02
13469 1627461819 0 6 0.11
13470 1627461819 0 8 4.98 12.31 11.87
13471 1627461820 0 1 1.306
13472 1627461820 0 0 25.37 8.28 195.9 61.34 101.4 6.38 149.6 18.6 197.9 2.49 41.22 11.7
13473 1627461820 0 7 $GNGGA,084340.000,4423.64816,N,00855.71552,E,1,10,1.1,4.1,M,44.7,M,,*4A
13474 1627461820 0 7 $GNGGA,084341.000,4423.64782,N,00855.71617,E,1,10,1.1,4.0,M,44.7,M,,*4A
13475 1627461821 0 7 $GNGGA,084342.000,4423.64737,N,00855.71682,E,1,10,1.1,3.9,M,44.7,M,,*45
13476 1627461822 0 3 2.53 0.00
13477 1627461822 0 4 2.52 1.37
13478 1627461822 0 5 0.02
13479 1627461822 0 6 0.06
13480 1627461822 0 8 4.98 12.30 11.87
13481 1627461823 0 1 1.281
13482 1627461823 0 0 25.37 8.28 195.9 61.30 101.4 6.38 149.8 18.6 199.0 2.47 41.19 11.7
13483 1627461823 0 7 $GNGGA,084343.000,4423.64688,N,00855.71746,E,1,10,1.1,3.9,M,44.7,M,,*48
13484 1627461823 0 7 $GNGGA,084344.000,4423.64648,N,00855.71817,E,1,10,1.1,4.0,M,44.7,M,,*46
13485 1627461824 0 7 $GNGGA,084345.000,4423.64609,N,00855.71896,E,1,10,1.1,4.2,M,44.7,M,,*49
13486 1627461825 0 3 2.53 0.00
13487 1627461825 0 4 2.52 1.38
13488 1627461825 0 5 0.02
13489 1627461825 0 6 0.12
13490 1627461826 0 8 4.97 12.30 11.87
13491 1627461826 0 1 1.313
13492 1627461826 0 0 25.38 8.28 195.9 61.29 101.4 6.38 149.6 18.6 198.7 2.46 41.18 11.7
13493 1627461826 0 7 $GNGGA,084346.000,4423.64565,N,00855.71974,E,1,10,1.1,4.6,M,44.7,M,,*4A
13494 1627461826 0 7 $GNGGA,084347.000,4423.64522,N,00855.72046,E,1,10,1.1,4.9,M,44.7,M,,*4C
13495 1627461827 0 7 $GNGGA,084348.000,4423.64471,N,00855.72114,E,1,10,1.1,5.2,M,44.7,M,,*48
13496 1627461828 0 3 2.53 0.00
13497 1627461828 0 4 2.52 1.39
13498 1627461828 0 5 0.02
13499 1627461828 0 6 0.12
13500 1627461828 0 8 4.98 12.31 11.84
13501 1627461829 0 1 1.158
13502 1627461829 0 0 25.35 8.28 195.9 61.26 101.4 6.38 150.0 18.6 199.8 2.45 41.16 11.7
13503 1627461829 0 7 $GNGGA,084349.000,4423.64400,N,00855.72161,E,1,10,1.1,5.4,M,44.7,M,,*4B
13504 1627461829 0 7 $GNGGA,084350.000,4423.64334,N,00855.72207,E,1,10,1.1,5.8,M,44.7,M,,*4C
13505 1627461830 0 7 $GNGGA,084351.000,4423.64269,N,00855.72262,E,1,10,1.1,6.1,M,44.7,M,,*4D
13506 1627461831 0 3 2.53 0.00
13507 1627461831 0 4 2.52 1.38
13508 1627461831 0 5 0.02
13509 1627461831 0 6 0.11
13510 1627461831 0 8 4.98 12.31 11.87
13511 1627461832 0 1 1.434
13512 1627461832 0 0 25.37 8.28 195.9 61.31 101.4 6.38 149.8 18.6 198.9 2.47 41.19 11.7
13513 1627461832 0 7 $GNGGA,084352.000,4423.64204,N,00855.72323,E,1,10,1.1,6.3,M,44.7,M,,*43
13514 1627461832 0 7 $GNGGA,084353.000,4423.64157,N,00855.72424,E,1,10,1.1,6.8,M,44.7,M,,*4C
13515 1627461833 0 7 $GNGGA,084354.000,4423.64101,N,00855.72542,E,1,10,1.1,7.5,M,44.7,M,,*45
13516 1627461834 0 3 2.53 0.00
13517 1627461834 0 4 2.52 1.38
13518 1627461834 0 5 0.02
13519 1627461834 0 6 0.11
13520 1627461834 0 8 4.98 12.30 11.87
13521 1627461835 0 1 1.615
13522 1627461835 0 0 25.37 8.28 195.8 61.41 101.4 6.38 149.7 18.6 199.1 2.48 41.27 11.7
13523 1627461835 0 7 $GNGGA,084355.000,4423.64050,N,00855.72636,E,1,10,1.1,8.3,M,44.7,M,,*48
13524 1627461835 0 7 $GNGGA,084356.000,4423.64029,N,00855.72698,E,1,10,1.1,7.6,M,44.7,M,,*4B
13525 1627461836 0 7 $GNGGA,084357.000,4423.64014,N,00855.72792,E,1,10,1.1,7.6,M,44.7,M,,*4F
13526 1627461837 0 3 2.53 0.00
13527 1627461837 0 4 2.52 1.38
13528 1627461837 0 5 0.02
13529 1627461837 0 6 0.13
13530 1627461837 0 8 4.97 12.30 11.87
13531 1627461838 0 1 1.282
13532 1627461838 0 0 25.35 8.28 195.8 61.27 101.4 6.39 149.9 18.6 199.3 2.47 41.17 11.8
13533 1627461838 0 7 $GNGGA,084358.000,4423.63990,N,00855.72889,E,1,10,1.1,7.5,M,44.7,M,,*44
13534 1627461838 0 7 $GNGGA,084359.000,4423.63954,N,00855.72982,E,1,10,1.1,7.4,M,44.7,M,,*46
13535 1627461839 0 7 $GNGGA,084400.000,4423.63921,N,00855.73080,E,1,10,1.1,7.2,M,44.7,M,,*43
13536 1627461840 0 3 2.53 0.00
13537 1627461840 0 4 2.52 1.38
13538 1627461840 0 5 0.02
13539 1627461840 0 6 0.08
13540 1627461840 0 8 4.98 12.30 11.87
13541 1627461841 0 1 1.906
13542 1627461841 0 0 25.32 8.28 195.8 61.33 101.4 6.39 150.2 18.6 199.4 2.46 41.21 11.7
13543 1627461841 0 7 $GNGGA,084401.000,4423.63887,N,00855.73163,E,1,10,1.1,7.1,M,44.7,M,,*40
13544 1627461841 0 7 $GNGGA,084402.000,4423.63859,N,00855.73245,E,1,10,1.1,7.1,M,44.7,M,,*47
13545 1627461842 0 7 $GNGGA,084403.000,4423.63826,N,00855.73315,E,1,10,1.1,7.1,M,44.7,M,,*4A
13546 1627461843 0 3 2.53 0.00
13547 1627461843 0 4 2.52 1.38
13548 1627461843 0 5 0.02
13549 1627461843 0 6 0.13
13550 1627461843 0 8 4.98 12.31 11.87
13551 1627461844 0 1 1.379
13552 1627461844 0 0 25.38 8.28 195.8 61.28 101.4 6.38 149.5 18.6 197.8 2.47 41.17 11.7
13553 1627461844 0 7 $GNGGA,084404.000,4423.63794,N,00855.73365,E,1,10,1.1,7.1,M,44.7,M,,*4C
13554 1627461844 0 7 $GNGGA,084405.000,4423.63747,N,00855.73418,E,1,10,1.1,7.2,M,44.7,M,,*4D
13555 1627461845 0 7 $GNGGA,084406.000,4423.63695,N,00855.73482,E,1,10,1.1,7.4,M,44.7,M,,*45
13556 1627461846 0 3 2.53 0.00
13557 1627461846 0 4 2.52 1.39
13558 1627461846 0 5 0.02
13559 1627461846 0 6 0.12
13560 1627461847 0 8 4.98 12.30 11.87
13561 1627461847 0 1 1.346
13562 1627461847 0 0 25.40 8.28 195.8 61.29 101.4 6.38 149.7 18.6 198.4 2.45 41.18 11.7
13563 1627461847 0 7 $GNGGA,084407.000,4423.63637,N,00855.73536,E,1,10,1.1,7.6,M,44.7,M,,*40
13564 1627461847 0 7 $GNGGA,084408.000,4423.63579,N,00855.73585,E,1,10,1.1,7.7,M,44.7,M,,*4F
13565 1627461848 0 7 $GNGGA,084409.000,4423.63535,N,00855.73652,E,1,10,1.1,7.7,M,44.7,M,,*4F
13566 1627461849 0 3 2.53 0.00
13567 1627461849 0 4 2.52 1.39
13568 1627461849 0 5 0.02
13569 1627461849 0 6 0.10
13570 1627461849 0 8 4.98 12.30 11.87
13571 1627461850 0 1 1.341
13572 1627461850 0 0 25.39 8.28 195.8 61.28 101.4 6.38 150.0 18.6 198.9 2.48 41.17 11.7
13573 1627461850 0 7 $GNGGA,084410.000,4423.63504,N,00855.73726,E,1,10,1.1,7.5,M,44.7,M,,*45
13574 1627461850 0 7 $GNGGA,084411.000,4423.63483,N,00855.73802,E,1,10,1.1,7.7,M,44.7,M,,*41
13575 1627461851 0 7 $GNGGA,084412.000,4423.63452,N,00855.73877,E,1,10,1.1,7.7,M,44.7,M,,*4C
13576 1627461852 0 3 2.53 0.00
13577 1627461852 0 4 2.52 1.39
13578 1627461852 0 5 0.02
13579 1627461852 0 6 0.08
13580 1627461852 0 8 4.98 12.31 11.84
13581 1627461853 0 1 1.361
13582 1627461853 0 0 25.36 8.28 195.8 61.32 101.4 6.38 150.2 18.6 199.6 2.46 41.21 11.8
13583 1627461853 0 7 $GNGGA,084413.000,4423.63403,N,00855.73948,E,1,10,1.1,7.7,M,44.7,M,,*44
13584 1627461853 0 7 $GNGGA,084414.000,4423.63361,N,00855.74011,E,1,10,1.1,7.5,M,44.7,M,,*40
13585 1627461854 0 7 $GNGGA,084415.000,4423.63345,N,00855.74079,E,1,10,1.1,7.2,M,44.7,M,,*4E
13586 1627461855 0 3 2.53 0.00
13587 1627461855 0 4 2.52 1.39
13588 1627461855 0 5 0.02
13589 1627461855 0 6 0.12
13590 1627461855 0 8 4.98 12.30 11.87
13591 1627461856 0 1 1.278
13592 1627461856 0 0 25.37 8.28 195.8 61.25 101.4 6.38 150.0 18.6 199.2 2.44 41.14 11.7
13593 1627461856 0 7 $GNGGA,084416.000,4423.63340,N,00855.74144,E,1,10,1.1,7.5,M,44.7,M,,*40
13594 1627461856 0 7 $GNGGA,084417.000,4423.63330,N,00855.74207,E,1,10,1.1,7.8,M,44.7,M,,*4F
13595 1627461857 0 7 $GNGGA,084418.000,4423.63318,N,00855.74280,E,1,10,1.1,8.1,M,44.7,M,,*43
13596 1627461858 0 3 2.53 0.00
13597 1627461858 0 4 2.52 1.39
13598 1627461858 0 5 0.02
13599 1627461858 0 6 0.12
13600 1627461858 0 8 4.97 12.12 11.87
13601 1627461859 0 1 1.350
13602 1627461859 0 0 25.34 8.28 195.8 61.30 101.4 6.38 150.3 18.6 199.5 2.46 41.18 11.8
13603 1627461859 0 7 $GNGGA,084419.000,4423.63321,N,00855.74363,E,1,10,1.1,8.5,M,44.7,M,,*40
13604 1627461859 0 7 $GNGGA,084420.000,4423.63298,N,00855.74451,E,1,10,1.1,8.3,M,44.7,M,,*49
13605 1627461860 0 7 $GNGGA,084421.000,4423.63283,N,00855.74533,E,1,10,1.1,8.1,M,44.7,M,,*45
13606 1627461861 0 3 2.53 0.00
13607 1627461861 0 4 2.52 1.39
13608 1627461861 0 5 0.02
13609 1627461861 0 6 0.12
13610 1627461861 0 8 4.97 11.96 11.84
13611 1627461862 0 1 1.679
13612 1627461862 0 0 25.38 8.28 195.8 61.24 101.4 6.38 149.7 18.6 198.3 2.47 41.14 11.7
13613 1627461862 0 7 $GNGGA,084422.000,4423.63254,N,00855.74627,E,1,10,1.1,7.9,M,44.7,M,,*4D
13614 1627461862 0 7 $GNGGA,084423.000,4423.63222,N,00855.74732,E,1,10,1.1,7.9,M,44.7,M,,*48
13615 1627461863 0 7 $GNGGA,084424.000,4423.63210,N,00855.74829,E,1,10,1.1,7.9,M,44.7,M,,*4B
13616 1627461864 0 3 2.53 0.00
13617 1627461864 0 4 2.52 1.39
13618 1627461864 0 5 0.02
13619 1627461864 0 6 0.09
13620 1627461864 0 8 4.98 12.12 11.84
13621 1627461865 0 1 1.348
13622 1627461865 0 0 25.38 8.28 195.8 61.26 101.4 6.38 149.8 18.6 198.9 2.45 41.16 11.7
13623 1627461865 0 7 $GNGGA,084425.000,4423.63195,N,00855.74913,E,1,10,1.1,8.1,M,44.7,M,,*4B
13624 1627461865 0 7 $GNGGA,084426.000,4423.63171,N,00855.74982,E,1,10,1.1,8.2,M,44.7,M,,*49
13625 1627461866 0 7 $GNGGA,084427.000,4423.63152,N,00855.75051,E,1,10,1.1,8.1,M,44.7,M,,*4C
13626 1627461867 0 3 2.53 0.00
13627 1627461867 0 4 2.52 1.39
13628 1627461867 0 5 0.02
13629 1627461867 0 6 0.11
13630 1627461868 0 8 4.97 11.85 11.84
13631 1627461868 0 1 2.117
13632 1627461868 0 0 25.34 8.28 195.8 61.30 101.3 6.38 150.3 18.6 200.2 2.42 41.18 11.8
13633 1627461868 0 7 $GNGGA,084428.000,4423.63135,N,00855.75141,E,1,10,1.1,8.3,M,44.7,M,,*40
13634 1627461868 0 7 $GNGGA,084429.000,4423.63113,N,00855.75237,E,1,10,1.1,8.6,M,44.7,M,,*42
13635 1627461869 0 7 $GNGGA,084430.000,4423.63086,N,00855.75332,E,1,10,1.1,9.1,M,44.7,M,,*45
13636 1627461870 0 3 2.53 0.00
13637 1627461870 0 4 2.52 1.39
13638 1627461870 0 5 0.02
13639 1627461870 0 6 0.12
13640 1627461870 0 8 4.97 11.97 11.84
13641 1627461871 0 1 1.319
13642 1627461871 0 0 25.38 8.28 195.8 61.30 101.4 6.38 149.8 18.6 199.1 2.43 41.19 11.7
13643 1627461871 0 7 $GNGGA,084431.000,4423.63064,N,00855.75433,E,1,10,1.1,9.3,M,44.7,M,,*4C
13644 1627461871 0 7 $GNGGA,084432.000,4423.63052,N,00855.75539,E,1,10,1.1,9.3,M,44.7,M,,*41
13645 1627461872 0 7 $GNGGA,084433.000,4423.63044,N,00855.75645,E,1,10,1.1,9.5,M,44.7,M,,*49
13646 1627461873 0 3 2.53 0.00
13647 1627461873 0 4 2.52 1.39
13648 1627461873 0 5 0.02
13649 1627461873 0 6 0.10
13650 1627461873 0 8 4.97 12.11 11.87
13651 1627461874 0 1 1.334
13652 1627461874 0 0 25.35 8.28 195.8 61.28 101.4 6.38 150.0 18.6 198.9 2.49 41.18 11.7
13653 1627461874 0 7 $GNGGA,084434.000,4423.63043,N,00855.75760,E,1,10,1.1,9.9,M,44.7,M,,*43
13654 1627461874 0 7 $GNGGA,084435.000,4423.63047,N,00855.75880,E,1,10,1.1,10.2,M,44.7,M,,*74
13655 1627461875 0 7 $GNGGA,084436.000,4423.63060,N,00855.75995,E,1,10,1.1,10.3,M,44.7,M,,*76
13656 1627461876 0 3 2.53 0.00
13657 1627461876 0 4 2.52 1.39
13658 1627461876 0 5 0.02
13659 1627461876 0 6 0.10
13660 1627461876 0 8 4.97 11.98 11.84
13661 1627461877 0 1 1.289
13662 1627461877 0 0 25.38 8.28 195.8 61.37 101.4 6.38 149.7 18.6 198.5 2.46 41.24 11.7
13663 1627461877 0 7 $GNGGA,084437.000,4423.63063,N,00855.76099,E,1,10,1.1,10.2,M,44.7,M,,*73
13664 1627461877 0 7 $GNGGA,084438.000,4423.63052,N,00855.76200,E,1,10,1.1,10.1,M,44.7,M,,*7F
13665 1627461878 0 7 $GNGGA,084439.000,4423.63024,N,00855.76279,E,1,10,1.1,9.8,M,44.7,M,,*40
13666 1627461879 0 3 2.53 0.00
13667 1627461879 0 4 2.52 1.39
13668 1627461879 0 5 0.02
13669 1627461879 0 6 0.14
13670 1627461879 0 8 4.97 12.13 11.84
13671 1627461880 0 1 1.323
13672 1627461880 0 0 25.41 8.28 195.7 61.41 101.4 6.37 149.8 18.6 198.5 2.41 41.27 11.7
13673 1627461880 0 7 $GNGGA,084440.000,4423.63004,N,00855.76354,E,1,10,1.1,9.4,M,44.7,M,,*4E
13674 1627461880 0 7 $GNGGA,084441.000,4423.62983,N,00855.76433,E,1,10,1.1,9.1,M,44.7,M,,*4B
13675 1627461881 0 7 $GNGGA,084442.000,4423.62968,N,00855.76516,E,1,10,1.1,9.2,M,44.7,M,,*48
13676 1627461882 0 3 2.53 0.00
13677 1627461882 0 4 2.52 1.39
13678 1627461882 0 5 0.02
13679 1627461882 0 6 0.13
13680 1627461882 0 8 4.98 12.12 11.87
13681 1627461883 0 1 1.320
13682 1627461883 0 0 25.39 8.28 195.8 61.28 101.4 6.38 149.8 18.6 198.5 2.39 41.17 11.7
13683 1627461883 0 7 $GNGGA,084443.000,4423.62957,N,00855.76590,E,1,10,1.1,9.3,M,44.7,M,,*4A
13684 1627461883 0 7 $GNGGA,084444.000,4423.62933,N,00855.76664,E,1,10,1.1,9.1,M,44.7,M,,*45
13685 1627461884 0 7 $GNGGA,084445.000,4423.62902,N,00855.76735,E,1,10,1.1,8.7,M,44.7,M,,*44
13686 1627461885 0 3 2.53 0.00
13687 1627461885 0 4 2.52 1.39
13688 1627461885 0 5 0.02
13689 1627461885 0 6 0.09
13690 1627461885 0 8 4.98 12.11 11.84
13691 1627461886 0 1 1.332
13692 1627461886 0 0 25.40 8.28 195.7 61.29 101.4 6.38 149.8 18.6 199.0 2.42 41.18 11.7
13693 1627461886 0 7 $GNGGA,084446.000,4423.62875,N,00855.76812,E,1,10,1.1,8.2,M,44.7,M,,*49
13694 1627461886 0 7 $GNGGA,084447.000,4423.62859,N,00855.76891,E,1,10,1.1,7.7,M,44.7,M,,*47
13695 1627461887 0 7 $GNGGA,084448.000,4423.62848,N,00855.76972,E,1,10,1.1,7.4,M,44.7,M,,*47
13696 1627461888 0 3 2.53 0.00
13697 1627461888 0 4 2.52 1.39
13698 1627461888 0 5 0.02
13699 1627461888 0 6 0.13
13700 1627461889 0 8 4.97 12.12 11.84
13701 1627461889 0 1 1.509
13702 1627461889 0 0 25.38 8.28 195.7 61.34 101.4 6.38 149.9 18.6 199.3 2.39 41.22 11.8
13703 1627461889 0 7 $GNGGA,084449.000,4423.62835,N,00855.77047,E,1,10,1.1,7.3,M,44.7,M,,*45
13704 1627461889 0 7 $GNGGA,084450.000,4423.62820,N,00855.77131,E,1,10,1.1,7.5,M,44.7,M,,*4F
13705 1627461890 0 7 $GNGGA,084451.000,4423.62797,N,00855.77214,E,1,10,1.1,7.5,M,44.7,M,,*49
13706 1627461891 0 3 2.53 0.00
13707 1627461891 0 4 2.52 1.39
13708 1627461891 0 5 0.02
13709 1627461891 0 6 0.14
13710 1627461891 0 8 4.98 12.12 11.87
13711 1627461892 0 1 1.388
13712 1627461892 0 0 25.39 8.28 195.7 61.18 101.4 6.38 149.9 18.6 199.4 2.38 41.09 11.7
13713 1627461892 0 7 $GNGGA,084452.000,4423.62765,N,00855.77289,E,1,10,1.1,7.3,M,44.7,M,,*45
13714 1627461892 0 7 $GNGGA,084453.000,4423.62729,N,00855.77370,E,1,10,1.1,6.9,M,44.7,M,,*40
13715 1627461893 0 7 $GNGGA,084454.000,4423.62678,N,00855.77446,E,1,10,1.1,6.4,M,44.7,M,,*4D
13716 1627461894 0 3 2.53 0.00
13717 1627461894 0 4 2.52 1.39
13718 1627461894 0 5 0.02
13719 1627461894 0 6 0.12
13720 1627461894 0 8 4.98 12.11 11.84
13721 1627461895 0 1 1.970
13722 1627461895 0 0 25.40 8.28 195.7 61.39 101.4 6.37 149.7 18.6 199.0 2.39 41.25 11.7
13723 1627461895 0 7 $GNGGA,084455.000,4423.62618,N,00855.77516,E,1,10,1.1,5.9,M,44.7,M,,*40
13724 1627461895 0 7 $GNGGA,084456.000,4423.62573,N,00855.77584,E,1,10,1.1,5.6,M,44.7,M,,*49
13725 1627461896 0 7 $GNGGA,084457.000,4423.62539,N,00855.77657,E,1,10,1.1,5.2,M,44.7,M,,*4F
13726 1627461897 0 3 2.53 0.00
13727 1627461897 0 4 2.52 1.39
13728 1627461897 0 5 0.02
13729 1627461897 0 6 0.10
13730 1627461897 0 8 4.98 12.13 11.87
13731 1627461898 0 1 1.296
13732 1627461898 0 0 25.40 8.28 195.6 61.32 101.3 6.37 149.9 18.6 199.1 2.40 41.20 11.7
13733 1627461898 0 7 $GNGGA,084458.000,4423.62517,N,00855.77746,E,1,10,1.1,4.7,M,44.7,M,,*49
13734 1627461898 0 7 $GNGGA,084459.000,4423.62507,N,00855.77862,E,1,10,1.1,4.1,M,44.7,M,,*46
13735 1627461899 0 7 $GNGGA,084500.000,4423.62507,N,00855.77980,E,1,10,1.1,3.7,M,44.7,M,,*47
13736 1627461900 0 3 2.53 0.00
13737 1627461900 0 4 2.52 1.39
13738 1627461900 0 5 0.02
13739 1627461900 0 6 0.12
13740 1627461900 0 8 4.98 12.18 11.84
13741 1627461901 0 1 1.286
13742 1627461901 0 0 25.38 8.28 195.6 61.36 101.3 6.37 150.1 18.6 199.3 2.41 41.23 11.8
13743 1627461901 0 7 $GNGGA,084501.000,4423.62526,N,00855.78111,E,1,10,1.1,3.3,M,44.7,M,,*4E
13744 1627461901 0 7 $GNGGA,084502.000,4423.62525,N,00855.78220,E,1,10,1.1,2.7,M,44.7,M,,*4A
13745 1627461902 0 7 $GNGGA,084503.000,4423.62503,N,00855.78299,E,1,10,1.1,2.6,M,44.7,M,,*4C
13746 1627461903 0 3 2.53 0.00
13747 1627461903 0 4 2.52 1.38
13748 1627461903 0 5 0.02
13749 1627461903 0 6 0.14
13750 1627461903 0 8 4.97 12.17 11.87
13751 1627461904 0 1 1.305
13752 1627461904 0 0 25.36 8.28 195.6 61.32 101.3 6.37 150.2 18.6 199.3 2.41 41.20 11.8
13753 1627461904 0 7 $GNGGA,084504.000,4423.62455,N,00855.78373,E,1,10,1.1,2.7,M,44.7,M,,*4D
13754 1627461904 0 7 $GNGGA,084505.000,4423.62396,N,00855.78451,E,1,10,1.1,3.0,M,44.7,M,,*45
13755 1627461905 0 7 $GNGGA,084506.000,4423.62349,N,00855.78525,E,1,10,1.1,3.1,M,44.7,M,,*47
13756 1627461906 0 3 2.53 0.00
13757 1627461906 0 4 2.52 1.38
13758 1627461906 0 5 0.02
13759 1627461906 0 6 0.13
13760 1627461906 0 8 4.97 12.17 11.84
13761 1627461907 0 1 1.349
13762 1627461907 0 0 25.40 8.28 195.6 61.27 101.3 6.37 149.9 18.6 199.1 2.41 41.17 11.8
13763 1627461907 0 7 $GNGGA,084507.000,4423.62307,N,00855.78600,E,1,10,1.1,3.2,M,44.7,M,,*4B
13764 1627461907 0 7 $GNGGA,084508.000,4423.62278,N,00855.78674,E,1,10,1.1,3.0,M,44.7,M,,*4C
13765 1627461908 0 7 $GNGGA,084509.000,4423.62268,N,00855.78756,E,1,10,1.1,2.6,M,44.7,M,,*4A
13766 1627461909 0 3 2.53 0.00
13767 1627461909 0 4 2.52 1.38
13768 1627461909 0 5 0.02
13769 1627461909 0 6 0.11
13770 1627461909 0 8 4.98 12.17 11.87
13771 1627461910 0 1 1.367
13772 1627461910 0 0 25.37 8.28 195.6 61.40 101.3 6.37 150.2 18.6 199.5 2.40 41.26 11.8
13773 1627461910 0 7 $GNGGA,084510.000,4423.62270,N,00855.78837,E,1,10,1.1,2.0,M,44.7,M,,*45
13774 1627461910 0 7 $GNGGA,084511.000,4423.62265,N,00855.78910,E,1,10,1.1,1.2,M,44.7,M,,*45
13775 1627461911 0 7 $GNGGA,084512.000,4423.62256,N,00855.78971,E,1,10,1.1,0.3,M,44.7,M,,*41
13776 1627461912 0 3 2.53 0.00
13777 1627461912 0 4 2.52 1.39
13778 1627461912 0 5 0.02
13779 1627461912 0 6 0.11
13780 1627461912 0 8 4.98 12.16 11.87
13781 1627461913 0 1 1.386
13782 1627461913 0 0 25.39 8.28 195.6 61.34 101.3 6.37 149.9 18.6 199.1 2.43 41.22 11.7
13783 1627461913 0 7 $GNGGA,084513.000,4423.62240,N,00855.79039,E,1,10,1.1,-0.6,M,44.7,M,,*6B
13784 1627461913 0 7 $GNGGA,084514.000,4423.62212,N,00855.79120,E,1,10,1.1,-1.0,M,44.7,M,,*65
13785 1627461914 0 7 $GNGGA,084515.000,4423.62183,N,00855.79215,E,1,10,1.1,-1.4,M,44.7,M,,*6E
13786 1627461915 0 3 2.53 0.00
13787 1627461915 0 4 2.52 1.39
13788 1627461915 0 5 0.02
13789 1627461915 0 6 0.12
13790 1627461915 0 8 4.98 12.16 11.87
13791 1627461916 0 1 1.586
13792 1627461916 0 0 25.41 8.28 195.7 61.37 101.3 6.37 149.7 18.6 199.3 2.42 41.24 11.8
13793 1627461916 0 7 $GNGGA,084516.000,4423.62145,N,00855.79293,E,1,10,1.1,-1.6,M,44.7,M,,*6B
13794 1627461916 0 7 $GNGGA,084517.000,4423.62121,N,00855.79379,E,1,10,1.1,-1.7,M,44.7,M,,*6C
13795 1627461917 0 7 $GNGGA,084518.000,4423.62108,N,00855.79468,E,1,10,1.1,-1.9,M,44.7,M,,*61
13796 1627461918 0 3 2.53 0.00
13797 1627461918 0 4 2.52 1.39
13798 1627461918 0 5 0.02
13799 1627461918 0 6 0.07
13800 1627461918 0 8 4.98 12.14 11.84
13801 1627461919 0 1 1.402
13802 1627461919 0 0 25.39 8.28 195.6 61.28 101.3 6.37 150.1 18.6 198.9 2.40 41.17 11.8
13803 1627461919 0 7 $GNGGA,084519.000,4423.62088,N,00855.79552,E,1,10,1.1,-2.2,M,44.7,M,,*69
13804 1627461919 0 7 $GNGGA,084520.000,4423.62068,N,00855.79626,E,1,10,1.1,-2.5,M,44.7,M,,*6A
13805 1627461919 0 2 0.06570000 1.42100000 1.14530003 0.01090000 2.63770008 0.00670000 0.03380000 0.29130001 1.00000000 92.50399780
13806 1627461920 0 7 $GNGGA,084521.000,4423.62051,N,00855.79706,E,1,10,1.1,-2.8,M,44.7,M,,*6F
13807 1627461921 0 3 2.53 0.00
13808 1627461921 0 4 2.52 1.39
13809 1627461921 0 5 0.02
13810 1627461921 0 6 0.08
13811 1627461921 0 8 4.98 12.16 11.84
13812 1627461922 0 1 2.015
13813 1627461922 0 0 25.36 8.28 195.5 61.27 101.3 6.37 150.2 18.6 199.5 2.39 41.16 11.8
13814 1627461922 0 7 $GNGGA,084522.000,4423.62023,N,00855.79782,E,1,10,1.1,-2.5,M,44.7,M,,*68
13815 1627461922 0 7 $GNGGA,084523.000,4423.61985,N,00855.79851,E,1,10,1.1,-2.5,M,44.7,M,,*6E
13816 1627461923 0 7 $GNGGA,084524.000,4423.61965,N,00855.79917,E,1,10,1.1,-2.2,M,44.7,M,,*63
13817 1627461924 0 3 2.53 0.00
13818 1627461924 0 4 2.52 1.40
13819 1627461924 0 5 0.02
13820 1627461924 0 6 0.15
13821 1627461924 0 8 4.98 12.17 11.84
13822 1627461925 0 1 1.309
13823 1627461925 0 0 25.36 8.28 195.6 61.28 101.3 6.37 150.2 18.6 199.4 2.45 41.17 11.7
13824 1627461925 0 7 $GNGGA,084525.000,4423.61951,N,00855.79978,E,1,10,1.1,-2.1,M,44.7,M,,*6F
13825 1627461925 0 7 $GNGGA,084526.000,4423.61923,N,00855.80058,E,1,10,1.1,-2.0,M,44.7,M,,*65
13826 1627461926 0 7 $GNGGA,084527.000,4423.61898,N,00855.80140,E,1,10,1.1,-1.8,M,44.7,M,,*66
13827 1627461927 0 3 2.53 0.00
13828 1627461927 0 4 2.52 1.39
13829 1627461927 0 5 0.02
13830 1627461928 0 6 0.13
13831 1627461928 0 8 4.97 12.17 11.87
13832 1627461928 0 1 1.371
13833 1627461928 0 0 25.37 8.28 195.6 61.30 101.2 6.37 150.3 18.6 199.5 2.46 41.19 11.8
13834 1627461928 0 7 $GNGGA,084528.000,4423.61870,N,00855.80196,E,1,10,1.1,-2.0,M,44.7,M,,*6F
13835 1627461928 0 7 $GNGGA,084529.000,4423.61818,N,00855.80241,E,1,10,1.1,-2.2,M,44.7,M,,*6B
13836 1627461929 0 7 $GNGGA,084530.000,4423.61758,N,00855.80286,E,1,10,1.1,-2.2,M,44.7,M,,*63
13837 1627461930 0 3 2.53 0.00
13838 1627461930 0 4 2.52 1.39
13839 1627461930 0 5 0.02
13840 1627461930 0 6 0.06
13841 1627461930 0 8 4.98 12.18 11.84
13842 1627461931 0 1 1.356
13843 1627461931 0 0 25.39 8.28 195.6 61.24 101.2 6.37 150.0 18.6 198.7 2.41 41.14 11.7
13844 1627461931 0 7 $GNGGA,084531.000,4423.61713,N,00855.80346,E,1,10,1.1,-2.4,M,44.7,M,,*66
13845 1627461931 0 7 $GNGGA,084532.000,4423.61659,N,00855.80398,E,1,10,1.1,-2.5,M,44.7,M,,*68
13846 1627461932 0 7 $GNGGA,084533.000,4423.61617,N,00855.80445,E,1,10,1.1,-2.6,M,44.7,M,,*67
13847 1627461933 0 3 2.53 0.00
13848 1627461933 0 4 2.52 1.39
13849 1627461933 0 5 0.02
13850 1627461933 0 6 0.13
13851 1627461933 0 8 4.98 12.17 11.87
13852 1627461934 0 1 1.345
13853 1627461934 0 0 25.40 8.28 195.6 61.25 101.2 6.37 150.0 18.6 198.9 2.46 41.15 11.7
13854 1627461934 0 7 $GNGGA,084534.000,4423.61584,N,00855.80515,E,1,10,1.1,-2.6,M,44.7,M,,*6D
13855 1627461934 0 7 $GNGGA,084535.000,4423.61568,N,00855.80597,E,1,10,1.1,-2.4,M,44.7,M,,*66
13856 1627461935 0 7 $GNGGA,084536.000,4423.61536,N,00855.80664,E,1,10,1.1,-2.3,M,44.7,M,,*66
13857 1627461936 0 3 2.53 0.00
13858 1627461936 0 4 2.52 1.39
13859 1627461936 0 5 0.02
13860 1627461936 0 6 0.13
13861 1627461936 0 8 4.98 12.17 11.87
13862 1627461937 0 1 1.199
13863 1627461937 0 0 25.38 8.28 195.5 61.29 101.2 6.37 150.3 18.6 199.6 2.48 41.18 11.8
13864 1627461937 0 7 $GNGGA,084537.000,4423.61489,N,00855.80715,E,1,10,1.1,-2.3,M,44.7,M,,*65
13865 1627461937 0 7 $GNGGA,084538.000,4423.61440,N,00855.80764,E,1,10,1.1,-2.4,M,44.7,M,,*6E
13866 1627461938 0 7 $GNGGA,084539.000,4423.61393,N,00855.80813,E,1,10,1.1,-2.6,M,44.7,M,,*6B
13867 1627461939 0 3 2.53 0.00
13868 1627461939 0 4 2.52 1.39
13869 1627461939 0 5 0.02
13870 1627461939 0 6 0.11
13871 1627461939 0 8 4.98 12.18 11.87
13872 1627461940 0 1 1.384
13873 1627461940 0 0 25.38 8.28 195.5 61.29 101.2 6.36 150.1 18.6 198.7 2.47 41.18 11.8
13874 1627461940 0 7 $GNGGA,084540.000,4423.61354,N,00855.80877,E,1,10,1.1,-2.5,M,44.7,M,,*6F
13875 1627461940 0 7 $GNGGA,084541.000,4423.61317,N,00855.80954,E,1,10,1.1,-2.4,M,44.7,M,,*68
13876 1627461941 0 7 $GNGGA,084542.000,4423.61294,N,00855.81026,E,1,10,1.1,-2.4,M,44.7,M,,*6C
13877 1627461942 0 3 2.53 0.00
13878 1627461942 0 4 2.52 1.38
13879 1627461942 0 5 0.02
13880 1627461942 0 6 0.11
13881 1627461943 0 8 4.98 12.18 11.84
13882 1627461943 0 1 1.549
13883 1627461943 0 0 25.40 8.28 195.5 61.32 101.1 6.36 149.9 18.6 198.9 2.41 41.20 11.8
13884 1627461943 0 7 $GNGGA,084543.000,4423.61270,N,00855.81087,E,1,10,1.1,-2.7,M,44.7,M,,*6F
13885 1627461943 0 7 $GNGGA,084544.000,4423.61242,N,00855.81143,E,1,10,1.1,-2.7,M,44.7,M,,*60
13886 1627461944 0 7 $GNGGA,084545.000,4423.61207,N,00855.81207,E,1,10,1.1,-2.9,M,44.7,M,,*6D
13887 1627461945 0 3 2.53 0.00
13888 1627461945 0 4 2.52 1.39
13889 1627461945 0 5 0.02
13890 1627461945 0 6 0.13
13891 1627461946 0 8 4.98 12.18 11.87
13892 1627461946 0 1 1.345
13893 1627461946 0 0 25.40 8.28 195.5 61.28 101.1 6.36 150.1 18.6 198.3 2.43 41.17 11.7
13894 1627461946 0 7 $GNGGA,084546.000,4423.61169,N,00855.81282,E,1,10,1.1,-2.5,M,44.7,M,,*64
13895 1627461946 0 7 $GNGGA,084547.000,4423.61107,N,00855.81353,E,1,10,1.1,-2.2,M,44.7,M,,*67
13896 1627461947 0 7 $GNGGA,084548.000,4423.61059,N,00855.81427,E,1,10,1.1,-1.8,M,44.7,M,,*6F
13897 1627461948 0 3 2.53 0.00
13898 1627461948 0 4 2.52 1.39
13899 1627461948 0 5 0.02
13900 1627461948 0 6 0.12
13901 1627461949 0 8 4.97 12.16 11.87
13902 1627461949 0 1 2.075
13903 1627461949 0 0 25.38 8.28 195.6 61.32 101.2 6.36 150.2 18.6 199.2 2.45 41.20 11.7
13904 1627461949 0 7 $GNGGA,084549.000,4423.61018,N,00855.81495,E,1,10,1.1,-1.5,M,44.7,M,,*6F
13905 1627461949 0 7 $GNGGA,084550.000,4423.60988,N,00855.81567,E,1,10,1.1,-1.2,M,44.7,M,,*6D
13906 1627461950 0 7 $GNGGA,084551.000,4423.60967,N,00855.81646,E,1,10,1.1,-1.0,M,44.7,M,,*6F
13907 1627461951 0 3 2.53 0.00
13908 1627461951 0 4 2.52 1.39
13909 1627461951 0 5 0.02
13910 1627461951 0 6 0.09
13911 1627461952 0 8 4.98 12.18 11.84
13912 1627461952 0 1 1.363
13913 1627461952 0 0 25.39 8.28 195.5 61.32 101.1 6.36 150.1 18.6 199.3 2.40 41.20 11.7
13914 1627461952 0 7 $GNGGA,084552.000,4423.60928,N,00855.81712,E,1,10,1.1,-0.6,M,44.7,M,,*60
13915 1627461952 0 7 $GNGGA,084553.000,4423.60894,N,00855.81784,E,1,10,1.1,-0.0,M,44.7,M,,*6E
13916 1627461953 0 7 $GNGGA,084554.000,4423.60873,N,00855.81878,E,1,10,1.1,0.3,M,44.7,M,,*42
13917 1627461954 0 3 2.53 0.00
13918 1627461954 0 4 2.52 1.38
13919 1627461954 0 5 0.02
13920 1627461954 0 6 0.12
13921 1627461955 0 8 4.98 12.20 11.84
13922 1627461955 0 1 1.341
13923 1627461955 0 0 25.39 8.28 195.5 61.32 101.1 6.36 150.4 18.6 199.0 2.40 41.20 11.8
13924 1627461955 0 7 $GNGGA,084555.000,4423.60854,N,00855.81968,E,1,10,1.1,0.6,M,44.7,M,,*43
13925 1627461955 0 7 $GNGGA,084556.000,4423.60827,N,00855.82054,E,1,10,1.1,1.1,M,44.7,M,,*47
13926 1627461956 0 7 $GNGGA,084557.000,4423.60792,N,00855.82141,E,1,10,1.1,1.5,M,44.7,M,,*46
13927 1627461957 0 3 2.53 0.00
13928 1627461957 0 4 2.52 1.38
13929 1627461957 0 5 0.02
13930 1627461957 0 6 0.11
13931 1627461958 0 8 4.97 12.17 11.87
13932 1627461958 0 1 1.284
13933 1627461958 0 0 25.40 8.28 195.5 61.29 101.1 6.36 150.0 18.6 198.9 2.41 41.18 11.7
13934 1627461958 0 7 $GNGGA,084558.000,4423.60760,N,00855.82221,E,1,10,1.1,1.9,M,44.7,M,,*4D
13935 1627461958 0 7 $GNGGA,084559.000,4423.60731,N,00855.82291,E,1,10,1.1,2.2,M,44.7,M,,*4B
13936 1627461959 0 7 $GNGGA,084600.000,4423.60714,N,00855.82358,E,1,10,1.1,2.6,M,44.7,M,,*43
13937 1627461960 0 3 2.53 0.00
13938 1627461960 0 4 2.52 1.38
13939 1627461960 0 5 0.02
13940 1627461960 0 6 0.13
13941 1627461961 0 8 4.98 12.17 11.87
13942 1627461961 0 1 1.337
13943 1627461961 0 0 25.40 8.28 195.5 61.24 101.1 6.36 150.2 18.6 199.1 2.41 41.14 11.8
13944 1627461961 0 7 $GNGGA,084601.000,4423.60694,N,00855.82419,E,1,10,1.1,2.8,M,44.7,M,,*47
13945 1627461961 0 7 $GNGGA,084602.000,4423.60668,N,00855.82485,E,1,10,1.1,3.1,M,44.7,M,,*4A
13946 1627461962 0 7 $GNGGA,084603.000,4423.60630,N,00855.82550,E,1,10,1.1,3.2,M,44.7,M,,*4C
13947 1627461963 0 3 2.53 0.00
13948 1627461963 0 4 2.52 1.39
13949 1627461963 0 5 0.02
13950 1627461963 0 6 0.14
13951 1627461964 0 8 4.98 12.17 11.87
13952 1627461964 0 1 1.215
13953 1627461964 0 0 25.40 8.28 195.4 61.24 101.1 6.36 150.3 18.6 199.3 2.41 41.14 11.7
13954 1627461964 0 7 $GNGGA,084604.000,4423.60585,N,00855.82607,E,1,10,1.1,3.5,M,44.7,M,,*40
13955 1627461964 0 7 $GNGGA,084605.000,4423.60531,N,00855.82661,E,1,10,1.1,3.7,M,44.7,M,,*4C
13956 1627461965 0 7 $GNGGA,084606.000,4423.60477,N,00855.82726,E,1,10,1.1,3.7,M,44.7,M,,*4E
13957 1627461966 0 3 2.53 0.00
13958 1627461966 0 4 2.52 1.39
13959 1627461966 0 5 0.02
13960 1627461966 0 6 0.13
13961 1627461967 0 8 4.97 12.16 11.87
13962 1627461967 0 1 1.281
13963 1627461967 0 0 25.37 8.28 195.4 61.24 101.0 6.36 150.4 18.5 199.7 2.40 41.14 11.8
13964 1627461967 0 7 $GNGGA,084607.000,4423.60426,N,00855.82802,E,1,10,1.1,3.4,M,44.7,M,,*41
13965 1627461967 0 7 $GNGGA,084608.000,4423.60366,N,00855.82875,E,1,10,1.1,3.1,M,44.7,M,,*48
13966 1627461968 0 7 $GNGGA,084609.000,4423.60320,N,00855.82962,E,1,10,1.1,3.3,M,44.7,M,,*4E
13967 1627461969 0 3 2.53 0.00
13968 1627461969 0 4 2.52 1.39
13969 1627461969 0 5 0.02
13970 1627461969 0 6 0.12
13971 1627461970 0 8 4.98 12.16 11.84
13972 1627461970 0 1 1.613
13973 1627461970 0 0 25.39 8.28 195.4 61.32 101.1 6.36 150.2 18.6 199.3 2.40 41.20 11.8
13974 1627461970 0 7 $GNGGA,084610.000,4423.60284,N,00855.83035,E,1,10,1.1,3.6,M,44.7,M,,*46
13975 1627461970 0 7 $GNGGA,084611.000,4423.60229,N,00855.83090,E,1,10,1.1,3.8,M,44.7,M,,*41
13976 1627461971 0 7 $GNGGA,084612.000,4423.60152,N,00855.83136,E,1,10,1.1,3.7,M,44.7,M,,*4F
13977 1627461972 0 3 2.53 0.00
13978 1627461972 0 4 2.52 1.39
13979 1627461972 0 5 0.02
13980 1627461973 0 6 0.11
13981 1627461973 0 8 4.98 12.16 11.84
13982 1627461973 0 1 1.472
13983 1627461973 0 0 25.36 8.28 195.4 61.37 101.1 6.36 150.4 18.5 199.6 2.42 41.24 11.7
13984 1627461973 0 7 $GNGGA,084613.000,4423.60099,N,00855.83200,E,1,10,1.1,3.8,M,44.7,M,,*41
13985 1627461973 0 7 $GNGGA,084614.000,4423.60066,N,00855.83291,E,1,10,1.1,4.3,M,44.7,M,,*42
13986 1627461974 0 7 $GNGGA,084615.000,4423.60017,N,00855.83375,E,1,10,1.1,4.8,M,44.7,M,,*45
13987 1627461975 0 3 2.53 0.00
13988 1627461975 0 4 2.52 1.39
13989 1627461975 0 5 0.02
13990 1627461975 0 6 0.12
13991 1627461975 0 8 4.97 12.17 11.87
13992 1627461975 0 1 1.992
13993 1627461976 0 0 25.38 8.28 195.5 61.26 101.1 6.36 150.3 18.6 199.2 2.40 41.16 11.8
13994 1627461976 0 7 $GNGGA,084616.000,4423.59963,N,00855.83442,E,1,10,1.1,4.9,M,44.7,M,,*44
13995 1627461976 0 7 $GNGGA,084617.000,4423.59903,N,00855.83500,E,1,10,1.1,4.7,M,44.7,M,,*4A
13996 1627461977 0 7 $GNGGA,084618.000,4423.59848,N,00855.83552,E,1,10,1.1,5.1,M,44.7,M,,*4B
13997 1627461978 0 3 2.53 0.00
13998 1627461978 0 4 2.52 1.39
13999 1627461978 0 5 0.02
14000 1627461978 0 6 0.12
14001 1627461978 0 8 4.98 12.16 11.84
14002 1627461978 0 1 1.350
14003 1627461979 0 0 25.38 8.28 195.4 61.34 101.1 6.36 150.2 18.5 199.3 2.41 41.22 11.7
14004 1627461979 0 7 $GNGGA,084619.000,4423.59794,N,00855.83609,E,1,10,1.1,5.4,M,44.7,M,,*4C
14005 1627461979 0 7 $GNGGA,084620.000,4423.59732,N,00855.83666,E,1,10,1.1,5.5,M,44.7,M,,*42
14006 1627461980 0 7 $GNGGA,084621.000,4423.59664,N,00855.83765,E,1,10,1.1,5.8,M,44.7,M,,*4E
14007 1627461981 0 3 2.53 0.00
14008 1627461981 0 4 2.52 1.39
14009 1627461981 0 5 0.02
14010 1627461981 0 6 0.07
14011 1627461981 0 8 4.98 12.01 11.84
14012 1627461981 0 1 1.408
14015 1627461982 0 7 $GNGGA,084623.000,4423.59500,N,00855.83879,E,1,10,1.1,5.8,M,44.7,M,,*4F
14016 1627461983 0 7 $GNGGA,084624.000,4423.59397,N,00855.83907,E,1,10,1.1,5.5,M,44.7,M,,*45
14017 1627461984 0 3 2.53 0.00
14018 1627461984 0 4 2.52 1.39
14019 1627461984 0 5 0.02
14020 1627461985 0 6 0.11
14021 1627461985 0 8 4.98 12.17 11.84
14022 1627461985 0 1 1.290
14023 1627461985 0 0 25.37 8.28 195.4 61.32 101.2 6.37 150.4 18.6 199.2 2.39 41.20 11.8
14024 1627461985 0 7 $GNGGA,084625.000,4423.59307,N,00855.83940,E,1,10,1.1,5.6,M,44.7,M,,*4D
14025 1627461985 0 7 $GNGGA,084626.000,4423.59210,N,00855.83995,E,1,10,1.1,5.6,M,44.7,M,,*41
14026 1627461986 0 7 $GNGGA,084627.000,4423.59130,N,00855.84035,E,1,10,1.1,5.6,M,44.7,M,,*45
14027 1627461987 0 3 2.53 0.00
14028 1627461987 0 4 2.52 1.39
14029 1627461987 0 5 0.02
14030 1627461987 0 6 0.14
14031 1627461987 0 8 4.97 11.48 11.84
14032 1627461987 0 1 1.363
14033 1627461988 0 0 25.37 8.28 195.4 61.29 101.2 6.37 150.5 18.6 199.4 2.42 41.18 11.8
14034 1627461988 0 7 $GNGGA,084628.000,4423.59067,N,00855.84092,E,1,10,1.1,5.6,M,44.7,M,,*44
14035 1627461988 0 7 $GNGGA,084629.000,4423.59022,N,00855.84167,E,1,10,1.1,5.6,M,44.7,M,,*4F
14036 1627461989 0 7 $GNGGA,084630.000,4423.58978,N,00855.84243,E,1,10,1.1,5.8,M,44.7,M,,*4B
14037 1627461990 0 3 2.53 0.00
14038 1627461990 0 4 2.52 1.39
14039 1627461990 0 5 0.02
14040 1627461990 0 6 0.11
14041 1627461990 0 8 4.98 12.01 11.84
14042 1627461990 0 1 1.268
14043 1627461991 0 0 25.36 8.28 195.4 61.31 101.2 6.37 150.4 18.6 199.4 2.43 41.19 11.8
14044 1627461991 0 7 $GNGGA,084631.000,4423.58941,N,00855.84303,E,1,10,1.1,5.9,M,44.7,M,,*44
14045 1627461991 0 7 $GNGGA,084632.000,4423.58900,N,00855.84361,E,1,10,1.1,5.7,M,44.7,M,,*48
14046 1627461992 0 7 $GNGGA,084633.000,4423.58864,N,00855.84411,E,1,10,1.1,5.4,M,44.7,M,,*49
14047 1627461993 0 3 2.53 0.00
14048 1627461993 0 4 2.52 1.39
14049 1627461993 0 5 0.02
14050 1627461993 0 6 0.11
14051 1627461993 0 8 4.97 12.15 11.87
14052 1627461994 0 1 1.266
14053 1627461994 0 0 25.36 8.28 195.3 61.29 101.2 6.37 150.3 18.6 199.2 2.43 41.18 11.8
14054 1627461994 0 7 $GNGGA,084634.000,4423.58809,N,00855.84451,E,1,10,1.1,5.2,M,44.7,M,,*47
14055 1627461994 0 7 $GNGGA,084635.000,4423.58740,N,00855.84479,E,1,10,1.1,5.1,M,44.7,M,,*4D
14056 1627461995 0 7 $GNGGA,084636.000,4423.58680,N,00855.84513,E,1,10,1.1,5.1,M,44.7,M,,*4E
14057 1627461996 0 3 2.53 0.00
14058 1627461996 0 4 2.52 1.39
14059 1627461996 0 5 0.02
14060 1627461996 0 6 0.13
14061 1627461996 0 8 4.97 12.02 11.84
14062 1627461996 0 1 1.573
14063 1627461997 0 0 25.35 8.28 195.4 61.31 101.2 6.37 150.4 18.6 199.7 2.46 41.19 11.8
14064 1627461997 0 7 $GNGGA,084637.000,4423.58648,N,00855.84570,E,1,10,1.1,5.3,M,44.7,M,,*4C
14065 1627461997 0 7 $GNGGA,084638.000,4423.58608,N,00855.84624,E,1,10,1.1,5.4,M,44.7,M,,*42
14066 1627461998 0 7 $GNGGA,084639.000,4423.58548,N,00855.84672,E,1,10,1.1,5.4,M,44.7,M,,*47
14067 1627461999 0 3 2.53 0.00
14068 1627461999 0 4 2.52 1.39
14069 1627461999 0 5 0.02
14070 1627461999 0 6 0.13
14071 1627461999 0 8 4.98 12.21 11.87
14072 1627461999 0 7 $GNGGA,084640.000,4423.58479,N,00855.84704,E,1,10,1.1,5.4,M,44.7,M,,*4A
14073 1627462000 0 0 25.35 8.28 195.3 61.26 101.2 6.37 150.4 18.5 199.3 2.48 41.16 11.8
14074 1627462000 0 7 $GNGGA,084641.000,4423.58404,N,00855.84742,E,1,10,1.1,4.9,M,44.7,M,,*4F
14075 1627462001 0 7 $GNGGA,084642.000,4423.58357,N,00855.84796,E,1,10,1.1,4.8,M,44.7,M,,*45
14076 1627462002 0 3 2.53 0.00
14077 1627462002 0 4 2.52 1.39
14078 1627462002 0 5 0.02
14079 1627462002 0 6 0.11
14080 1627462002 0 8 4.98 12.20 11.87
14081 1627462002 0 7 $GNGGA,084643.000,4423.58315,N,00855.84865,E,1,10,1.1,4.7,M,44.7,M,,*4E
14082 1627462003 0 0 25.35 8.28 195.4 61.37 101.2 6.37 150.4 18.6 199.6 2.53 41.24 11.8
14083 1627462003 0 7 $GNGGA,084644.000,4423.58291,N,00855.84926,E,1,10,1.1,4.9,M,44.7,M,,*4C
14084 1627462004 0 7 $GNGGA,084645.000,4423.58265,N,00855.84980,E,1,10,1.1,5.3,M,44.7,M,,*41
14085 1627462005 0 3 2.53 0.00
14086 1627462005 0 4 2.52 1.39
14087 1627462005 0 5 0.02
14088 1627462005 0 6 0.11
14089 1627462005 0 8 4.97 12.20 11.84
14090 1627462005 0 7 $GNGGA,084646.000,4423.58215,N,00855.85029,E,1,10,1.1,5.4,M,44.7,M,,*49
14091 1627462006 0 0 25.35 8.28 195.4 61.30 101.1 6.37 150.4 18.5 199.3 2.51 41.19 11.8
14092 1627462006 0 7 $GNGGA,084647.000,4423.58174,N,00855.85100,E,1,10,1.1,5.6,M,44.7,M,,*44
14093 1627462007 0 7 $GNGGA,084648.000,4423.58131,N,00855.85164,E,1,10,1.1,5.8,M,44.7,M,,*46
14094 1627462008 0 3 2.53 0.00
14095 1627462008 0 4 2.52 1.39
14096 1627462008 0 5 0.02
14097 1627462008 0 6 0.13
14098 1627462008 0 8 4.98 12.23 11.87
14099 1627462009 0 0 25.34 8.28 195.4 61.32 101.2 6.37 150.5 18.5 199.5 2.53 41.20 11.8
14100 1627462009 0 7 $GNGGA,084649.000,4423.58084,N,00855.85231,E,1,10,1.1,5.7,M,44.7,M,,*44
14101 1627462009 0 7 $GNGGA,084650.000,4423.58045,N,00855.85312,E,1,10,1.1,5.7,M,44.7,M,,*41
14102 1627462009 0 1 1.324
14103 1627462010 0 7 $GNGGA,084651.000,4423.58013,N,00855.85384,E,1,10,1.1,5.8,M,44.7,M,,*43
14104 1627462011 0 3 2.53 0.00
14105 1627462011 0 4 2.52 1.39
14106 1627462011 0 5 0.02
14107 1627462011 0 6 0.13
14108 1627462011 0 8 4.98 12.17 11.84
14109 1627462011 0 1 1.396
14110 1627462012 0 0 25.34 8.28 195.3 61.30 101.2 6.37 150.5 18.5 199.6 2.54 41.19 11.8
14111 1627462012 0 7 $GNGGA,084652.000,4423.57976,N,00855.85455,E,1,10,1.1,6.0,M,44.7,M,,*45
14112 1627462012 0 7 $GNGGA,084653.000,4423.57933,N,00855.85529,E,1,10,1.1,6.1,M,44.7,M,,*4E
14113 1627462013 0 7 $GNGGA,084654.000,4423.57900,N,00855.85609,E,1,10,1.1,6.3,M,44.7,M,,*4A
14114 1627462014 0 3 2.53 0.00
14115 1627462014 0 4 2.52 1.39
14116 1627462014 0 5 0.02
14117 1627462014 0 6 0.12
14118 1627462014 0 8 4.97 12.18 11.87
14119 1627462015 0 1 1.564
14120 1627462015 0 0 25.34 8.28 195.4 61.32 101.1 6.37 150.4 18.5 199.3 2.52 41.20 11.8
14121 1627462015 0 7 $GNGGA,084655.000,4423.57867,N,00855.85675,E,1,10,1.1,6.4,M,44.7,M,,*47
14122 1627462015 0 7 $GNGGA,084656.000,4423.57814,N,00855.85730,E,1,10,1.1,6.2,M,44.7,M,,*46
14123 1627462016 0 7 $GNGGA,084657.000,4423.57760,N,00855.85785,E,1,10,1.1,6.0,M,44.7,M,,*47
14124 1627462017 0 3 2.53 0.00
14125 1627462017 0 4 2.52 1.39
14126 1627462017 0 5 0.02
14127 1627462017 0 6 0.10
14128 1627462017 0 8 4.98 12.18 11.84
14129 1627462017 0 1 1.252
14130 1627462018 0 0 25.35 8.28 195.3 61.31 101.1 6.37 150.5 18.5 199.5 2.49 41.19 11.8
14131 1627462018 0 7 $GNGGA,084658.000,4423.57707,N,00855.85850,E,1,10,1.1,6.0,M,44.7,M,,*4E
14132 1627462018 0 7 $GNGGA,084659.000,4423.57663,N,00855.85917,E,1,10,1.1,6.1,M,44.7,M,,*4F
14133 1627462019 0 7 $GNGGA,084700.000,4423.57630,N,00855.85991,E,1,10,1.1,6.3,M,44.7,M,,*48
14134 1627462020 0 3 2.53 0.00
14135 1627462020 0 4 2.52 1.39
14136 1627462020 0 5 0.02
14137 1627462020 0 6 0.13
14138 1627462020 0 8 4.98 12.19 11.84
14139 1627462020 0 1 2.115
14140 1627462021 0 0 25.34 8.28 195.4 61.35 101.2 6.37 150.4 18.5 199.4 2.51 41.22 11.8
14141 1627462021 0 7 $GNGGA,084701.000,4423.57606,N,00855.86071,E,1,10,1.1,6.4,M,44.7,M,,*4F
14142 1627462021 0 7 $GNGGA,084702.000,4423.57579,N,00855.86155,E,1,10,1.1,6.8,M,44.7,M,,*4C
14143 1627462022 0 7 $GNGGA,084703.000,4423.57544,N,00855.86243,E,1,10,1.1,7.1,M,44.7,M,,*4F
14144 1627462023 0 3 2.53 0.00
14145 1627462023 0 4 2.52 1.39
14146 1627462023 0 5 0.02
14147 1627462023 0 6 0.09
14148 1627462023 0 8 4.97 12.20 11.87
14149 1627462023 0 1 1.297
14150 1627462024 0 0 25.34 8.28 195.4 61.33 101.1 6.37 150.4 18.5 199.5 2.52 41.21 11.7
14151 1627462024 0 7 $GNGGA,084704.000,4423.57511,N,00855.86328,E,1,10,1.1,7.3,M,44.7,M,,*46
14152 1627462024 0 7 $GNGGA,084705.000,4423.57480,N,00855.86405,E,1,10,1.1,7.5,M,44.7,M,,*40
14153 1627462025 0 7 $GNGGA,084706.000,4423.57431,N,00855.86474,E,1,10,1.1,7.6,M,44.7,M,,*4C
14154 1627462026 0 3 2.53 0.00
14155 1627462026 0 4 2.52 1.39
14156 1627462026 0 5 0.02
14157 1627462026 0 6 0.14
14158 1627462026 0 8 4.98 12.20 11.87
14159 1627462026 0 1 1.328
14160 1627462027 0 0 25.33 8.28 195.3 61.36 101.2 6.37 150.3 18.5 199.2 2.49 41.24 11.8
14161 1627462027 0 7 $GNGGA,084707.000,4423.57379,N,00855.86530,E,1,10,1.1,7.5,M,44.7,M,,*44
14162 1627462027 0 7 $GNGGA,084708.000,4423.57336,N,00855.86582,E,1,10,1.1,7.4,M,44.7,M,,*48
14163 1627462028 0 7 $GNGGA,084709.000,4423.57294,N,00855.86645,E,1,10,1.1,7.0,M,44.7,M,,*4C
14164 1627462029 0 3 2.53 0.00
14165 1627462029 0 4 2.52 1.39
14166 1627462029 0 5 0.02
14167 1627462029 0 6 0.12
14168 1627462029 0 8 4.98 12.20 11.87
14169 1627462029 0 1 1.333
14170 1627462030 0 0 25.33 8.28 195.4 61.28 101.1 6.37 150.5 18.5 199.3 2.48 41.17 11.8
14171 1627462030 0 7 $GNGGA,084710.000,4423.57255,N,00855.86718,E,1,10,1.1,6.6,M,44.7,M,,*47
14172 1627462030 0 7 $GNGGA,084711.000,4423.57209,N,00855.86797,E,1,10,1.1,6.2,M,44.7,M,,*4C
14173 1627462031 0 7 $GNGGA,084712.000,4423.57155,N,00855.86870,E,1,10,1.1,6.0,M,44.7,M,,*41
14174 1627462032 0 3 2.53 0.00
14175 1627462032 0 4 2.52 1.39
14176 1627462032 0 5 0.02
14177 1627462032 0 6 0.13
14178 1627462032 0 8 4.98 12.18 11.87
14179 1627462032 0 1 1.316
14180 1627462033 0 0 25.32 8.28 195.4 61.32 101.2 6.37 150.4 18.5 199.3 2.52 41.21 11.7
14181 1627462033 0 7 $GNGGA,084713.000,4423.57101,N,00855.86943,E,1,10,1.1,5.7,M,44.7,M,,*44
14182 1627462033 0 7 $GNGGA,084714.000,4423.57059,N,00855.87026,E,1,10,1.1,5.7,M,44.7,M,,*44
14183 1627462034 0 7 $GNGGA,084715.000,4423.57026,N,00855.87098,E,1,10,1.1,6.2,M,44.7,M,,*4E
14184 1627462035 0 3 2.53 0.00
14185 1627462035 0 4 2.52 1.39
14186 1627462035 0 5 0.02
14187 1627462035 0 6 0.14
14188 1627462035 0 8 4.97 12.18 11.84
14189 1627462036 0 1 1.350
14190 1627462036 0 0 25.32 8.28 195.3 61.37 101.2 6.37 150.4 18.5 199.3 2.52 41.24 11.8
14191 1627462036 0 7 $GNGGA,084716.000,4423.56980,N,00855.87139,E,1,10,1.1,6.5,M,44.7,M,,*44
14192 1627462036 0 7 $GNGGA,084717.000,4423.56916,N,00855.87150,E,1,10,1.1,6.8,M,44.7,M,,*48
14193 1627462037 0 7 $GNGGA,084718.000,4423.56868,N,00855.87194,E,1,10,1.1,6.6,M,44.7,M,,*49
14194 1627462038 0 3 2.53 0.00
14195 1627462038 0 4 2.52 1.39
14196 1627462038 0 5 0.02
14197 1627462038 0 6 0.11
14198 1627462038 0 8 4.98 12.20 11.84
14199 1627462038 0 1 1.348
14200 1627462039 0 0 25.32 8.28 195.4 61.30 101.2 6.37 150.4 18.5 199.7 2.53 41.19 11.8
14201 1627462039 0 7 $GNGGA,084719.000,4423.56835,N,00855.87258,E,1,10,1.1,6.1,M,44.7,M,,*44
14202 1627462039 0 7 $GNGGA,084720.000,4423.56794,N,00855.87314,E,1,10,1.1,5.7,M,44.7,M,,*46
14203 1627462039 0 2 0.06300001 1.29649996 1.06900000 0.01000000 2.62669992 0.00630000 0.03140000 0.27929999 1.00000000 93.03500366
14204 1627462040 0 7 $GNGGA,084721.000,4423.56748,N,00855.87348,E,1,10,1.1,5.7,M,44.7,M,,*4F
14205 1627462041 0 3 2.53 0.00
14206 1627462041 0 4 2.52 1.39
14207 1627462041 0 5 0.02
14208 1627462041 0 6 0.10
14209 1627462041 0 8 4.98 12.20 11.84
14210 1627462041 0 1 1.677
14211 1627462042 0 0 25.33 8.28 195.4 61.24 101.2 6.38 150.3 18.5 199.5 2.54 41.14 11.7
14212 1627462042 0 7 $GNGGA,084722.000,4423.56716,N,00855.87429,E,1,10,1.1,5.7,M,44.7,M,,*47
14213 1627462042 0 7 $GNGGA,084723.000,4423.56683,N,00855.87536,E,1,10,1.1,5.6,M,44.7,M,,*45
14214 1627462043 0 7 $GNGGA,084724.000,4423.56644,N,00855.87613,E,1,10,1.1,5.4,M,44.7,M,,*4F
14215 1627462044 0 3 2.53 0.00
14216 1627462044 0 4 2.52 1.39
14217 1627462044 0 5 0.02
14218 1627462044 0 6 0.12
14219 1627462044 0 8 4.98 12.20 11.84
14220 1627462044 0 1 1.290
14221 1627462045 0 0 25.33 8.28 195.3 61.25 101.2 6.38 150.3 18.5 199.3 2.54 41.15 11.7
14222 1627462045 0 7 $GNGGA,084725.000,4423.56628,N,00855.87688,E,1,10,1.1,5.1,M,44.7,M,,*43
14223 1627462045 0 7 $GNGGA,084726.000,4423.56605,N,00855.87763,E,1,10,1.1,4.5,M,44.7,M,,*4E
14224 1627462046 0 7 $GNGGA,084727.000,4423.56576,N,00855.87846,E,1,10,1.1,4.1,M,44.7,M,,*44
14225 1627462047 0 3 2.53 0.00
14226 1627462047 0 4 2.52 1.39
14227 1627462047 0 5 0.02
14228 1627462047 0 6 0.13
14229 1627462047 0 8 4.97 12.20 11.84
14230 1627462048 0 1 2.109
14231 1627462048 0 0 25.33 8.28 195.3 61.30 101.2 6.37 150.2 18.5 199.2 2.55 41.18 11.7
14232 1627462048 0 7 $GNGGA,084728.000,4423.56534,N,00855.87915,E,1,10,1.1,3.9,M,44.7,M,,*45
14233 1627462048 0 7 $GNGGA,084729.000,4423.56494,N,00855.87985,E,1,10,1.1,3.8,M,44.7,M,,*47
14234 1627462049 0 7 $GNGGA,084730.000,4423.56465,N,00855.88059,E,1,10,1.1,3.6,M,44.7,M,,*48
14235 1627462050 0 3 2.53 0.00
14236 1627462050 0 4 2.52 1.39
14237 1627462050 0 5 0.02
14238 1627462050 0 6 0.13
14239 1627462050 0 8 4.98 12.20 11.87
14240 1627462051 0 1 1.308
14241 1627462051 0 0 25.33 8.28 195.3 61.20 101.2 6.37 150.3 18.6 199.2 2.56 41.11 11.8
14242 1627462051 0 7 $GNGGA,084731.000,4423.56432,N,00855.88133,E,1,10,1.1,3.4,M,44.7,M,,*44
14243 1627462051 0 7 $GNGGA,084732.000,4423.56394,N,00855.88189,E,1,10,1.1,3.3,M,44.7,M,,*4A
14244 1627462052 0 7 $GNGGA,084733.000,4423.56371,N,00855.88256,E,1,10,1.1,3.2,M,44.7,M,,*40
14245 1627462053 0 7 $GNGGA,084734.000,4423.56348,N,00855.88332,E,1,10,1.1,3.0,M,44.7,M,,*4C
14246 1627462053 0 3 2.53 0.00
14247 1627462053 0 4 2.52 1.39
14248 1627462053 0 5 0.02
14249 1627462053 0 6 0.10
14250 1627462053 0 8 4.98 12.20 11.87
14251 1627462054 0 1 1.396
14252 1627462054 0 0 25.33 8.28 195.3 61.27 101.2 6.37 150.3 18.5 199.2 2.54 41.16 11.7
14253 1627462054 0 7 $GNGGA,084735.000,4423.56331,N,00855.88416,E,1,10,1.1,2.8,M,44.7,M,,*4B
14254 1627462055 0 7 $GNGGA,084736.000,4423.56327,N,00855.88509,E,1,10,1.1,3.0,M,44.7,M,,*49
14255 1627462056 0 3 2.53 0.00
14256 1627462056 0 4 2.52 1.39
14257 1627462056 0 5 0.02
14258 1627462056 0 6 0.13
14259 1627462057 0 8 4.97 12.19 11.87
14260 1627462057 0 1 1.272
14261 1627462057 0 0 25.34 8.28 195.3 61.28 101.2 6.37 150.4 18.5 199.4 2.56 41.17 11.7
14262 1627462057 0 7 $GNGGA,084737.000,4423.56309,N,00855.88587,E,1,10,1.1,3.2,M,44.7,M,,*40
14263 1627462057 0 7 $GNGGA,084738.000,4423.56285,N,00855.88666,E,1,10,1.1,3.3,M,44.7,M,,*47
14264 1627462058 0 7 $GNGGA,084739.000,4423.56279,N,00855.88756,E,1,10,1.1,3.5,M,44.7,M,,*41
14265 1627462059 0 3 2.53 0.00
14266 1627462059 0 4 2.52 1.39
14267 1627462059 0 5 0.02
14268 1627462059 0 6 0.13
14269 1627462059 0 8 4.98 12.19 11.84
14270 1627462060 0 1 1.355
14271 1627462060 0 0 25.34 8.28 195.3 61.23 101.2 6.37 150.2 18.5 199.1 2.58 41.13 11.7
14272 1627462060 0 7 $GNGGA,084740.000,4423.56274,N,00855.88839,E,1,10,1.1,3.5,M,44.7,M,,*44
14273 1627462060 0 7 $GNGGA,084741.000,4423.56258,N,00855.88919,E,1,10,1.1,3.7,M,44.7,M,,*4A
14274 1627462061 0 7 $GNGGA,084742.000,4423.56251,N,00855.89006,E,1,10,1.1,3.9,M,44.7,M,,*48
14276 1627462062 0 4 2.52 1.39
14277 1627462062 0 5 0.02
14278 1627462062 0 6 0.11
14279 1627462062 0 8 4.97 12.20 11.87
14280 1627462062 0 1 1.244
14281 1627462063 0 0 25.34 8.28 195.3 61.28 101.2 6.37 150.5 18.5 199.4 2.58 41.17 11.8
14282 1627462063 0 7 $GNGGA,084743.000,4423.56240,N,00855.89093,E,1,10,1.1,3.9,M,44.7,M,,*45
14283 1627462063 0 7 $GNGGA,084744.000,4423.56218,N,00855.89178,E,1,10,1.1,4.0,M,44.7,M,,*45
14284 1627462064 0 7 $GNGGA,084745.000,4423.56201,N,00855.89257,E,1,10,1.1,4.3,M,44.7,M,,*41
14285 1627462065 0 3 2.53 0.00
14286 1627462065 0 4 2.52 1.39
14287 1627462065 0 5 0.02
14288 1627462065 0 6 0.10
14289 1627462065 0 8 4.98 12.19 11.87
14290 1627462066 0 1 1.305
14291 1627462066 0 0 25.33 8.28 195.3 61.24 101.2 6.37 150.4 18.5 199.5 2.57 41.15 11.7
14292 1627462066 0 7 $GNGGA,084746.000,4423.56170,N,00855.89337,E,1,10,1.1,4.8,M,44.7,M,,*4B
14293 1627462066 0 7 $GNGGA,084747.000,4423.56126,N,00855.89424,E,1,10,1.1,4.9,M,44.7,M,,*4D
14294 1627462067 0 7 $GNGGA,084748.000,4423.56096,N,00855.89504,E,1,10,1.1,4.9,M,44.7,M,,*4B
14295 1627462068 0 3 2.53 0.00
14296 1627462068 0 4 2.52 1.39
14297 1627462068 0 5 0.02
14298 1627462068 0 6 0.12
14299 1627462068 0 8 4.98 12.20 11.87
14300 1627462069 0 1 1.613
14301 1627462069 0 0 25.35 8.28 195.3 61.32 101.1 6.37 150.2 18.6 199.2 2.50 41.20 11.8
14302 1627462069 0 7 $GNGGA,084749.000,4423.56062,N,00855.89571,E,1,10,1.1,4.8,M,44.7,M,,*42
14303 1627462069 0 7 $GNGGA,084750.000,4423.56043,N,00855.89646,E,1,10,1.1,4.8,M,44.7,M,,*4E
14304 1627462070 0 7 $GNGGA,084751.000,4423.56039,N,00855.89747,E,1,10,1.1,4.9,M,44.7,M,,*43
14305 1627462071 0 3 2.53 0.00
14306 1627462071 0 4 2.52 1.39
14307 1627462071 0 5 0.02
14308 1627462071 0 6 0.16
14309 1627462071 0 8 4.97 12.21 11.84
14310 1627462072 0 1 1.337
14311 1627462072 0 0 25.35 8.28 195.3 61.25 101.0 6.36 150.2 18.5 199.3 2.54 41.15 11.7
14312 1627462072 0 7 $GNGGA,084752.000,4423.56014,N,00855.89843,E,1,10,1.1,5.1,M,44.7,M,,*4D
14313 1627462072 0 7 $GNGGA,084753.000,4423.55973,N,00855.89915,E,1,10,1.1,5.1,M,44.7,M,,*45
14314 1627462073 0 7 $GNGGA,084754.000,4423.55948,N,00855.90000,E,1,10,1.1,5.0,M,44.7,M,,*4E
14315 1627462074 0 3 2.53 0.00
14316 1627462074 0 4 2.52 1.39
14317 1627462074 0 5 0.02
14318 1627462074 0 6 0.11
14319 1627462074 0 8 4.98 12.21 11.84
14320 1627462075 0 1 2.109
14321 1627462075 0 0 25.35 8.28 195.2 61.34 101.0 6.36 150.3 18.5 199.0 2.51 41.22 11.7
14322 1627462075 0 7 $GNGGA,084755.000,4423.55927,N,00855.90096,E,1,10,1.1,4.8,M,44.7,M,,*40
14323 1627462075 0 7 $GNGGA,084756.000,4423.55918,N,00855.90174,E,1,10,1.1,4.6,M,44.7,M,,*4C
14324 1627462076 0 7 $GNGGA,084757.000,4423.55909,N,00855.90231,E,1,10,1.1,4.5,M,44.7,M,,*4C
14325 1627462077 0 3 2.53 0.00
14326 1627462077 0 4 2.52 1.39
14327 1627462077 0 5 0.02
14328 1627462077 0 6 0.08
14329 1627462078 0 8 4.98 12.21 11.87
14330 1627462078 0 1 1.450
14331 1627462078 0 0 25.35 8.28 195.3 61.35 100.9 6.35 150.1 18.5 199.2 2.47 41.23 11.7
14332 1627462078 0 7 $GNGGA,084758.000,4423.55875,N,00855.90276,E,1,10,1.1,4.6,M,44.7,M,,*49
14333 1627462078 0 7 $GNGGA,084759.000,4423.55859,N,00855.90351,E,1,10,1.1,4.6,M,44.7,M,,*42
14334 1627462079 0 7 $GNGGA,084800.000,4423.55857,N,00855.90447,E,1,10,1.1,4.8,M,44.7,M,,*41
14335 1627462080 0 7 $GNGGA,084801.000,4423.55844,N,00855.90535,E,1,10,1.1,5.2,M,44.7,M,,*4D
14336 1627462080 0 3 2.53 0.00
14337 1627462080 0 4 2.52 1.39
14338 1627462080 0 5 0.02
14339 1627462080 0 6 0.14
14340 1627462081 0 8 4.98 12.21 11.84
14341 1627462081 0 1 1.240
14342 1627462081 0 0 25.35 8.28 195.3 61.25 100.9 6.36 150.3 18.5 199.2 2.45 41.15 11.8
14343 1627462081 0 7 $GNGGA,084802.000,4423.55826,N,00855.90618,E,1,10,1.1,5.5,M,44.7,M,,*41
14344 1627462082 0 7 $GNGGA,084803.000,4423.55795,N,00855.90689,E,1,10,1.1,5.9,M,44.7,M,,*43
14345 1627462083 0 7 $GNGGA,084804.000,4423.55765,N,00855.90759,E,1,10,1.1,6.2,M,44.7,M,,*4F
14346 1627462083 0 3 2.53 0.00
14347 1627462083 0 4 2.52 1.39
14348 1627462083 0 5 0.02
14349 1627462083 0 6 0.14
14350 1627462084 0 8 4.98 12.21 11.87
14351 1627462084 0 1 1.251
14352 1627462084 0 0 25.35 8.28 195.3 61.22 100.9 6.36 150.2 18.5 199.5 2.50 41.12 11.7
14353 1627462084 0 7 $GNGGA,084805.000,4423.55738,N,00855.90825,E,1,10,1.1,6.2,M,44.7,M,,*42
14354 1627462085 0 7 $GNGGA,084806.000,4423.55727,N,00855.90905,E,1,10,1.1,6.3,M,44.7,M,,*4D
14355 1627462086 0 7 $GNGGA,084807.000,4423.55711,N,00855.90989,E,1,10,1.1,6.2,M,44.7,M,,*4C
14356 1627462086 0 3 2.53 0.00
14357 1627462086 0 4 2.52 1.39
14358 1627462086 0 5 0.02
14359 1627462086 0 6 0.07
14360 1627462087 0 8 4.98 12.21 11.87
14361 1627462087 0 1 1.280
14362 1627462087 0 0 25.35 8.28 195.3 61.34 100.9 6.35 150.2 18.5 199.1 2.51 41.22 11.7
14363 1627462087 0 7 $GNGGA,084808.000,4423.55692,N,00855.91059,E,1,10,1.1,6.1,M,44.7,M,,*4F
14364 1627462088 0 7 $GNGGA,084809.000,4423.55682,N,00855.91141,E,1,10,1.1,5.9,M,44.7,M,,*4C
14365 1627462089 0 7 $GNGGA,084810.000,4423.55703,N,00855.91240,E,1,10,1.1,5.8,M,44.7,M,,*4F
14366 1627462089 0 3 2.53 0.00
14367 1627462089 0 4 2.52 1.39
14368 1627462089 0 5 0.02
14369 1627462089 0 6 0.11
14370 1627462089 0 8 4.98 12.20 11.84
14371 1627462090 0 1 1.288
14372 1627462090 0 0 25.35 8.28 195.3 61.30 100.9 6.35 150.2 18.5 199.1 2.49 41.19 11.7
14373 1627462090 0 7 $GNGGA,084811.000,4423.55744,N,00855.91339,E,1,10,1.1,5.5,M,44.7,M,,*4F
14374 1627462091 0 7 $GNGGA,084812.000,4423.55770,N,00855.91439,E,1,10,1.1,5.3,M,44.7,M,,*4A
14375 1627462092 0 7 $GNGGA,084813.000,4423.55761,N,00855.91535,E,1,10,1.1,5.2,M,44.7,M,,*47
14376 1627462092 0 3 2.53 0.00
14377 1627462092 0 4 2.52 1.39
14378 1627462092 0 5 0.02
14379 1627462092 0 6 0.15
14380 1627462093 0 8 4.98 12.20 11.87
14381 1627462093 0 1 1.470
14382 1627462093 0 0 25.35 8.28 195.3 61.27 100.9 6.35 150.2 18.6 199.4 2.49 41.16 11.8
14383 1627462093 0 7 $GNGGA,084814.000,4423.55738,N,00855.91616,E,1,10,1.1,4.7,M,44.7,M,,*4A
14384 1627462094 0 7 $GNGGA,084815.000,4423.55723,N,00855.91701,E,1,10,1.1,4.7,M,44.7,M,,*46
14385 1627462095 0 7 $GNGGA,084816.000,4423.55699,N,00855.91786,E,1,10,1.1,4.8,M,44.7,M,,*45
14386 1627462095 0 3 2.53 0.00
14387 1627462095 0 4 2.52 1.39
14388 1627462095 0 5 0.02
14389 1627462095 0 6 0.16
14390 1627462096 0 8 4.98 12.20 11.84
14391 1627462096 0 1 1.655
14392 1627462096 0 0 25.36 8.28 195.2 61.26 100.9 6.35 150.2 18.5 199.2 2.54 41.16 11.7
14393 1627462096 0 7 $GNGGA,084817.000,4423.55687,N,00855.91871,E,1,10,1.1,5.2,M,44.7,M,,*47
14394 1627462097 0 7 $GNGGA,084818.000,4423.55677,N,00855.91972,E,1,10,1.1,5.2,M,44.7,M,,*45
14395 1627462098 0 7 $GNGGA,084819.000,4423.55651,N,00855.92075,E,1,10,1.1,5.0,M,44.7,M,,*4F
14396 1627462098 0 3 2.53 0.00
14397 1627462098 0 4 2.52 1.39
14398 1627462098 0 5 0.02
14399 1627462099 0 6 0.09
14400 1627462099 0 8 4.98 12.21 11.84
14401 1627462099 0 1 1.298
14402 1627462099 0 0 25.35 8.28 195.3 61.25 100.8 6.35 150.3 18.6 198.8 2.55 41.15 11.7
14403 1627462099 0 7 $GNGGA,084820.000,4423.55622,N,00855.92164,E,1,10,1.1,5.0,M,44.7,M,,*40
14404 1627462100 0 7 $GNGGA,084821.000,4423.55601,N,00855.92254,E,1,10,1.1,4.8,M,44.7,M,,*49
