/home/matrac-user/Devel/SEPG_2021-07-28/tuttomatrac/apps/build-mokupUI-Desktop_Qt_5_15_0_GCC_64bit-Release/MATRAC_Session_2021-07-28.10-48-25/grid_batimetria.xyz_5.000000x5.000000x2.000000x.mesh
1960 1627470062 0 7 $GNGGA,110102.000,4423.95663,N,00855.44624,E,1,08,1.2,1.7,M,44.7,M,,*4D
1961 1627470062 0 3 2.53 0.00
1965 1627470062 0 8 4.98 12.35 11.87
1966 1627470062 0 1 0.825
1967 1627470063 0 7 $GNGGA,110103.000,4423.95760,N,00855.44555,E,1,08,1.2,1.9,M,44.7,M,,*45
1968 1627470063 0 0 25.50 8.29 168.9 61.40 102.6 6.44 155.6 18.7 188.7 2.27 41.26 12.5
1969 1627470064 0 7 $GNGGA,110104.000,4423.95834,N,00855.44479,E,1,08,1.2,2.3,M,44.7,M,,*4A
1970 1627470065 0 7 $GNGGA,110105.000,4423.95885,N,00855.44421,E,1,08,1.2,3.3,M,44.7,M,,*4D
1971 1627470065 0 3 2.53 0.00
1972 1627470065 0 4 2.51 1.37
1973 1627470065 0 5 0.02
1974 1627470065 0 6 0.07
1975 1627470065 0 8 4.98 12.35 11.89
1976 1627470065 0 1 0.763
1977 1627470066 0 0 25.49 8.29 168.8 61.43 102.7 6.44 155.7 18.7 189.2 2.37 41.29 12.5
1978 1627470066 0 7 $GNGGA,110106.000,4423.95933,N,00855.44371,E,1,08,1.2,4.4,M,44.7,M,,*40
1979 1627470067 0 7 $GNGGA,110107.000,4423.95998,N,00855.44306,E,1,08,1.2,5.0,M,44.7,M,,*45
1980 1627470068 0 7 $GNGGA,110108.000,4423.96077,N,00855.44230,E,1,08,1.2,5.6,M,44.7,M,,*43
1981 1627470068 0 3 2.53 0.00
1983 1627470068 0 5 0.02
1984 1627470068 0 6 0.08
1985 1627470068 0 8 4.97 12.35 11.87
1986 1627470068 0 1 0.772
1987 1627470069 0 0 25.50 8.29 168.8 61.41 102.7 6.45 155.6 18.7 188.5 2.31 41.27 12.5
1988 1627470069 0 7 $GNGGA,110109.000,4423.96152,N,00855.44146,E,1,08,1.2,6.0,M,44.7,M,,*43
1989 1627470070 0 7 $GNGGA,110110.000,4423.96247,N,00855.44020,E,1,08,1.2,5.3,M,44.7,M,,*4D
1990 1627470071 0 7 $GNGGA,110111.000,4423.96341,N,00855.43876,E,1,08,1.2,4.2,M,44.7,M,,*47
1991 1627470071 0 3 2.53 0.00
1995 1627470071 0 8 4.98 12.35 11.89
1996 1627470071 0 1 0.957
1997 1627470072 0 7 $GNGGA,110112.000,4423.96418,N,00855.43765,E,1,08,1.2,3.2,M,44.7,M,,*45
1998 1627470072 0 0 25.50 8.29 168.8 61.47 102.7 6.44 155.6 18.7 188.7 2.27 41.32 12.5
1999 1627470073 0 7 $GNGGA,110113.000,4423.96480,N,00855.43680,E,1,08,1.2,2.4,M,44.7,M,,*48
2000 1627470074 0 7 $GNGGA,110114.000,4423.96534,N,00855.43607,E,1,08,1.2,1.9,M,44.7,M,,*40
2001 1627470074 0 3 2.53 0.00
2002 1627470074 0 4 2.51 1.37
2003 1627470074 0 5 0.03
2004 1627470074 0 6 0.16
2005 1627470074 0 8 4.98 12.20 11.87
2006 1627470074 0 1 0.848
2007 1627470075 0 7 $GNGGA,110115.000,4423.96579,N,00855.43543,E,1,08,1.2,1.7,M,44.7,M,,*45
2008 1627470075 0 0 25.50 8.29 168.8 61.51 102.7 6.44 155.8 18.7 188.9 2.34 41.35 12.5
2009 1627470076 0 7 $GNGGA,110116.000,4423.96634,N,00855.43476,E,1,08,1.2,1.6,M,44.7,M,,*4A
2010 1627470077 0 7 $GNGGA,110117.000,4423.96682,N,00855.43413,E,1,08,1.2,2.0,M,44.7,M,,*40
2011 1627470077 0 3 2.53 0.00
2013 1627470077 0 5 0.02
2014 1627470077 0 6 0.12
2015 1627470077 0 8 4.98 12.22 11.87
2016 1627470077 0 1 1.348
2017 1627470078 0 7 $GNGGA,110118.000,4423.96759,N,00855.43334,E,1,08,1.2,1.1,M,44.7,M,,*48
2018 1627470078 0 0 25.50 8.29 168.8 61.40 102.7 6.45 155.8 18.7 189.2 2.39 41.26 12.6
2019 1627470079 0 7 $GNGGA,110119.000,4423.96826,N,00855.43270,E,1,08,1.2,0.8,M,44.7,M,,*47
2020 1627470080 0 7 $GNGGA,110120.000,4423.96892,N,00855.43210,E,1,08,1.2,0.5,M,44.7,M,,*49
2021 1627470080 0 3 2.53 0.00
2022 1627470080 0 4 2.51 1.37
2023 1627470080 0 5 0.02
2024 1627470080 0 6 0.14
2025 1627470080 0 8 4.98 12.34 11.87
2026 1627470080 0 1 0.895
2027 1627470081 0 7 $GNGGA,110121.000,4423.96955,N,00855.43141,E,1,08,1.2,0.3,M,44.7,M,,*43
2028 1627470081 0 0 25.48 8.29 168.8 61.47 102.8 6.45 155.8 18.7 189.5 2.47 41.31 12.4
2029 1627470082 0 7 $GNGGA,110122.000,4423.97015,N,00855.43073,E,1,08,1.2,0.2,M,44.7,M,,*4D
2030 1627470083 0 7 $GNGGA,110123.000,4423.97064,N,00855.42989,E,1,08,1.2,0.1,M,44.7,M,,*44
2031 1627470083 0 3 2.53 0.00
2032 1627470083 0 4 2.51 1.37
2033 1627470083 0 5 0.02
2034 1627470083 0 6 0.14
2035 1627470083 0 8 4.97 12.20 11.84
2036 1627470083 0 1 1.003
2037 1627470084 0 0 25.45 8.28 168.9 61.41 102.8 6.46 155.9 18.7 189.3 2.48 41.27 12.3
2038 1627470084 0 7 $GNGGA,110124.000,4423.97106,N,00855.42884,E,1,08,1.2,0.1,M,44.7,M,,*4A
2039 1627470085 0 7 $GNGGA,110125.000,4423.97150,N,00855.42787,E,1,08,1.2,0.2,M,44.7,M,,*47
2040 1627470086 0 7 $GNGGA,110126.000,4423.97192,N,00855.42707,E,1,08,1.2,0.3,M,44.7,M,,*43
2041 1627470086 0 3 2.53 0.00
2043 1627470086 0 5 0.02
2044 1627470086 0 6 0.07
2045 1627470086 0 8 4.97 12.35 11.89
2046 1627470086 0 1 0.938
2047 1627470087 0 0 25.45 8.29 168.8 61.40 102.8 6.46 156.0 18.7 189.4 2.44 41.26 12.4
2048 1627470087 0 7 $GNGGA,110127.000,4423.97239,N,00855.42633,E,1,08,1.2,0.5,M,44.7,M,,*40
2049 1627470088 0 7 $GNGGA,110128.000,4423.97287,N,00855.42557,E,1,08,1.2,1.0,M,44.7,M,,*4F
2050 1627470089 0 7 $GNGGA,110129.000,4423.97330,N,00855.42482,E,1,08,1.2,1.8,M,44.7,M,,*42
2051 1627470089 0 3 2.53 0.00
2052 1627470089 0 4 2.51 1.37
2053 1627470089 0 5 0.02
2054 1627470089 0 6 0.09
2055 1627470089 0 8 4.98 12.35 11.87
2056 1627470089 0 1 0.954
2057 1627470090 0 0 25.46 8.29 168.8 61.40 102.8 6.46 155.9 18.7 189.6 2.32 41.26 12.4
2058 1627470090 0 7 $GNGGA,110130.000,4423.97386,N,00855.42425,E,1,08,1.2,2.4,M,44.7,M,,*45
2059 1627470091 0 7 $GNGGA,110131.000,4423.97447,N,00855.42363,E,1,08,1.2,3.2,M,44.7,M,,*4C
2060 1627470092 0 7 $GNGGA,110132.000,4423.97508,N,00855.42294,E,1,08,1.2,3.8,M,44.7,M,,*46
2061 1627470092 0 3 2.53 0.00
2062 1627470092 0 4 2.51 1.37
2063 1627470092 0 5 0.03
2064 1627470092 0 6 0.10
2065 1627470092 0 8 4.98 12.20 11.84
2066 1627470092 0 1 1.020
2067 1627470093 0 7 $GNGGA,110133.000,4423.97562,N,00855.42225,E,1,08,1.2,4.2,M,44.7,M,,*4C
2068 1627470093 0 0 25.45 8.29 168.9 61.41 102.9 6.46 156.2 18.7 190.1 2.24 41.27 12.4
2069 1627470094 0 7 $GNGGA,110134.000,4423.97617,N,00855.42168,E,1,08,1.2,4.5,M,44.7,M,,*47
2070 1627470095 0 7 $GNGGA,110135.000,4423.97670,N,00855.42112,E,1,08,1.2,5.1,M,44.7,M,,*4F
2071 1627470095 0 3 2.53 0.00
2074 1627470095 0 6 0.14
2075 1627470095 0 8 4.98 12.34 11.87
2076 1627470095 0 1 0.992
2077 1627470096 0 7 $GNGGA,110136.000,4423.97748,N,00855.42068,E,1,08,1.2,5.5,M,44.7,M,,*4E
2078 1627470096 0 0 25.45 8.29 168.8 61.36 102.9 6.46 156.2 18.7 190.1 2.30 41.23 12.4
2079 1627470097 0 7 $GNGGA,110137.000,4423.97831,N,00855.42031,E,1,08,1.2,6.1,M,44.7,M,,*45
2080 1627470098 0 7 $GNGGA,110138.000,4423.97921,N,00855.42001,E,1,08,1.2,6.2,M,44.7,M,,*4A
2081 1627470098 0 3 2.53 0.00
2082 1627470098 0 4 2.51 1.37
2083 1627470098 0 5 0.02
2084 1627470098 0 6 0.11
2085 1627470098 0 8 4.98 12.35 11.87
2086 1627470098 0 1 1.002
2087 1627470099 0 0 25.45 8.29 168.8 61.43 102.9 6.46 156.1 18.7 189.5 2.37 41.29 12.4
2088 1627470099 0 7 $GNGGA,110139.000,4423.98017,N,00855.41982,E,1,08,1.2,6.2,M,44.7,M,,*49
2089 1627470100 0 7 $GNGGA,110140.000,4423.98121,N,00855.41973,E,1,08,1.2,6.2,M,44.7,M,,*4D
2090 1627470101 0 7 $GNGGA,110141.000,4423.98208,N,00855.41954,E,1,08,1.2,6.8,M,44.7,M,,*4B
2091 1627470101 0 3 2.53 0.00
2092 1627470101 0 4 2.51 1.37
2093 1627470101 0 5 0.02
2094 1627470101 0 6 0.14
2095 1627470101 0 8 4.98 12.35 11.87
2096 1627470101 0 1 0.981
2097 1627470102 0 0 25.44 8.29 168.9 61.36 102.9 6.46 156.2 18.7 189.8 2.31 41.23 12.3
2098 1627470102 0 7 $GNGGA,110142.000,4423.98289,N,00855.41913,E,1,08,1.2,7.3,M,44.7,M,,*48
2099 1627470103 0 7 $GNGGA,110143.000,4423.98377,N,00855.41846,E,1,08,1.2,7.8,M,44.7,M,,*43
2100 1627470104 0 7 $GNGGA,110144.000,4423.98490,N,00855.41768,E,1,08,1.2,7.6,M,44.7,M,,*47
2101 1627470104 0 3 2.53 0.00
2104 1627470104 0 6 0.13
2105 1627470104 0 8 4.98 12.34 11.87
2106 1627470104 0 1 1.644
2107 1627470105 0 0 25.43 8.28 168.8 61.40 102.9 6.47 156.3 18.7 190.1 2.24 41.26 12.3
2108 1627470105 0 7 $GNGGA,110145.000,4423.98594,N,00855.41692,E,1,08,1.2,7.6,M,44.7,M,,*47
2109 1627470106 0 7 $GNGGA,110146.000,4423.98693,N,00855.41631,E,1,08,1.2,7.7,M,44.7,M,,*48
2110 1627470107 0 7 $GNGGA,110147.000,4423.98785,N,00855.41568,E,1,08,1.2,7.7,M,44.7,M,,*40
2111 1627470107 0 3 2.53 0.00
2112 1627470107 0 4 2.51 1.37
2113 1627470107 0 5 0.02
2114 1627470107 0 6 0.16
2115 1627470107 0 8 4.98 12.34 11.87
2116 1627470107 0 1 1.057
2117 1627470108 0 7 $GNGGA,110148.000,4423.98877,N,00855.41506,E,1,08,1.2,7.9,M,44.7,M,,*4B
2118 1627470108 0 0 25.42 8.28 168.9 61.41 102.9 6.47 156.2 18.7 190.1 2.24 41.27 12.3
2119 1627470109 0 7 $GNGGA,110149.000,4423.98969,N,00855.41442,E,1,08,1.2,8.1,M,44.7,M,,*42
2120 1627470110 0 7 $GNGGA,110150.000,4423.99070,N,00855.41366,E,1,08,1.2,8.2,M,44.7,M,,*48
2121 1627470110 0 3 2.53 0.00
2122 1627470110 0 4 2.51 1.37
2123 1627470110 0 5 0.02
2124 1627470110 0 6 0.07
2125 1627470110 0 8 4.98 12.36 11.87
2126 1627470110 0 1 1.076
2127 1627470111 0 7 $GNGGA,110151.000,4423.99176,N,00855.41292,E,1,08,1.2,8.5,M,44.7,M,,*43
2128 1627470111 0 0 25.42 8.28 168.9 61.39 102.9 6.47 156.3 18.7 190.0 2.30 41.25 12.2
2129 1627470112 0 7 $GNGGA,110152.000,4423.99273,N,00855.41217,E,1,08,1.2,8.8,M,44.7,M,,*46
2130 1627470113 0 7 $GNGGA,110153.000,4423.99361,N,00855.41126,E,1,08,1.2,8.7,M,44.7,M,,*4B
2131 1627470113 0 3 2.53 0.00
2134 1627470113 0 6 0.10
2135 1627470113 0 8 4.98 12.35 11.87
2136 1627470113 0 1 0.952
2137 1627470114 0 7 $GNGGA,110154.000,4423.99443,N,00855.41048,E,1,08,1.2,8.3,M,44.7,M,,*46
2138 1627470114 0 0 25.45 8.29 168.9 61.38 102.9 6.46 156.0 18.7 189.4 2.18 41.25 12.3
2139 1627470115 0 7 $GNGGA,110155.000,4423.99534,N,00855.40956,E,1,08,1.2,7.7,M,44.7,M,,*4A
2140 1627470116 0 7 $GNGGA,110156.000,4423.99607,N,00855.40895,E,1,08,1.2,7.5,M,44.7,M,,*46
2141 1627470116 0 3 2.53 0.00
2142 1627470116 0 4 2.51 1.37
2143 1627470116 0 5 0.02
2144 1627470116 0 6 0.16
2145 1627470116 0 8 4.98 12.35 11.87
2146 1627470116 0 1 0.984
2147 1627470117 0 7 $GNGGA,110157.000,4423.99691,N,00855.40845,E,1,08,1.2,7.1,M,44.7,M,,*41
2148 1627470117 0 0 25.45 8.28 168.8 61.44 102.9 6.46 156.0 18.7 189.1 2.08 41.29 12.3
2149 1627470118 0 7 $GNGGA,110158.000,4423.99793,N,00855.40793,E,1,08,1.2,6.9,M,44.7,M,,*40
2150 1627470119 0 7 $GNGGA,110159.000,4423.99902,N,00855.40722,E,1,08,1.2,7.1,M,44.7,M,,*44
2151 1627470119 0 3 2.53 0.00
2152 1627470119 0 4 2.51 1.37
2153 1627470119 0 5 0.02
2154 1627470119 0 6 0.14
2155 1627470119 0 8 4.98 12.35 11.87
2156 1627470119 0 1 0.983
2157 1627470120 0 7 $GNGGA,110200.000,4423.99985,N,00855.40648,E,1,08,1.2,6.7,M,44.7,M,,*4E
2158 1627470120 0 0 25.43 8.28 168.7 61.39 102.9 6.47 156.3 18.7 189.7 2.20 41.26 12.3
2159 1627470121 0 7 $GNGGA,110201.000,4424.00064,N,00855.40560,E,1,08,1.2,6.6,M,44.7,M,,*46
2160 1627470122 0 7 $GNGGA,110202.000,4424.00132,N,00855.40472,E,1,08,1.2,6.6,M,44.7,M,,*45
2161 1627470122 0 3 2.53 0.00
2162 1627470122 0 4 2.51 1.37
2163 1627470122 0 5 0.02
2164 1627470122 0 6 0.11
2165 1627470122 0 8 4.98 12.36 11.87
2166 1627470122 0 1 1.124
2167 1627470123 0 0 25.41 8.28 168.8 61.36 102.9 6.47 156.4 18.7 190.1 2.39 41.23 12.2
2168 1627470123 0 7 $GNGGA,110203.000,4424.00209,N,00855.40376,E,1,08,1.2,6.7,M,44.7,M,,*4D
2169 1627470124 0 7 $GNGGA,110204.000,4424.00286,N,00855.40285,E,1,08,1.2,7.2,M,44.7,M,,*44
2170 1627470125 0 7 $GNGGA,110205.000,4424.00355,N,00855.40208,E,1,08,1.2,7.5,M,44.7,M,,*48
2171 1627470125 0 3 2.53 0.00
2172 1627470125 0 4 2.51 1.37
2173 1627470125 0 5 0.02
2174 1627470125 0 6 0.07
2175 1627470125 0 8 4.98 12.36 11.87
2176 1627470125 0 1 1.174
2177 1627470126 0 0 25.41 8.28 168.9 61.36 103.0 6.47 156.3 18.6 189.7 2.25 41.23 12.2
2178 1627470126 0 7 $GNGGA,110206.000,4424.00426,N,00855.40133,E,1,08,1.2,7.8,M,44.7,M,,*4E
2179 1627470127 0 7 $GNGGA,110207.000,4424.00495,N,00855.40064,E,1,08,1.2,8.2,M,44.7,M,,*41
2180 1627470128 0 7 $GNGGA,110208.000,4424.00565,N,00855.39989,E,1,08,1.2,7.9,M,44.7,M,,*40
2181 1627470128 0 3 2.53 0.00
2182 1627470128 0 4 2.51 1.37
2183 1627470128 0 5 0.02
2184 1627470128 0 6 0.17
2185 1627470128 0 8 4.98 12.35 11.89
2186 1627470128 0 1 1.033
2187 1627470129 0 7 $GNGGA,110209.000,4424.00633,N,00855.39908,E,1,08,1.2,7.5,M,44.7,M,,*44
2188 1627470129 0 0 25.42 8.28 168.9 61.45 103.0 6.48 156.3 18.7 189.7 2.11 41.30 12.2
2189 1627470130 0 7 $GNGGA,110210.000,4424.00693,N,00855.39841,E,1,08,1.2,7.3,M,44.7,M,,*4C
2190 1627470131 0 7 $GNGGA,110211.000,4424.00743,N,00855.39772,E,1,08,1.2,7.0,M,44.7,M,,*4D
2191 1627470131 0 3 2.53 0.00
2195 1627470131 0 8 4.98 12.35 11.87
2196 1627470131 0 1 1.561
2197 1627470132 0 7 $GNGGA,110212.000,4424.00784,N,00855.39703,E,1,08,1.2,6.9,M,44.7,M,,*4B
2198 1627470132 0 0 25.41 8.28 168.9 61.35 103.1 6.48 156.3 18.7 189.8 2.17 41.22 12.1
2199 1627470132 0 7 $GNGGA,110213.000,4424.00817,N,00855.39632,E,1,08,1.2,7.3,M,44.7,M,,*47
2200 1627470133 0 2 0.06230000 1.41160001 1.09879994 0.01090000 2.64170002 0.00600000 0.03280000 0.27610001 1.00000000 92.71800231
2202 1627470134 0 3 2.53 0.00
2203 1627470134 0 4 2.51 1.37
2204 1627470134 0 5 0.02
2205 1627470134 0 6 0.15
2206 1627470134 0 8 4.98 12.36 11.87
2207 1627470134 0 1 1.059
2208 1627470134 0 7 $GNGGA,110215.000,4424.00896,N,00855.39460,E,1,08,1.2,7.9,M,44.7,M,,*47
2209 1627470135 0 0 25.42 8.28 168.8 61.41 103.1 6.48 156.1 18.7 190.0 2.33 41.27 12.2
2210 1627470136 0 7 $GNGGA,110216.000,4424.00941,N,00855.39372,E,1,08,1.2,8.2,M,44.7,M,,*4F
2211 1627470136 0 7 $GNGGA,110217.000,4424.01009,N,00855.39287,E,1,08,1.2,8.4,M,44.7,M,,*47
2212 1627470137 0 3 2.53 0.00
2214 1627470137 0 5 0.02
2215 1627470137 0 6 0.13
2216 1627470137 0 8 4.98 12.35 11.87
2217 1627470137 0 1 1.077
2218 1627470137 0 7 $GNGGA,110218.000,4424.01081,N,00855.39196,E,1,08,1.2,8.6,M,44.7,M,,*49
2219 1627470138 0 0 25.42 8.28 168.8 61.41 103.1 6.48 156.2 18.7 189.9 2.29 41.27 12.2
2220 1627470138 0 7 $GNGGA,110219.000,4424.01149,N,00855.39122,E,1,08,1.2,8.9,M,44.7,M,,*4D
2221 1627470140 0 7 $GNGGA,110220.000,4424.01210,N,00855.39057,E,1,08,1.2,9.1,M,44.7,M,,*42
2222 1627470140 0 3 2.53 0.00
2226 1627470140 0 8 4.98 12.35 11.87
2227 1627470140 0 1 1.096
2228 1627470141 0 7 $GNGGA,110221.000,4424.01266,N,00855.39004,E,1,08,1.2,9.1,M,44.7,M,,*44
2229 1627470141 0 0 25.43 8.28 168.8 61.38 103.0 6.48 156.1 18.7 189.8 2.20 41.24 12.2
2230 1627470142 0 7 $GNGGA,110222.000,4424.01309,N,00855.38931,E,1,08,1.2,9.1,M,44.7,M,,*41
2231 1627470143 0 7 $GNGGA,110223.000,4424.01347,N,00855.38858,E,1,08,1.2,8.7,M,44.7,M,,*43
2232 1627470143 0 3 2.53 0.00
2233 1627470143 0 4 2.51 1.37
2234 1627470143 0 5 0.02
2235 1627470143 0 6 0.15
2236 1627470143 0 8 4.98 12.35 11.89
2237 1627470143 0 1 1.182
2238 1627470144 0 7 $GNGGA,110224.000,4424.01409,N,00855.38806,E,1,08,1.2,8.6,M,44.7,M,,*43
2239 1627470144 0 0 25.41 8.28 168.8 61.41 103.0 6.48 156.3 18.7 190.0 2.20 41.27 12.2
2240 1627470145 0 7 $GNGGA,110225.000,4424.01488,N,00855.38766,E,1,08,1.2,8.4,M,44.7,M,,*40
2241 1627470146 0 7 $GNGGA,110226.000,4424.01575,N,00855.38719,E,1,08,1.2,8.0,M,44.7,M,,*4C
2242 1627470146 0 3 2.53 0.00
2244 1627470146 0 5 0.02
2245 1627470146 0 6 0.10
2246 1627470146 0 8 4.98 12.35 11.89
2247 1627470146 0 1 1.047
2248 1627470147 0 7 $GNGGA,110227.000,4424.01667,N,00855.38676,E,1,08,1.2,7.3,M,44.7,M,,*49
2249 1627470147 0 0 25.42 8.28 168.8 61.38 103.0 6.47 156.3 18.7 189.8 2.32 41.25 12.2
2250 1627470148 0 7 $GNGGA,110228.000,4424.01759,N,00855.38638,E,1,08,1.2,6.6,M,44.7,M,,*44
2251 1627470149 0 7 $GNGGA,110229.000,4424.01867,N,00855.38589,E,1,08,1.2,6.0,M,44.7,M,,*48
2252 1627470149 0 3 2.53 0.00
2256 1627470149 0 8 4.98 12.36 11.87
2257 1627470149 0 1 1.147
2258 1627470150 0 7 $GNGGA,110230.000,4424.02020,N,00855.38533,E,1,08,1.2,5.5,M,44.7,M,,*4F
2259 1627470150 0 0 25.42 8.28 168.8 61.51 103.0 6.47 156.2 18.6 190.1 2.41 41.35 12.2
2871 1627470333 0 7 $GNGGA,110534.000,4424.15350,N,00855.29692,E,1,08,1.2,-7.3,M,44.7,M,,*6F
2872 1627470334 0 7 $GNGGA,110535.000,4424.15412,N,00855.29705,E,1,08,1.2,-7.3,M,44.7,M,,*60
2873 1627470335 0 3 2.53 0.00
2877 1627470335 0 8 4.98 12.35 11.87
2878 1627470335 0 1 1.668
2879 1627470336 0 7 $GNGGA,110536.000,4424.15479,N,00855.29703,E,1,08,1.2,-7.4,M,44.7,M,,*6F
2880 1627470336 0 0 25.40 8.25 168.9 61.32 100.8 6.34 156.2 18.6 189.2 2.41 41.20 11.4
2881 1627470337 0 7 $GNGGA,110537.000,4424.15552,N,00855.29706,E,1,08,1.2,-7.2,M,44.7,M,,*65
2882 1627470338 0 7 $GNGGA,110538.000,4424.15624,N,00855.29699,E,1,08,1.2,-7.2,M,44.7,M,,*6F
2883 1627470338 0 3 2.53 0.00
2884 1627470338 0 4 2.51 1.43
2885 1627470338 0 5 0.02
2886 1627470338 0 6 0.11
2887 1627470338 0 8 4.98 12.34 11.87
2888 1627470338 0 1 1.691
2889 1627470339 0 7 $GNGGA,110539.000,4424.15694,N,00855.29666,E,1,08,1.2,-7.4,M,44.7,M,,*63
2890 1627470339 0 0 25.41 8.25 168.9 61.27 100.9 6.34 156.1 18.6 189.3 2.44 41.16 11.4
2891 1627470340 0 7 $GNGGA,110540.000,4424.15753,N,00855.29619,E,1,08,1.2,-7.3,M,44.7,M,,*68
2892 1627470341 0 7 $GNGGA,110541.000,4424.15816,N,00855.29587,E,1,08,1.2,-7.5,M,44.7,M,,*65
2893 1627470341 0 3 2.53 0.00
2895 1627470341 0 5 0.02
2896 1627470341 0 6 0.08
2897 1627470341 0 8 4.98 12.36 11.87
2898 1627470341 0 1 1.877
2899 1627470342 0 7 $GNGGA,110542.000,4424.15882,N,00855.29561,E,1,08,1.2,-7.7,M,44.7,M,,*61
2900 1627470342 0 0 25.41 8.25 168.9 61.33 100.9 6.35 156.2 18.6 190.0 2.45 41.21 11.4
2901 1627470343 0 7 $GNGGA,110543.000,4424.15950,N,00855.29529,E,1,08,1.2,-7.7,M,44.7,M,,*62
2902 1627470343 0 7 $GNGGA,110544.000,4424.16025,N,00855.29496,E,1,08,1.2,-7.7,M,44.7,M,,*68
2903 1627470344 0 3 2.53 0.00
2904 1627470344 0 4 2.51 1.43
2905 1627470344 0 5 0.03
2906 1627470344 0 6 0.16
2907 1627470344 0 8 4.98 12.33 11.87
2908 1627470344 0 1 1.862
2909 1627470344 0 7 $GNGGA,110545.000,4424.16104,N,00855.29469,E,1,08,1.2,-7.7,M,44.7,M,,*6B
2910 1627470345 0 0 25.39 8.25 168.9 61.36 101.0 6.35 156.4 18.6 189.5 2.40 41.24 11.5
2911 1627470345 0 7 $GNGGA,110546.000,4424.16182,N,00855.29445,E,1,08,1.2,-7.4,M,44.7,M,,*6B
2912 1627470346 0 7 $GNGGA,110547.000,4424.16269,N,00855.29423,E,1,08,1.2,-7.3,M,44.7,M,,*6B
2913 1627470347 0 3 2.53 0.00
2914 1627470347 0 4 2.51 1.43
2915 1627470347 0 5 0.02
2916 1627470347 0 6 0.13
2917 1627470347 0 8 4.98 12.35 11.87
2918 1627470347 0 1 2.512
2919 1627470347 0 7 $GNGGA,110548.000,4424.16348,N,00855.29383,E,1,08,1.2,-7.1,M,44.7,M,,*69
2920 1627470348 0 0 25.40 8.25 168.9 61.39 101.0 6.35 156.2 18.6 189.3 2.36 41.26 11.4
2921 1627470348 0 7 $GNGGA,110549.000,4424.16414,N,00855.29354,E,1,08,1.2,-6.9,M,44.7,M,,*65
2922 1627470349 0 7 $GNGGA,110550.000,4424.16475,N,00855.29319,E,1,08,1.2,-6.8,M,44.7,M,,*62
2923 1627470350 0 3 2.53 0.00
2926 1627470350 0 6 0.12
2927 1627470350 0 8 4.98 12.36 11.87
2928 1627470350 0 1 1.737
2929 1627470350 0 7 $GNGGA,110551.000,4424.16534,N,00855.29265,E,1,08,1.2,-6.7,M,44.7,M,,*62
2930 1627470351 0 0 25.41 8.25 168.9 61.38 101.0 6.35 156.2 18.6 189.5 2.43 41.25 11.4
2931 1627470352 0 7 $GNGGA,110552.000,4424.16592,N,00855.29207,E,1,08,1.2,-6.5,M,44.7,M,,*6B
2932 1627470353 0 7 $GNGGA,110553.000,4424.16639,N,00855.29161,E,1,08,1.2,-6.6,M,44.7,M,,*68
2933 1627470353 0 3 2.53 0.00
2934 1627470353 0 4 2.51 1.43
2935 1627470353 0 5 0.02
2936 1627470353 0 6 0.12
2937 1627470353 0 8 4.98 12.35 11.87
2938 1627470353 0 1 1.851
2939 1627470353 0 7 $GNGGA,110554.000,4424.16720,N,00855.29101,E,1,08,1.2,-6.7,M,44.7,M,,*61
2940 1627470354 0 0 25.41 8.25 168.8 61.36 101.1 6.35 156.1 18.6 189.1 2.49 41.23 11.4
2941 1627470354 0 7 $GNGGA,110555.000,4424.16805,N,00855.29045,E,1,08,1.2,-6.7,M,44.7,M,,*69
2942 1627470355 0 7 $GNGGA,110556.000,4424.16878,N,00855.28983,E,1,08,1.2,-6.7,M,44.7,M,,*62
2943 1627470356 0 3 2.53 0.00
2944 1627470356 0 4 2.51 1.43
2945 1627470356 0 5 0.02
2946 1627470356 0 6 0.13
2947 1627470356 0 8 4.98 12.35 11.87
2948 1627470356 0 1 1.648
2949 1627470356 0 7 $GNGGA,110557.000,4424.16951,N,00855.28919,E,1,08,1.2,-6.8,M,44.7,M,,*65
2950 1627470357 0 0 25.43 8.25 168.8 61.34 101.1 6.36 156.1 18.6 189.3 2.47 41.21 11.4
2951 1627470357 0 7 $GNGGA,110558.000,4424.17028,N,00855.28849,E,1,08,1.2,-6.7,M,44.7,M,,*67
2952 1627470358 0 7 $GNGGA,110559.000,4424.17124,N,00855.28786,E,1,08,1.2,-6.8,M,44.7,M,,*68
2953 1627470359 0 3 2.53 0.00
2956 1627470359 0 6 0.13
2957 1627470359 0 8 4.98 12.35 11.87
2958 1627470359 0 1 1.870
2959 1627470359 0 7 $GNGGA,110600.000,4424.17224,N,00855.28735,E,1,08,1.2,-6.8,M,44.7,M,,*6C
2960 1627470360 0 0 25.41 8.25 168.8 61.42 101.3 6.37 156.2 18.6 189.3 2.47 41.28 11.5
2961 1627470360 0 7 $GNGGA,110601.000,4424.17319,N,00855.28703,E,1,08,1.2,-6.8,M,44.7,M,,*67
2962 1627470361 0 7 $GNGGA,110602.000,4424.17415,N,00855.28675,E,1,08,1.2,-6.8,M,44.7,M,,*6F
2963 1627470362 0 3 2.53 0.00
2964 1627470362 0 4 2.51 1.43
2965 1627470362 0 5 0.02
2966 1627470362 0 6 0.12
2967 1627470362 0 8 4.98 12.35 11.87
2968 1627470362 0 1 1.591
2969 1627470362 0 7 $GNGGA,110603.000,4424.17524,N,00855.28659,E,1,08,1.2,-7.1,M,44.7,M,,*6B
2970 1627470363 0 0 25.42 8.25 168.8 61.43 101.3 6.36 156.0 18.6 188.9 2.48 41.28 11.4
2971 1627470363 0 7 $GNGGA,110604.000,4424.17666,N,00855.28652,E,1,08,1.2,-8.2,M,44.7,M,,*6E
2972 1627470364 0 7 $GNGGA,110605.000,4424.17790,N,00855.28650,E,1,08,1.2,-7.3,M,44.7,M,,*6B
2973 1627470365 0 3 2.53 0.00
2974 1627470365 0 4 2.51 1.43
2975 1627470365 0 5 0.02
2976 1627470365 0 6 0.12
2977 1627470365 0 8 4.97 12.35 11.87
2978 1627470365 0 1 1.741
2979 1627470365 0 7 $GNGGA,110606.000,4424.17954,N,00855.28650,E,1,08,1.2,-7.1,M,44.7,M,,*6C
2980 1627470366 0 0 25.42 8.25 168.8 61.43 101.3 6.37 156.0 18.6 189.5 2.51 41.28 11.4
2981 1627470366 0 7 $GNGGA,110607.000,4424.18127,N,00855.28649,E,1,08,1.2,-7.1,M,44.7,M,,*66
2982 1627470367 0 7 $GNGGA,110608.000,4424.18293,N,00855.28655,E,1,08,1.2,-6.9,M,44.7,M,,*61
2983 1627470368 0 3 2.53 0.00
2986 1627470368 0 6 0.08
2987 1627470368 0 8 4.98 12.35 11.87
2988 1627470368 0 1 1.864
2989 1627470368 0 7 $GNGGA,110609.000,4424.18449,N,00855.28652,E,1,08,1.2,-6.9,M,44.7,M,,*66
2990 1627470369 0 0 25.44 8.25 168.8 61.30 101.4 6.37 156.0 18.7 189.4 2.58 41.19 11.4
2991 1627470369 0 7 $GNGGA,110610.000,4424.18564,N,00855.28640,E,1,08,1.2,-6.9,M,44.7,M,,*63
2992 1627470370 0 7 $GNGGA,110611.000,4424.18662,N,00855.28619,E,1,08,1.2,-6.9,M,44.7,M,,*6B
2993 1627470371 0 3 2.53 0.00
2994 1627470371 0 4 2.51 1.43
2995 1627470371 0 5 0.02
2996 1627470371 0 6 0.10
2997 1627470371 0 8 4.98 12.35 11.87
2998 1627470371 0 1 1.770
2999 1627470371 0 7 $GNGGA,110612.000,4424.18706,N,00855.28553,E,1,08,1.2,-7.1,M,44.7,M,,*6F
3000 1627470372 0 0 25.42 8.25 168.7 61.36 101.5 6.38 156.2 18.6 189.4 2.56 41.23 11.5
3001 1627470372 0 7 $GNGGA,110613.000,4424.18750,N,00855.28503,E,1,08,1.2,-7.4,M,44.7,M,,*6D
3002 1627470373 0 2 0.06430000 1.64989995 1.20210003 0.01270000 2.63420009 0.00640000 0.03670000 0.28499999 1.00000000 91.88999938
3003 1627470373 0 7 $GNGGA,110614.000,4424.18814,N,00855.28472,E,1,08,1.2,-7.6,M,44.7,M,,*60
3004 1627470374 0 3 2.53 0.00
3007 1627470374 0 6 0.09
3008 1627470374 0 8 4.98 12.35 11.89
3009 1627470374 0 1 2.389
3010 1627470374 0 7 $GNGGA,110615.000,4424.18888,N,00855.28446,E,1,08,1.2,-7.5,M,44.7,M,,*60
3011 1627470375 0 0 25.42 8.25 168.8 61.34 101.5 6.38 156.2 18.6 189.5 2.52 41.22 11.4
3012 1627470375 0 7 $GNGGA,110616.000,4424.18972,N,00855.28411,E,1,08,1.2,-7.0,M,44.7,M,,*60
3013 1627470376 0 7 $GNGGA,110617.000,4424.19058,N,00855.28377,E,1,08,1.2,-5.5,M,44.7,M,,*61
3014 1627470377 0 3 2.53 0.00
3017 1627470377 0 6 0.10
3018 1627470377 0 8 4.98 12.35 11.87
3019 1627470377 0 1 1.723
3020 1627470377 0 7 $GNGGA,110618.000,4424.19141,N,00855.28337,E,1,08,1.2,-4.5,M,44.7,M,,*62
3021 1627470378 0 0 25.42 8.25 168.8 61.34 101.6 6.39 156.2 18.6 189.6 2.50 41.22 11.4
3022 1627470378 0 7 $GNGGA,110619.000,4424.19213,N,00855.28311,E,1,08,1.2,-3.7,M,44.7,M,,*66
3023 1627470379 0 7 $GNGGA,110620.000,4424.19290,N,00855.28294,E,1,08,1.2,-3.6,M,44.7,M,,*6A
3024 1627470380 0 3 2.53 0.00
3025 1627470380 0 4 2.51 1.43
3026 1627470380 0 5 0.02
3027 1627470380 0 6 0.12
3028 1627470380 0 8 4.98 12.35 11.87
3029 1627470380 0 1 1.845
3030 1627470380 0 7 $GNGGA,110621.000,4424.19371,N,00855.28297,E,1,08,1.2,-3.7,M,44.7,M,,*67
3031 1627470381 0 0 25.42 8.25 168.7 61.32 101.7 6.39 156.1 18.6 189.5 2.56 41.20 11.5
3032 1627470381 0 7 $GNGGA,110622.000,4424.19461,N,00855.28285,E,1,08,1.2,-4.3,M,44.7,M,,*62
3033 1627470382 0 7 $GNGGA,110623.000,4424.19532,N,00855.28271,E,1,08,1.2,-4.5,M,44.7,M,,*69
3034 1627470383 0 3 2.53 0.00
3037 1627470383 0 6 0.13
3038 1627470383 0 8 4.98 12.35 11.89
3039 1627470383 0 1 1.805
3040 1627470383 0 7 $GNGGA,110624.000,4424.19594,N,00855.28253,E,1,08,1.2,-5.0,M,44.7,M,,*66
3041 1627470384 0 0 25.43 8.25 168.7 61.38 101.8 6.40 156.1 18.6 189.1 2.61 41.24 11.5
3042 1627470384 0 7 $GNGGA,110625.000,4424.19661,N,00855.28243,E,1,08,1.2,-5.6,M,44.7,M,,*69
3043 1627470385 0 7 $GNGGA,110626.000,4424.19734,N,00855.28231,E,1,08,1.2,-6.2,M,44.7,M,,*69
3044 1627470386 0 3 2.53 0.00
3047 1627470386 0 6 0.09
3048 1627470386 0 8 4.98 12.35 11.87
3049 1627470386 0 1 1.892
3050 1627470386 0 7 $GNGGA,110627.000,4424.19812,N,00855.28211,E,1,08,1.2,-6.5,M,44.7,M,,*66
3051 1627470387 0 0 25.43 8.25 168.8 61.35 101.8 6.40 156.1 18.6 189.2 2.60 41.22 11.5
3052 1627470387 0 7 $GNGGA,110628.000,4424.19896,N,00855.28195,E,1,08,1.2,-6.6,M,44.7,M,,*69
3053 1627470388 0 7 $GNGGA,110629.000,4424.19963,N,00855.28202,E,1,08,1.2,-6.6,M,44.7,M,,*6E
3054 1627470389 0 3 2.53 0.00
3055 1627470389 0 4 2.51 1.43
3056 1627470389 0 5 0.02
3057 1627470389 0 6 0.11
3058 1627470389 0 8 4.98 12.36 11.87
3059 1627470389 0 1 1.782
3060 1627470389 0 7 $GNGGA,110630.000,4424.20015,N,00855.28235,E,1,08,1.2,-6.3,M,44.7,M,,*65
3061 1627470390 0 0 25.43 8.25 168.7 61.38 101.8 6.40 156.1 18.6 189.0 2.57 41.25 11.4
3062 1627470390 0 7 $GNGGA,110631.000,4424.20054,N,00855.28278,E,1,08,1.2,-5.9,M,44.7,M,,*61
3063 1627470391 0 7 $GNGGA,110632.000,4424.20097,N,00855.28306,E,1,08,1.2,-5.4,M,44.7,M,,*68
3064 1627470392 0 3 2.53 0.00
3065 1627470392 0 4 2.51 1.42
3066 1627470392 0 5 0.02
3067 1627470392 0 6 0.14
3068 1627470392 0 8 4.98 12.35 11.87
3069 1627470392 0 1 1.927
3070 1627470392 0 7 $GNGGA,110633.000,4424.20131,N,00855.28332,E,1,08,1.2,-4.6,M,44.7,M,,*60
3071 1627470393 0 0 25.42 8.25 168.8 61.35 101.8 6.40 156.3 18.6 189.7 2.58 41.23 11.5
3072 1627470393 0 7 $GNGGA,110634.000,4424.20165,N,00855.28349,E,1,08,1.2,-4.5,M,44.7,M,,*69
3073 1627470394 0 7 $GNGGA,110635.000,4424.20195,N,00855.28357,E,1,08,1.2,-4.0,M,44.7,M,,*6D
3074 1627470395 0 3 2.53 0.00
3077 1627470395 0 6 0.14
3078 1627470395 0 8 4.98 12.35 11.87
3079 1627470395 0 1 2.008
3080 1627470395 0 7 $GNGGA,110636.000,4424.20235,N,00855.28353,E,1,08,1.2,-4.0,M,44.7,M,,*63
3081 1627470396 0 0 25.43 8.25 168.8 61.34 101.8 6.40 156.1 18.6 189.2 2.61 41.22 11.5
3082 1627470396 0 7 $GNGGA,110637.000,4424.20290,N,00855.28341,E,1,08,1.2,-3.8,M,44.7,M,,*61
3083 1627470397 0 7 $GNGGA,110638.000,4424.20358,N,00855.28317,E,1,08,1.2,-3.8,M,44.7,M,,*68
3084 1627470398 0 3 2.53 0.00
3085 1627470398 0 4 2.51 1.41
3086 1627470398 0 5 0.02
3087 1627470398 0 6 0.13
3088 1627470398 0 8 4.98 12.36 11.87
3089 1627470398 0 1 1.938
3090 1627470398 0 7 $GNGGA,110639.000,4424.20436,N,00855.28272,E,1,08,1.2,-3.9,M,44.7,M,,*65
3091 1627470399 0 0 25.43 8.25 168.8 61.27 101.9 6.40 156.3 18.7 189.1 2.64 41.16 11.5
3092 1627470399 0 7 $GNGGA,110640.000,4424.20514,N,00855.28244,E,1,08,1.2,-4.0,M,44.7,M,,*61
3093 1627470400 0 7 $GNGGA,110641.000,4424.20602,N,00855.28233,E,1,08,1.2,-4.8,M,44.7,M,,*6C
3094 1627470401 0 3 2.53 0.00
3096 1627470401 0 5 0.02
3097 1627470401 0 6 0.12
3098 1627470401 0 8 4.98 12.36 11.87
3099 1627470401 0 1 2.492
3100 1627470401 0 7 $GNGGA,110642.000,4424.20681,N,00855.28234,E,1,08,1.2,-3.9,M,44.7,M,,*65
3101 1627470402 0 0 25.43 8.25 168.7 61.42 101.8 6.40 156.1 18.6 189.3 2.65 41.28 11.5
3102 1627470402 0 7 $GNGGA,110643.000,4424.20764,N,00855.28219,E,1,08,1.2,-3.8,M,44.7,M,,*60
3103 1627470403 0 7 $GNGGA,110644.000,4424.20829,N,00855.28225,E,1,08,1.2,-3.8,M,44.7,M,,*6E
3104 1627470404 0 3 2.53 0.00
3108 1627470404 0 8 4.98 12.36 11.87
3109 1627470404 0 1 2.045
3110 1627470404 0 7 $GNGGA,110645.000,4424.20903,N,00855.28225,E,1,08,1.2,-3.8,M,44.7,M,,*66
3111 1627470405 0 0 25.43 8.25 168.7 61.38 101.9 6.40 156.0 18.6 189.4 2.69 41.25 11.5
3112 1627470405 0 7 $GNGGA,110646.000,4424.20996,N,00855.28244,E,1,08,1.2,-3.8,M,44.7,M,,*6E
3113 1627470406 0 7 $GNGGA,110647.000,4424.21103,N,00855.28262,E,1,08,1.2,-3.8,M,44.7,M,,*6E
3114 1627470407 0 3 2.53 0.00
3115 1627470407 0 4 2.51 1.41
3116 1627470407 0 5 0.02
3117 1627470407 0 6 0.11
3118 1627470407 0 8 4.98 12.35 11.87
3119 1627470407 0 1 1.926
3120 1627470407 0 7 $GNGGA,110648.000,4424.21203,N,00855.28295,E,1,08,1.2,-3.8,M,44.7,M,,*6A
3121 1627470408 0 0 25.43 8.25 168.8 61.36 101.9 6.40 156.1 18.6 189.3 2.63 41.23 11.5
3122 1627470408 0 7 $GNGGA,110649.000,4424.21299,N,00855.28351,E,1,08,1.2,-3.8,M,44.7,M,,*61
3123 1627470409 0 7 $GNGGA,110650.000,4424.21393,N,00855.28429,E,1,08,1.2,-3.8,M,44.7,M,,*6A
3124 1627470410 0 3 2.53 0.00
3126 1627470410 0 5 0.02
3127 1627470410 0 6 0.10
3128 1627470410 0 8 4.98 12.36 11.87
3129 1627470410 0 1 1.722
3130 1627470410 0 7 $GNGGA,110651.000,4424.21491,N,00855.28510,E,1,08,1.2,-3.7,M,44.7,M,,*6A
3131 1627470411 0 0 25.45 8.25 168.7 61.37 101.9 6.40 156.0 18.6 189.4 2.59 41.24 11.4
3132 1627470411 0 7 $GNGGA,110652.000,4424.21592,N,00855.28588,E,1,08,1.2,-3.6,M,44.7,M,,*6B
3133 1627470412 0 7 $GNGGA,110653.000,4424.21681,N,00855.28681,E,1,08,1.2,-3.6,M,44.7,M,,*61
3134 1627470413 0 3 2.53 0.00
3135 1627470413 0 4 2.51 1.42
3136 1627470413 0 5 0.02
3137 1627470413 0 6 0.13
3138 1627470413 0 8 4.98 12.36 11.87
3139 1627470413 0 1 1.867
3140 1627470413 0 7 $GNGGA,110654.000,4424.21766,N,00855.28779,E,1,08,1.2,-3.6,M,44.7,M,,*68
3141 1627470414 0 0 25.45 8.25 168.7 61.40 101.9 6.40 156.0 18.6 189.3 2.69 41.26 11.5
3142 1627470414 0 7 $GNGGA,110655.000,4424.21855,N,00855.28878,E,1,08,1.2,-3.7,M,44.7,M,,*69
3143 1627470415 0 7 $GNGGA,110656.000,4424.21912,N,00855.28925,E,1,08,1.2,-3.9,M,44.7,M,,*6F
3144 1627470416 0 3 2.53 0.00
3145 1627470416 0 4 2.51 1.41
3146 1627470416 0 5 0.02
3147 1627470416 0 6 0.11
3148 1627470416 0 8 4.98 12.36 11.87
3149 1627470416 0 1 1.772
3150 1627470416 0 7 $GNGGA,110657.000,4424.22005,N,00855.28933,E,1,08,1.2,-4.5,M,44.7,M,,*6E
3151 1627470417 0 0 25.44 8.25 168.7 61.37 101.9 6.41 156.1 18.6 189.1 2.74 41.24 11.5
3152 1627470417 0 7 $GNGGA,110658.000,4424.22088,N,00855.28971,E,1,08,1.2,-5.0,M,44.7,M,,*66
3153 1627470418 0 7 $GNGGA,110659.000,4424.22173,N,00855.28997,E,1,08,1.2,-5.3,M,44.7,M,,*69
3154 1627470419 0 3 2.53 0.00
3156 1627470419 0 5 0.02
3157 1627470419 0 6 0.12
3158 1627470419 0 8 4.98 12.35 11.87
3159 1627470419 0 1 2.088
3160 1627470419 0 7 $GNGGA,110700.000,4424.22266,N,00855.29009,E,1,08,1.2,-5.7,M,44.7,M,,*68
3161 1627470420 0 0 25.44 8.25 168.8 61.39 102.0 6.41 156.1 18.6 189.1 2.73 41.26 11.5
3162 1627470420 0 7 $GNGGA,110701.000,4424.22320,N,00855.29076,E,1,08,1.2,-6.0,M,44.7,M,,*66
3163 1627470421 0 7 $GNGGA,110702.000,4424.22361,N,00855.29146,E,1,08,1.2,-6.9,M,44.7,M,,*6B
3164 1627470422 0 3 2.53 0.00
3165 1627470422 0 4 2.51 1.41
3166 1627470422 0 5 0.02
3167 1627470422 0 6 0.15
3168 1627470422 0 8 4.98 12.36 11.89
3169 1627470422 0 1 2.149
3170 1627470422 0 7 $GNGGA,110703.000,4424.22420,N,00855.29223,E,1,08,1.2,-7.4,M,44.7,M,,*64
3171 1627470423 0 0 25.45 8.25 168.7 61.35 102.0 6.41 156.1 18.7 189.1 2.71 41.22 11.5
3172 1627470423 0 7 $GNGGA,110704.000,4424.22465,N,00855.29286,E,1,08,1.2,-8.1,M,44.7,M,,*67
3173 1627470424 0 7 $GNGGA,110705.000,4424.22516,N,00855.29354,E,1,08,1.2,-8.3,M,44.7,M,,*6F
3174 1627470425 0 3 2.53 0.00
3175 1627470425 0 4 2.51 1.41
3176 1627470425 0 5 0.02
3177 1627470425 0 6 0.13
3178 1627470425 0 8 4.98 12.37 11.87
3179 1627470425 0 1 2.006
3180 1627470425 0 7 $GNGGA,110706.000,4424.22549,N,00855.29429,E,1,08,1.2,-8.8,M,44.7,M,,*60
3181 1627470426 0 0 25.44 8.25 168.8 61.44 102.0 6.41 156.1 18.6 188.9 2.83 41.29 11.5
3182 1627470426 0 7 $GNGGA,110707.000,4424.22580,N,00855.29510,E,1,08,1.2,-9.3,M,44.7,M,,*65
3183 1627470427 0 7 $GNGGA,110708.000,4424.22613,N,00855.29546,E,1,08,1.2,-9.9,M,44.7,M,,*6A
3184 1627470428 0 3 2.53 0.00
3187 1627470428 0 6 0.19
3188 1627470428 0 8 4.98 12.36 11.87
3189 1627470428 0 1 2.631
3190 1627470428 0 7 $GNGGA,110709.000,4424.22638,N,00855.29570,E,1,08,1.2,-10.6,M,44.7,M,,*50
3191 1627470429 0 0 25.44 8.25 168.7 61.36 102.1 6.41 156.0 18.7 188.9 2.91 41.23 11.5
3192 1627470429 0 7 $GNGGA,110710.000,4424.22631,N,00855.29570,E,1,08,1.2,-12.2,M,44.7,M,,*57
3193 1627470430 0 7 $GNGGA,110711.000,4424.22622,N,00855.29592,E,1,08,1.2,-13.1,M,44.7,M,,*5A
3194 1627470431 0 3 2.53 0.00
3195 1627470431 0 4 2.51 1.41
3196 1627470431 0 5 0.02
3197 1627470431 0 6 0.17
3198 1627470431 0 8 4.98 12.36 11.87
3199 1627470431 0 1 2.410
3200 1627470431 0 7 $GNGGA,110712.000,4424.22622,N,00855.29594,E,1,08,1.2,-13.1,M,44.7,M,,*5F
3201 1627470432 0 0 25.41 8.26 168.8 61.43 102.0 6.41 156.5 18.6 189.9 2.90 41.29 11.5
3202 1627470432 0 7 $GNGGA,110713.000,4424.22617,N,00855.29607,E,1,08,1.2,-13.1,M,44.7,M,,*51
3203 1627470433 0 7 $GNGGA,110714.000,4424.22603,N,00855.29594,E,1,08,1.2,-13.1,M,44.7,M,,*5A
3204 1627470434 0 3 2.53 0.00
3205 1627470434 0 4 2.51 1.42
3206 1627470434 0 5 0.02
3207 1627470434 0 6 0.14
3208 1627470434 0 8 4.98 12.23 11.84
3209 1627470434 0 1 2.134
3210 1627470434 0 7 $GNGGA,110715.000,4424.22566,N,00855.29627,E,1,08,1.2,-13.3,M,44.7,M,,*52
3211 1627470435 0 0 25.44 8.26 168.8 61.28 102.0 6.41 156.1 18.7 189.0 2.83 41.17 11.5
3212 1627470435 0 7 $GNGGA,110716.000,4424.22554,N,00855.29668,E,1,08,1.2,-13.4,M,44.7,M,,*5C
3213 1627470436 0 7 $GNGGA,110717.000,4424.22561,N,00855.29677,E,1,08,1.2,-13.7,M,44.7,M,,*56
3214 1627470437 0 3 2.53 0.00
3217 1627470437 0 6 0.15
3218 1627470437 0 8 4.98 12.36 11.87
3219 1627470437 0 1 1.868
3220 1627470437 0 7 $GNGGA,110718.000,4424.22602,N,00855.29674,E,1,08,1.2,-13.9,M,44.7,M,,*52
3221 1627470438 0 0 25.45 8.25 168.7 61.28 102.1 6.41 156.0 18.7 189.1 2.80 41.17 11.5
3222 1627470438 0 7 $GNGGA,110719.000,4424.22673,N,00855.29682,E,1,08,1.2,-13.5,M,44.7,M,,*50
3223 1627470439 0 7 $GNGGA,110720.000,4424.22732,N,00855.29700,E,1,08,1.2,-13.2,M,44.7,M,,*52
3224 1627470440 0 3 2.53 0.00
3225 1627470440 0 4 2.51 1.41
3226 1627470440 0 5 0.02
3227 1627470440 0 6 0.02
3228 1627470440 0 8 4.98 12.33 11.87
3229 1627470440 0 1 2.319
3230 1627470440 0 7 $GNGGA,110721.000,4424.22791,N,00855.29715,E,1,08,1.2,-12.6,M,44.7,M,,*5B
3231 1627470441 0 0 25.42 8.26 168.8 61.30 102.1 6.42 156.3 18.6 189.1 3.05 41.19 11.5
3232 1627470441 0 7 $GNGGA,110722.000,4424.22842,N,00855.29730,E,1,08,1.2,-11.8,M,44.7,M,,*53
3233 1627470442 0 7 $GNGGA,110723.000,4424.22875,N,00855.29755,E,1,08,1.2,-11.4,M,44.7,M,,*59
3234 1627470443 0 3 2.53 0.00
3235 1627470443 0 4 2.51 1.41
3236 1627470443 0 5 0.02
3237 1627470443 0 6 -0.00
3238 1627470443 0 8 4.98 12.19 11.84
3239 1627470443 0 1 2.646
3240 1627470443 0 7 $GNGGA,110724.000,4424.22906,N,00855.29792,E,1,08,1.2,-11.1,M,44.7,M,,*55
3242 1627470444 0 7 $GNGGA,110725.000,4424.22929,N,00855.29820,E,1,08,1.2,-10.8,M,44.7,M,,*57
