/home/matrac-user/Devel/SEPG_2021-07-28/tuttomatrac/data/SEPG_Models/Grids/grid_batimetria.xyz_5.000000x5.000000x2.000000x.mesh
14575 1627462152 0 7 $GNGGA,084913.000,4423.53669,N,00855.96181,E,1,09,1.2,7.3,M,44.7,M,,*4D
14576 1627462152 0 3 2.53 0.00
14577 1627462152 0 4 2.52 1.36
14578 1627462152 0 5 0.02
14579 1627462152 0 6 0.12
14580 1627462152 0 8 4.98 12.20 11.87
14581 1627462153 0 1 1.298
14582 1627462153 0 0 25.36 8.29 195.1 61.31 100.9 6.35 150.3 18.6 199.1 2.93 41.19 11.8
14583 1627462153 0 7 $GNGGA,084914.000,4423.53631,N,00855.96209,E,1,09,1.2,7.5,M,44.7,M,,*42
14584 1627462154 0 7 $GNGGA,084915.000,4423.53588,N,00855.96238,E,1,09,1.2,7.9,M,44.7,M,,*4C
14585 1627462155 0 7 $GNGGA,084916.000,4423.53553,N,00855.96262,E,1,09,1.2,8.3,M,44.7,M,,*43
14586 1627462155 0 3 2.53 0.00
14587 1627462155 0 4 2.52 1.37
14588 1627462155 0 5 0.02
14589 1627462155 0 6 0.11
14590 1627462155 0 8 4.97 12.21 11.84
14591 1627462156 0 1 1.935
14592 1627462156 0 0 25.37 8.28 195.2 61.25 101.0 6.35 150.1 18.6 198.5 2.92 41.15 11.8
14593 1627462156 0 7 $GNGGA,084917.000,4423.53510,N,00855.96284,E,1,09,1.2,9.2,M,44.7,M,,*4D
14594 1627462157 0 7 $GNGGA,084918.000,4423.53452,N,00855.96314,E,1,09,1.2,9.5,M,44.7,M,,*4A
14595 1627462158 0 7 $GNGGA,084919.000,4423.53408,N,00855.96329,E,1,09,1.2,9.8,M,44.7,M,,*47
14596 1627462158 0 3 2.53 0.00
14597 1627462158 0 4 2.52 1.37
14598 1627462158 0 5 0.02
14599 1627462158 0 6 0.16
14600 1627462158 0 8 4.98 12.20 11.84
14601 1627462159 0 1 1.229
14602 1627462159 0 0 25.35 8.29 195.1 61.39 101.0 6.35 150.4 18.6 199.0 2.97 41.25 11.8
14603 1627462159 0 7 $GNGGA,084920.000,4423.53385,N,00855.96368,E,1,09,1.2,9.9,M,44.7,M,,*4B
14604 1627462159 0 2 0.03800000 1.55509996 1.14079999 0.01200000 2.61890006 0.00390000 0.03480000 0.16830000 1.00000000 92.30400085
14605 1627462160 0 7 $GNGGA,084921.000,4423.53378,N,00855.96419,E,1,09,1.2,10.1,M,44.7,M,,*79
14606 1627462161 0 7 $GNGGA,084922.000,4423.53372,N,00855.96470,E,1,09,1.2,10.6,M,44.7,M,,*78
14607 1627462161 0 3 2.53 0.00
14608 1627462161 0 4 2.52 1.37
14609 1627462161 0 5 0.02
14610 1627462161 0 6 0.13
14611 1627462162 0 8 4.97 12.19 11.87
14612 1627462162 0 1 1.422
14613 1627462162 0 0 25.36 8.28 195.2 61.27 101.0 6.36 150.2 18.6 198.6 3.02 41.17 11.8
14614 1627462162 0 7 $GNGGA,084923.000,4423.53361,N,00855.96513,E,1,09,1.2,11.0,M,44.7,M,,*78
14615 1627462163 0 7 $GNGGA,084924.000,4423.53320,N,00855.96532,E,1,09,1.2,11.5,M,44.7,M,,*7C
14616 1627462164 0 7 $GNGGA,084925.000,4423.53276,N,00855.96545,E,1,09,1.2,11.8,M,44.7,M,,*72
14617 1627462164 0 3 2.53 0.00
14618 1627462164 0 4 2.52 1.37
14619 1627462164 0 5 0.02
14620 1627462164 0 6 0.12
14621 1627462164 0 8 4.98 12.20 11.87
14622 1627462165 0 1 1.164
14623 1627462165 0 0 25.37 8.28 195.2 61.28 101.0 6.36 150.2 18.6 198.6 3.09 41.17 11.8
14624 1627462165 0 7 $GNGGA,084926.000,4423.53234,N,00855.96532,E,1,09,1.2,12.4,M,44.7,M,,*78
14625 1627462166 0 7 $GNGGA,084927.000,4423.53154,N,00855.96491,E,1,09,1.2,12.6,M,44.7,M,,*76
14626 1627462167 0 7 $GNGGA,084928.000,4423.53100,N,00855.96478,E,1,09,1.2,12.8,M,44.7,M,,*71
14627 1627462167 0 3 2.53 0.00
14628 1627462167 0 4 2.52 1.36
14629 1627462167 0 5 0.02
14630 1627462167 0 6 0.10
14631 1627462168 0 8 4.97 12.20 11.87
14632 1627462168 0 1 1.235
14633 1627462168 0 0 25.37 8.29 195.2 61.31 101.0 6.36 150.0 18.6 198.6 3.06 41.20 11.8
14634 1627462168 0 7 $GNGGA,084929.000,4423.53060,N,00855.96466,E,1,09,1.2,13.0,M,44.7,M,,*71
14635 1627462169 0 7 $GNGGA,084930.000,4423.53036,N,00855.96458,E,1,09,1.2,13.3,M,44.7,M,,*74
14636 1627462170 0 7 $GNGGA,084931.000,4423.52985,N,00855.96459,E,1,09,1.2,13.2,M,44.7,M,,*75
14637 1627462170 0 3 2.53 0.00
14638 1627462170 0 4 2.52 1.36
14639 1627462170 0 5 0.02
14640 1627462171 0 6 0.18
14641 1627462171 0 8 4.98 12.20 11.84
14642 1627462171 0 1 1.030
14643 1627462171 0 0 25.39 8.29 195.1 61.41 101.0 6.35 149.9 18.6 198.4 3.06 41.27 11.8
14644 1627462171 0 7 $GNGGA,084932.000,4423.52928,N,00855.96437,E,1,09,1.2,13.2,M,44.7,M,,*79
14645 1627462172 0 7 $GNGGA,084933.000,4423.52881,N,00855.96420,E,1,09,1.2,13.2,M,44.7,M,,*7C
14646 1627462173 0 7 $GNGGA,084934.000,4423.52841,N,00855.96404,E,1,09,1.2,13.2,M,44.7,M,,*71
14647 1627462173 0 3 2.53 0.00
14648 1627462173 0 4 2.52 1.37
14649 1627462173 0 5 0.02
14650 1627462173 0 6 0.09
14651 1627462174 0 8 4.98 12.20 11.84
14652 1627462174 0 1 1.114
14653 1627462174 0 0 25.36 8.29 195.2 61.22 101.0 6.36 150.4 18.6 198.7 3.01 41.13 11.8
14654 1627462174 0 7 $GNGGA,084935.000,4423.52803,N,00855.96395,E,1,09,1.2,12.7,M,44.7,M,,*7D
14655 1627462175 0 7 $GNGGA,084936.000,4423.52765,N,00855.96398,E,1,09,1.2,12.3,M,44.7,M,,*78
14656 1627462176 0 7 $GNGGA,084937.000,4423.52716,N,00855.96405,E,1,09,1.2,11.8,M,44.7,M,,*76
14657 1627462176 0 3 2.53 0.00
14658 1627462176 0 4 2.52 1.36
14659 1627462176 0 5 0.02
14660 1627462177 0 6 0.09
14661 1627462177 0 8 4.98 12.20 11.87
14662 1627462177 0 1 1.369
14663 1627462177 0 0 25.36 8.28 195.2 61.31 101.0 6.35 150.2 18.6 198.6 2.99 41.20 11.8
14664 1627462177 0 7 $GNGGA,084938.000,4423.52668,N,00855.96401,E,1,09,1.2,11.5,M,44.7,M,,*78
14665 1627462178 0 7 $GNGGA,084939.000,4423.52630,N,00855.96391,E,1,09,1.2,11.3,M,44.7,M,,*7C
14666 1627462179 0 7 $GNGGA,084940.000,4423.52599,N,00855.96381,E,1,09,1.2,11.0,M,44.7,M,,*70
14667 1627462179 0 3 2.53 0.00
14668 1627462179 0 4 2.52 1.36
14669 1627462179 0 5 0.02
14670 1627462179 0 6 0.14
14671 1627462179 0 8 4.98 12.20 11.84
14672 1627462180 0 1 1.124
14673 1627462180 0 0 25.35 8.29 195.1 61.29 101.0 6.36 150.2 18.6 199.0 3.06 41.18 11.8
14674 1627462180 0 7 $GNGGA,084941.000,4423.52573,N,00855.96370,E,1,09,1.2,10.9,M,44.7,M,,*73
14675 1627462181 0 7 $GNGGA,084942.000,4423.52538,N,00855.96348,E,1,09,1.2,10.8,M,44.7,M,,*75
14676 1627462182 0 7 $GNGGA,084943.000,4423.52499,N,00855.96308,E,1,09,1.2,11.0,M,44.7,M,,*73
14677 1627462182 0 3 2.53 0.00
14678 1627462182 0 4 2.52 1.36
14679 1627462182 0 5 0.02
14680 1627462183 0 6 0.10
14681 1627462183 0 8 4.98 12.19 11.87
14682 1627462183 0 1 1.887
14683 1627462183 0 0 25.35 8.28 195.2 61.29 101.0 6.36 150.4 18.6 198.8 3.03 41.18 11.8
14684 1627462183 0 7 $GNGGA,084944.000,4423.52464,N,00855.96285,E,1,09,1.2,10.4,M,44.7,M,,*77
14685 1627462184 0 7 $GNGGA,084945.000,4423.52424,N,00855.96245,E,1,09,1.2,10.3,M,44.7,M,,*79
14686 1627462185 0 7 $GNGGA,084946.000,4423.52377,N,00855.96201,E,1,09,1.2,10.0,M,44.7,M,,*78
14687 1627462185 0 3 2.53 0.00
14688 1627462185 0 4 2.52 1.36
14689 1627462185 0 5 0.02
14690 1627462185 0 6 -0.00
14691 1627462186 0 8 4.98 12.20 11.84
14692 1627462186 0 1 1.264
14693 1627462186 0 0 25.35 8.29 195.2 61.26 101.0 6.36 150.4 18.6 199.3 2.95 41.16 11.8
14694 1627462186 0 7 $GNGGA,084947.000,4423.52332,N,00855.96171,E,1,09,1.2,9.6,M,44.7,M,,*42
14695 1627462187 0 7 $GNGGA,084948.000,4423.52290,N,00855.96121,E,1,09,1.2,10.0,M,44.7,M,,*7F
14696 1627462188 0 7 $GNGGA,084949.000,4423.52259,N,00855.96068,E,1,09,1.2,10.0,M,44.7,M,,*77
14697 1627462188 0 3 2.53 0.00
14698 1627462188 0 4 2.52 1.36
14699 1627462188 0 5 0.02
14700 1627462189 0 6 0.15
14701 1627462189 0 8 4.98 12.22 11.84
14702 1627462189 0 1 1.031
14703 1627462189 0 0 25.40 8.29 195.2 61.19 101.0 6.35 150.0 18.6 198.3 2.91 41.10 11.8
14704 1627462189 0 7 $GNGGA,084950.000,4423.52232,N,00855.96011,E,1,09,1.2,10.1,M,44.7,M,,*7D
14705 1627462190 0 7 $GNGGA,084951.000,4423.52197,N,00855.95953,E,1,09,1.2,10.3,M,44.7,M,,*7E
14706 1627462191 0 7 $GNGGA,084952.000,4423.52173,N,00855.95907,E,1,09,1.2,10.4,M,44.7,M,,*71
14707 1627462191 0 3 2.53 0.00
14708 1627462191 0 4 2.52 1.36
14709 1627462191 0 5 0.02
14710 1627462191 0 6 0.16
14711 1627462191 0 8 4.98 12.20 11.87
14712 1627462192 0 1 1.010
14713 1627462192 0 0 25.39 8.29 195.1 61.29 101.0 6.35 150.2 18.6 198.7 2.91 41.18 11.9
14714 1627462192 0 7 $GNGGA,084953.000,4423.52158,N,00855.95880,E,1,09,1.2,10.4,M,44.7,M,,*77
14715 1627462193 0 7 $GNGGA,084954.000,4423.52137,N,00855.95842,E,1,09,1.2,10.6,M,44.7,M,,*75
14716 1627462194 0 7 $GNGGA,084955.000,4423.52107,N,00855.95797,E,1,09,1.2,10.1,M,44.7,M,,*77
14717 1627462194 0 3 2.53 0.00
14718 1627462194 0 4 2.52 1.36
14719 1627462194 0 5 0.02
14720 1627462195 0 6 0.16
14721 1627462195 0 8 4.98 12.20 11.87
14722 1627462195 0 1 0.967
14723 1627462195 0 0 25.39 8.29 195.1 61.24 100.9 6.35 150.3 18.6 198.7 2.94 41.14 11.8
14724 1627462195 0 7 $GNGGA,084956.000,4423.52077,N,00855.95742,E,1,09,1.2,9.8,M,44.7,M,,*4B
14725 1627462196 0 7 $GNGGA,084957.000,4423.52043,N,00855.95651,E,1,09,1.2,9.8,M,44.7,M,,*4E
14726 1627462197 0 7 $GNGGA,084958.000,4423.52015,N,00855.95549,E,1,09,1.2,10.1,M,44.7,M,,*79
14727 1627462197 0 3 2.53 0.00
14728 1627462197 0 4 2.52 1.36
14729 1627462197 0 5 0.02
14730 1627462197 0 6 0.18
14731 1627462197 0 8 4.97 12.21 11.87
14732 1627462198 0 1 0.773
14733 1627462198 0 0 25.43 8.29 195.1 61.20 100.9 6.35 149.8 18.6 198.4 2.91 41.11 11.9
14734 1627462198 0 7 $GNGGA,084959.000,4423.51997,N,00855.95457,E,1,09,1.2,10.8,M,44.7,M,,*7F
14735 1627462199 0 7 $GNGGA,085000.000,4423.51958,N,00855.95377,E,1,09,1.2,10.9,M,44.7,M,,*7C
14736 1627462200 0 7 $GNGGA,085001.000,4423.51918,N,00855.95298,E,1,09,1.2,11.5,M,44.7,M,,*74
14737 1627462200 0 3 2.53 0.00
14738 1627462200 0 4 2.52 1.36
14739 1627462200 0 5 0.02
14740 1627462201 0 6 0.14
14741 1627462201 0 8 4.98 12.20 11.84
14742 1627462201 0 1 0.962
14743 1627462201 0 0 25.41 8.29 195.1 61.33 100.8 6.34 150.2 18.6 198.9 2.81 41.21 11.9
14744 1627462201 0 7 $GNGGA,085002.000,4423.51886,N,00855.95224,E,1,09,1.2,11.7,M,44.7,M,,*74
14745 1627462202 0 7 $GNGGA,085003.000,4423.51868,N,00855.95149,E,1,09,1.2,11.6,M,44.7,M,,*7C
14746 1627462203 0 7 $GNGGA,085004.000,4423.51852,N,00855.95072,E,1,09,1.2,11.6,M,44.7,M,,*7B
14747 1627462203 0 3 2.53 0.00
14748 1627462203 0 4 2.52 1.36
14749 1627462203 0 5 0.02
14750 1627462203 0 6 0.14
14751 1627462203 0 8 4.98 12.21 11.84
14752 1627462204 0 1 1.273
14753 1627462204 0 0 25.37 8.29 195.1 61.39 100.8 6.34 150.7 18.5 201.3 2.81 41.25 11.9
14754 1627462204 0 7 $GNGGA,085005.000,4423.51838,N,00855.95002,E,1,09,1.2,11.5,M,44.7,M,,*72
14755 1627462205 0 7 $GNGGA,085006.000,4423.51831,N,00855.94933,E,1,09,1.2,11.9,M,44.7,M,,*7E
14756 1627462206 0 7 $GNGGA,085007.000,4423.51808,N,00855.94864,E,1,09,1.2,12.1,M,44.7,M,,*7D
14757 1627462206 0 3 2.53 0.00
14758 1627462206 0 4 2.52 1.36
14759 1627462206 0 5 0.02
14760 1627462207 0 6 0.16
14761 1627462207 0 8 4.98 12.20 11.87
14762 1627462207 0 1 0.951
14763 1627462207 0 0 25.36 8.28 195.2 61.34 100.8 6.34 150.5 18.5 198.8 2.86 41.22 11.8
14764 1627462207 0 7 $GNGGA,085008.000,4423.51796,N,00855.94783,E,1,09,1.2,11.9,M,44.7,M,,*77
14765 1627462208 0 7 $GNGGA,085009.000,4423.51783,N,00855.94686,E,1,09,1.2,12.4,M,44.7,M,,*78
14766 1627462209 0 7 $GNGGA,085010.000,4423.51774,N,00855.94590,E,1,09,1.2,12.7,M,44.7,M,,*7F
14767 1627462209 0 3 2.53 0.00
14768 1627462209 0 4 2.52 1.36
14769 1627462209 0 5 0.02
14770 1627462209 0 6 0.18
14771 1627462209 0 8 4.98 12.21 11.87
14772 1627462210 0 1 1.822
14773 1627462210 0 0 25.37 8.29 195.1 61.37 100.8 6.34 150.6 18.6 200.2 2.82 41.24 11.9
14774 1627462210 0 7 $GNGGA,085011.000,4423.51783,N,00855.94524,E,1,09,1.2,13.3,M,44.7,M,,*7C
14775 1627462211 0 7 $GNGGA,085012.000,4423.51796,N,00855.94494,E,1,09,1.2,13.7,M,44.7,M,,*75
14776 1627462212 0 7 $GNGGA,085013.000,4423.51805,N,00855.94449,E,1,09,1.2,14.1,M,44.7,M,,*70
14777 1627462212 0 3 2.53 0.00
14778 1627462212 0 4 2.52 1.36
14779 1627462212 0 5 0.02
14780 1627462213 0 6 0.22
14781 1627462213 0 8 4.98 12.21 11.84
14782 1627462213 0 1 1.014
14783 1627462213 0 0 25.36 8.29 195.1 61.28 100.7 6.34 150.8 18.6 200.1 2.64 41.17 11.9
14784 1627462213 0 7 $GNGGA,085014.000,4423.51811,N,00855.94401,E,1,09,1.2,14.1,M,44.7,M,,*7E
14785 1627462214 0 7 $GNGGA,085015.000,4423.51826,N,00855.94352,E,1,09,1.2,14.0,M,44.7,M,,*7B
14786 1627462215 0 7 $GNGGA,085016.000,4423.51838,N,00855.94291,E,1,09,1.2,13.8,M,44.7,M,,*76
14787 1627462215 0 3 2.53 0.00
14788 1627462215 0 4 2.52 1.36
14789 1627462215 0 5 0.02
14790 1627462215 0 6 0.24
14791 1627462215 0 8 4.98 12.20 11.84
14792 1627462216 0 1 0.863
14793 1627462216 0 0 25.40 8.29 195.1 61.27 100.7 6.34 150.2 18.6 198.6 2.68 41.16 11.8
14794 1627462216 0 7 $GNGGA,085017.000,4423.51841,N,00855.94212,E,1,09,1.2,13.8,M,44.7,M,,*72
14795 1627462217 0 7 $GNGGA,085018.000,4423.51847,N,00855.94133,E,1,09,1.2,13.6,M,44.7,M,,*75
14796 1627462218 0 7 $GNGGA,085019.000,4423.51861,N,00855.94045,E,1,09,1.2,13.3,M,44.7,M,,*75
14797 1627462218 0 3 2.53 0.00
14798 1627462218 0 4 2.52 1.36
14799 1627462218 0 5 0.02
14800 1627462219 0 6 0.18
14801 1627462219 0 8 4.98 12.20 11.87
14802 1627462219 0 1 0.927
14803 1627462219 0 0 25.36 8.28 195.2 61.34 100.7 6.34 150.8 18.6 200.4 2.69 41.21 11.8
14804 1627462219 0 7 $GNGGA,085020.000,4423.51880,N,00855.93966,E,1,09,1.2,13.1,M,44.7,M,,*7D
14805 1627462220 0 7 $GNGGA,085021.000,4423.51896,N,00855.93901,E,1,09,1.2,13.0,M,44.7,M,,*7B
14806 1627462221 0 7 $GNGGA,085022.000,4423.51920,N,00855.93839,E,1,09,1.2,13.0,M,44.7,M,,*7E
14807 1627462221 0 3 2.53 0.00
14808 1627462221 0 4 2.52 1.36
14809 1627462221 0 5 0.02
14810 1627462221 0 6 0.14
14811 1627462221 0 8 4.97 12.06 11.84
14812 1627462222 0 1 0.935
14813 1627462222 0 0 25.37 8.29 195.1 61.33 100.7 6.33 150.7 18.6 199.9 2.56 41.21 11.9
14814 1627462222 0 7 $GNGGA,085023.000,4423.51940,N,00855.93780,E,1,09,1.2,13.0,M,44.7,M,,*74
14815 1627462223 0 7 $GNGGA,085024.000,4423.51962,N,00855.93729,E,1,09,1.2,13.1,M,44.7,M,,*71
14816 1627462224 0 7 $GNGGA,085025.000,4423.51986,N,00855.93683,E,1,09,1.2,13.3,M,44.7,M,,*79
14817 1627462224 0 3 2.53 0.00
14818 1627462224 0 4 2.52 1.36
14819 1627462224 0 5 0.02
14820 1627462225 0 6 0.15
14821 1627462225 0 8 4.98 12.20 11.84
14822 1627462225 0 1 0.929
14823 1627462225 0 0 25.38 8.29 195.1 61.32 100.6 6.33 150.8 18.5 200.2 2.43 41.20 11.9
14824 1627462225 0 7 $GNGGA,085026.000,4423.52023,N,00855.93627,E,1,09,1.2,13.4,M,44.7,M,,*76
14825 1627462226 0 7 $GNGGA,085027.000,4423.52062,N,00855.93564,E,1,09,1.2,13.3,M,44.7,M,,*71
14826 1627462227 0 7 $GNGGA,085028.000,4423.52097,N,00855.93497,E,1,09,1.2,13.2,M,44.7,M,,*78
14827 1627462227 0 3 2.53 0.00
14828 1627462227 0 4 2.52 1.37
14829 1627462227 0 5 0.02
14830 1627462227 0 6 0.22
14831 1627462227 0 8 4.98 12.11 11.84
14832 1627462228 0 1 0.869
14833 1627462228 0 0 25.40 8.28 195.1 61.41 100.6 6.32 150.4 18.5 199.5 2.39 41.27 11.8
14834 1627462228 0 7 $GNGGA,085029.000,4423.52140,N,00855.93424,E,1,09,1.2,12.6,M,44.7,M,,*7F
14835 1627462229 0 7 $GNGGA,085030.000,4423.52189,N,00855.93354,E,1,09,1.2,12.3,M,44.7,M,,*77
14836 1627462230 0 7 $GNGGA,085031.000,4423.52229,N,00855.93289,E,1,09,1.2,12.1,M,44.7,M,,*7C
14837 1627462230 0 3 2.53 0.00
14838 1627462230 0 4 2.52 1.37
14839 1627462230 0 5 0.02
14840 1627462231 0 6 0.20
14841 1627462231 0 8 4.97 12.05 11.84
14842 1627462231 0 1 1.056
14843 1627462231 0 0 25.41 8.29 195.1 61.23 100.5 6.32 150.5 18.5 200.2 2.35 41.13 11.9
14844 1627462231 0 7 $GNGGA,085032.000,4423.52262,N,00855.93229,E,1,09,1.2,11.9,M,44.7,M,,*71
14845 1627462232 0 7 $GNGGA,085033.000,4423.52297,N,00855.93174,E,1,09,1.2,11.8,M,44.7,M,,*70
14846 1627462233 0 7 $GNGGA,085034.000,4423.52341,N,00855.93111,E,1,09,1.2,12.1,M,44.7,M,,*74
14847 1627462233 0 3 2.53 0.00
14848 1627462233 0 4 2.52 1.37
14849 1627462233 0 5 0.02
14850 1627462233 0 6 0.20
14851 1627462233 0 8 4.98 12.20 11.87
14852 1627462234 0 1 0.895
14853 1627462234 0 0 25.42 8.29 195.1 61.30 100.5 6.32 150.6 18.5 199.9 2.22 41.18 11.9
14854 1627462234 0 7 $GNGGA,085035.000,4423.52378,N,00855.93030,E,1,09,1.2,12.3,M,44.7,M,,*7F
14855 1627462235 0 7 $GNGGA,085036.000,4423.52397,N,00855.92933,E,1,09,1.2,12.5,M,44.7,M,,*70
14856 1627462236 0 7 $GNGGA,085037.000,4423.52434,N,00855.92851,E,1,09,1.2,12.9,M,44.7,M,,*76
14857 1627462236 0 3 2.52 0.00
14858 1627462236 0 4 2.52 1.37
14859 1627462236 0 5 0.02
14860 1627462237 0 6 0.15
14861 1627462237 0 8 4.97 12.06 11.84
14862 1627462237 0 1 1.779
14863 1627462237 0 0 25.40 8.28 195.1 61.31 100.5 6.32 150.8 18.5 200.6 2.12 41.19 11.9
14864 1627462237 0 7 $GNGGA,085038.000,4423.52488,N,00855.92783,E,1,09,1.2,13.3,M,44.7,M,,*75
14865 1627462238 0 7 $GNGGA,085039.000,4423.52533,N,00855.92713,E,1,09,1.2,13.7,M,44.7,M,,*78
14866 1627462239 0 7 $GNGGA,085040.000,4423.52563,N,00855.92636,E,1,09,1.2,14.2,M,44.7,M,,*77
14867 1627462239 0 3 2.52 0.00
14868 1627462239 0 4 2.52 1.37
14869 1627462239 0 5 0.02
14870 1627462239 0 6 0.18
14871 1627462240 0 8 4.98 12.21 11.84
14872 1627462240 0 1 0.901
14873 1627462240 0 0 25.38 8.29 195.1 61.32 100.4 6.32 150.9 18.5 200.4 2.09 41.20 11.9
14874 1627462240 0 7 $GNGGA,085041.000,4423.52596,N,00855.92578,E,1,09,1.2,14.6,M,44.7,M,,*71
14875 1627462241 0 7 $GNGGA,085042.000,4423.52632,N,00855.92522,E,1,09,1.2,14.9,M,44.7,M,,*7F
14876 1627462242 0 7 $GNGGA,085043.000,4423.52672,N,00855.92476,E,1,09,1.2,15.0,M,44.7,M,,*72
14877 1627462242 0 3 2.53 0.00
14878 1627462242 0 4 2.52 1.37
14879 1627462242 0 5 0.02
14880 1627462243 0 6 0.19
14881 1627462243 0 8 4.98 12.20 11.87
14882 1627462243 0 1 1.024
14883 1627462243 0 0 25.38 8.29 195.1 61.25 100.4 6.31 150.9 18.5 201.2 2.04 41.15 11.9
14884 1627462243 0 7 $GNGGA,085044.000,4423.52718,N,00855.92403,E,1,09,1.2,14.5,M,44.7,M,,*7E
14885 1627462244 0 7 $GNGGA,085045.000,4423.52752,N,00855.92332,E,1,09,1.2,14.0,M,44.7,M,,*71
14886 1627462245 0 7 $GNGGA,085046.000,4423.52792,N,00855.92245,E,1,09,1.2,13.8,M,44.7,M,,*70
14887 1627462245 0 3 2.52 0.00
14888 1627462245 0 4 2.52 1.37
14889 1627462245 0 5 0.02
14890 1627462245 0 6 0.17
14891 1627462246 0 8 4.98 12.22 11.84
14892 1627462246 0 1 0.881
14893 1627462246 0 0 25.38 8.28 195.1 61.41 100.3 6.31 150.9 18.5 200.0 1.93 41.27 11.8
14894 1627462246 0 7 $GNGGA,085047.000,4423.52830,N,00855.92155,E,1,09,1.2,13.7,M,44.7,M,,*7B
14895 1627462247 0 7 $GNGGA,085048.000,4423.52864,N,00855.92059,E,1,09,1.2,13.6,M,44.7,M,,*79
14896 1627462248 0 7 $GNGGA,085049.000,4423.52909,N,00855.91974,E,1,09,1.2,13.4,M,44.7,M,,*75
14897 1627462248 0 3 2.52 0.00
14898 1627462248 0 4 2.52 1.37
14899 1627462249 0 5 0.02
14900 1627462249 0 6 0.20
14901 1627462249 0 8 4.97 12.23 11.87
14902 1627462249 0 1 0.858
14903 1627462249 0 0 25.39 8.28 195.0 61.29 100.3 6.31 150.8 18.5 200.4 1.87 41.18 11.8
14904 1627462249 0 7 $GNGGA,085050.000,4423.52954,N,00855.91892,E,1,09,1.2,13.0,M,44.7,M,,*78
14905 1627462250 0 7 $GNGGA,085051.000,4423.52993,N,00855.91823,E,1,09,1.2,12.1,M,44.7,M,,*78
14906 1627462251 0 7 $GNGGA,085052.000,4423.53049,N,00855.91749,E,1,09,1.2,11.2,M,44.7,M,,*77
14907 1627462251 0 3 2.52 0.00
14908 1627462251 0 4 2.52 1.37
14909 1627462251 0 5 0.02
14910 1627462251 0 6 0.18
14911 1627462252 0 8 4.98 12.22 11.84
14912 1627462252 0 1 0.848
14913 1627462252 0 0 25.40 8.29 195.0 61.23 100.3 6.31 150.6 18.5 199.8 1.91 41.13 11.9
14914 1627462252 0 7 $GNGGA,085053.000,4423.53089,N,00855.91671,E,1,09,1.2,10.8,M,44.7,M,,*7B
14915 1627462253 0 7 $GNGGA,085054.000,4423.53138,N,00855.91569,E,1,09,1.2,10.4,M,44.7,M,,*71
14916 1627462254 0 7 $GNGGA,085055.000,4423.53180,N,00855.91469,E,1,09,1.2,10.0,M,44.7,M,,*76
14917 1627462254 0 3 2.52 0.00
14918 1627462254 0 4 2.52 1.37
14920 1627462255 0 6 0.19
14921 1627462255 0 8 4.98 12.22 11.84
14922 1627462255 0 1 0.872
14923 1627462255 0 0 25.41 8.29 195.0 61.31 100.2 6.30 150.5 18.5 200.4 1.93 41.19 11.9
14924 1627462255 0 7 $GNGGA,085056.000,4423.53210,N,00855.91372,E,1,09,1.2,9.9,M,44.7,M,,*43
14925 1627462256 0 7 $GNGGA,085057.000,4423.53247,N,00855.91268,E,1,09,1.2,9.7,M,44.7,M,,*44
14926 1627462257 0 7 $GNGGA,085058.000,4423.53277,N,00855.91147,E,1,09,1.2,9.7,M,44.7,M,,*46
14927 1627462257 0 3 2.52 0.00
14928 1627462257 0 4 2.52 1.37
14929 1627462257 0 5 0.02
14930 1627462257 0 6 0.17
14931 1627462258 0 8 4.98 12.23 11.87
14932 1627462258 0 1 0.878
14933 1627462258 0 0 25.40 8.29 195.0 61.31 100.2 6.30 150.6 18.5 200.5 1.88 41.20 11.9
14934 1627462258 0 7 $GNGGA,085059.000,4423.53311,N,00855.91037,E,1,09,1.2,9.5,M,44.7,M,,*42
14935 1627462259 0 7 $GNGGA,085100.000,4423.53359,N,00855.90933,E,1,09,1.2,9.4,M,44.7,M,,*4E
14936 1627462260 0 7 $GNGGA,085101.000,4423.53409,N,00855.90821,E,1,09,1.2,9.7,M,44.7,M,,*4C
14937 1627462260 0 3 2.52 0.00
14938 1627462260 0 4 2.52 1.37
14939 1627462260 0 5 0.02
14940 1627462261 0 6 0.14
14941 1627462261 0 8 4.97 12.22 11.87
14942 1627462261 0 1 1.009
14943 1627462261 0 0 25.38 8.29 195.0 61.31 100.2 6.30 151.1 18.5 201.6 1.77 41.19 11.9
14944 1627462261 0 7 $GNGGA,085102.000,4423.53448,N,00855.90705,E,1,09,1.2,10.3,M,44.7,M,,*7F
14945 1627462262 0 7 $GNGGA,085103.000,4423.53487,N,00855.90595,E,1,09,1.2,11.0,M,44.7,M,,*74
14946 1627462263 0 7 $GNGGA,085104.000,4423.53521,N,00855.90495,E,1,09,1.2,11.7,M,44.7,M,,*78
14947 1627462263 0 3 2.52 0.00
14948 1627462263 0 4 2.51 1.37
14949 1627462263 0 5 0.02
14950 1627462263 0 6 0.17
14951 1627462264 0 8 4.98 12.23 11.87
14952 1627462264 0 1 1.630
14953 1627462264 0 0 25.35 8.28 195.0 61.31 100.2 6.30 151.4 18.5 201.3 1.74 41.19 11.8
14954 1627462264 0 7 $GNGGA,085105.000,4423.53556,N,00855.90396,E,1,09,1.2,12.4,M,44.7,M,,*7D
14955 1627462265 0 7 $GNGGA,085106.000,4423.53619,N,00855.90329,E,1,09,1.2,12.9,M,44.7,M,,*7F
14956 1627462266 0 7 $GNGGA,085107.000,4423.53684,N,00855.90273,E,1,09,1.2,13.3,M,44.7,M,,*7F
14957 1627462266 0 3 2.52 0.00
14958 1627462266 0 4 2.51 1.37
14959 1627462267 0 5 0.02
14960 1627462267 0 6 0.18
14961 1627462267 0 8 4.98 12.22 11.84
14962 1627462267 0 1 1.040
14963 1627462267 0 0 25.30 8.28 195.0 61.36 100.1 6.31 151.6 18.5 201.5 1.73 41.23 11.8
14964 1627462267 0 7 $GNGGA,085108.000,4423.53733,N,00855.90213,E,1,09,1.2,13.7,M,44.7,M,,*7F
14965 1627462268 0 7 $GNGGA,085109.000,4423.53795,N,00855.90142,E,1,09,1.2,14.0,M,44.7,M,,*75
14966 1627462269 0 7 $GNGGA,085110.000,4423.53873,N,00855.90062,E,1,09,1.2,13.9,M,44.7,M,,*77
14967 1627462269 0 3 2.52 0.00
14968 1627462269 0 4 2.51 1.38
14969 1627462269 0 5 0.02
14970 1627462270 0 6 0.19
14971 1627462270 0 8 4.98 12.23 11.87
14972 1627462270 0 1 1.035
14973 1627462270 0 0 25.30 8.28 195.0 61.31 100.1 6.31 151.5 18.5 201.4 1.55 41.19 11.7
14974 1627462270 0 7 $GNGGA,085111.000,4423.53941,N,00855.89978,E,1,09,1.2,14.0,M,44.7,M,,*72
14975 1627462271 0 7 $GNGGA,085112.000,4423.54006,N,00855.89907,E,1,09,1.2,14.1,M,44.7,M,,*75
14976 1627462272 0 7 $GNGGA,085113.000,4423.54080,N,00855.89858,E,1,09,1.2,14.4,M,44.7,M,,*74
14977 1627462272 0 3 2.52 0.00
14978 1627462272 0 4 2.51 1.37
14979 1627462272 0 5 0.02
14980 1627462273 0 6 0.13
14981 1627462273 0 8 4.97 12.23 11.84
14982 1627462273 0 1 1.009
14983 1627462273 0 0 25.30 8.28 195.0 61.30 100.1 6.31 151.3 18.5 201.3 1.47 41.19 11.7
14984 1627462273 0 7 $GNGGA,085114.000,4423.54139,N,00855.89788,E,1,09,1.2,14.6,M,44.7,M,,*70
14985 1627462274 0 7 $GNGGA,085115.000,4423.54185,N,00855.89693,E,1,09,1.2,14.9,M,44.7,M,,*72
14986 1627462275 0 7 $GNGGA,085116.000,4423.54225,N,00855.89594,E,1,09,1.2,15.2,M,44.7,M,,*76
14987 1627462275 0 3 2.52 0.00
14988 1627462275 0 4 2.51 1.37
14989 1627462275 0 5 0.02
14990 1627462275 0 6 0.17
14991 1627462275 0 8 4.98 12.23 11.84
14992 1627462275 0 1 0.949
14993 1627462276 0 0 25.30 8.28 195.0 61.22 100.1 6.31 151.3 18.4 200.5 1.53 41.13 11.7
14994 1627462276 0 7 $GNGGA,085117.000,4423.54275,N,00855.89503,E,1,09,1.2,14.7,M,44.7,M,,*78
14995 1627462277 0 7 $GNGGA,085118.000,4423.54335,N,00855.89415,E,1,09,1.2,14.3,M,44.7,M,,*70
14996 1627462278 0 7 $GNGGA,085119.000,4423.54395,N,00855.89316,E,1,09,1.2,13.9,M,44.7,M,,*72
14997 1627462278 0 3 2.52 0.00
14998 1627462278 0 4 2.51 1.37
14999 1627462278 0 5 0.02
15000 1627462278 0 6 0.18
15001 1627462278 0 8 4.98 12.23 11.87
15002 1627462279 0 1 0.931
15003 1627462279 0 0 25.31 8.28 195.0 61.26 100.1 6.30 151.1 18.5 199.9 1.52 41.16 11.7
15004 1627462279 0 7 $GNGGA,085120.000,4423.54453,N,00855.89223,E,1,09,1.2,13.3,M,44.7,M,,*78
15005 1627462279 0 2 0.06180000 0.86999998 1.05480003 0.00670000 2.64170002 0.00570000 0.02780000 0.27379999 1.00000000 93.80200195
15006 1627462280 0 7 $GNGGA,085121.000,4423.54504,N,00855.89127,E,1,09,1.2,13.0,M,44.7,M,,*7E
15007 1627462281 0 7 $GNGGA,085122.000,4423.54557,N,00855.89023,E,1,09,1.2,12.8,M,44.7,M,,*77
15008 1627462281 0 3 2.52 0.00
15009 1627462281 0 4 2.51 1.37
15010 1627462281 0 5 0.02
15011 1627462281 0 6 0.18
15012 1627462281 0 8 4.97 12.23 11.87
15013 1627462282 0 1 1.088
15014 1627462282 0 0 25.32 8.28 195.0 61.23 100.0 6.30 151.1 18.5 200.8 1.46 41.13 11.7
15015 1627462282 0 7 $GNGGA,085123.000,4423.54612,N,00855.88914,E,1,09,1.2,12.2,M,44.7,M,,*72
15016 1627462283 0 7 $GNGGA,085124.000,4423.54658,N,00855.88824,E,1,09,1.2,11.6,M,44.7,M,,*7E
15017 1627462284 0 7 $GNGGA,085125.000,4423.54679,N,00855.88723,E,1,09,1.2,10.9,M,44.7,M,,*7A
15018 1627462284 0 3 2.52 0.00
15019 1627462284 0 4 2.51 1.37
15020 1627462284 0 5 0.02
15021 1627462284 0 6 0.16
15022 1627462284 0 8 4.98 12.24 11.84
15023 1627462285 0 1 1.012
15024 1627462285 0 0 25.33 8.28 195.0 61.37 100.0 6.30 151.1 18.5 200.2 1.41 41.24 11.7
15025 1627462285 0 7 $GNGGA,085126.000,4423.54720,N,00855.88633,E,1,09,1.2,10.6,M,44.7,M,,*7B
15026 1627462286 0 7 $GNGGA,085127.000,4423.54779,N,00855.88535,E,1,09,1.2,10.0,M,44.7,M,,*75
15027 1627462287 0 7 $GNGGA,085128.000,4423.54835,N,00855.88456,E,1,09,1.2,9.2,M,44.7,M,,*43
15028 1627462287 0 3 2.52 0.00
15029 1627462287 0 4 2.51 1.37
15030 1627462287 0 5 0.02
15031 1627462287 0 6 0.17
15032 1627462287 0 8 4.98 12.26 11.87
15033 1627462287 0 1 1.043
15034 1627462288 0 0 25.32 8.28 194.9 61.25 100.0 6.30 151.0 18.5 200.1 1.45 41.15 11.7
15035 1627462288 0 7 $GNGGA,085129.000,4423.54891,N,00855.88373,E,1,09,1.2,8.7,M,44.7,M,,*48
15036 1627462289 0 7 $GNGGA,085130.000,4423.54941,N,00855.88272,E,1,09,1.2,8.1,M,44.7,M,,*4A
15037 1627462290 0 7 $GNGGA,085131.000,4423.54993,N,00855.88161,E,1,10,1.1,8.1,M,44.7,M,,*4E
15038 1627462290 0 3 2.52 0.00
15039 1627462290 0 4 2.51 1.37
15040 1627462290 0 5 0.02
15041 1627462290 0 6 0.15
15042 1627462290 0 8 4.98 12.25 11.87
15043 1627462291 0 1 1.686
15044 1627462291 0 0 25.32 8.28 194.9 61.29 100.0 6.30 151.1 18.5 200.2 1.48 41.18 11.7
15045 1627462291 0 7 $GNGGA,085132.000,4423.55045,N,00855.88052,E,1,10,1.1,7.9,M,44.7,M,,*48
15046 1627462292 0 7 $GNGGA,085133.000,4423.55100,N,00855.87959,E,1,10,1.1,7.9,M,44.7,M,,*44
15047 1627462293 0 7 $GNGGA,085134.000,4423.55155,N,00855.87900,E,1,10,1.1,7.9,M,44.7,M,,*4F
15048 1627462293 0 3 2.52 0.00
15049 1627462293 0 4 2.51 1.37
15050 1627462293 0 5 0.02
15051 1627462293 0 6 0.14
15052 1627462293 0 8 4.98 12.26 11.87
15053 1627462293 0 1 0.970
15054 1627462294 0 0 25.33 8.28 194.9 61.26 99.9 6.29 151.0 18.5 200.4 1.55 41.16 11.7
15055 1627462294 0 7 $GNGGA,085135.000,4423.55203,N,00855.87830,E,1,10,1.1,7.9,M,44.7,M,,*4C
15056 1627462295 0 7 $GNGGA,085136.000,4423.55251,N,00855.87735,E,1,10,1.1,7.7,M,44.7,M,,*4C
15057 1627462296 0 7 $GNGGA,085137.000,4423.55288,N,00855.87634,E,1,10,1.1,7.4,M,44.7,M,,*4A
15058 1627462296 0 3 2.52 0.00
15059 1627462296 0 4 2.51 1.37
15060 1627462296 0 5 0.02
15061 1627462296 0 6 0.16
15062 1627462296 0 8 4.97 12.26 11.84
15063 1627462297 0 1 1.140
15064 1627462297 0 0 25.34 8.28 194.9 61.29 99.9 6.29 150.9 18.5 200.0 1.46 41.18 11.7
15065 1627462297 0 7 $GNGGA,085138.000,4423.55337,N,00855.87535,E,1,10,1.1,7.0,M,44.7,M,,*46
15066 1627462298 0 7 $GNGGA,085139.000,4423.55397,N,00855.87438,E,1,10,1.1,7.1,M,44.7,M,,*40
15067 1627462299 0 7 $GNGGA,085140.000,4423.55455,N,00855.87352,E,1,10,1.1,7.4,M,44.7,M,,*49
15068 1627462299 0 3 2.52 0.00
15069 1627462299 0 4 2.51 1.36
15070 1627462299 0 5 0.02
15071 1627462299 0 6 0.16
15072 1627462299 0 8 4.98 12.26 11.87
15073 1627462300 0 1 0.998
15074 1627462300 0 0 25.34 8.28 194.8 61.27 99.9 6.29 150.9 18.5 200.1 1.32 41.16 11.7
15075 1627462300 0 7 $GNGGA,085141.000,4423.55493,N,00855.87241,E,1,10,1.1,6.8,M,44.7,M,,*4C
15076 1627462301 0 7 $GNGGA,085142.000,4423.55535,N,00855.87130,E,1,10,1.1,6.6,M,44.7,M,,*49
15077 1627462302 0 7 $GNGGA,085143.000,4423.55579,N,00855.87027,E,1,10,1.1,6.1,M,44.7,M,,*40
15078 1627462302 0 3 2.52 0.00
15079 1627462302 0 4 2.51 1.37
15080 1627462302 0 5 0.02
15081 1627462302 0 6 0.16
15082 1627462302 0 8 4.98 12.26 11.84
15083 1627462302 0 1 0.975
15084 1627462303 0 0 25.34 8.28 194.8 61.31 99.9 6.29 150.8 18.5 200.4 1.38 41.19 11.7
15085 1627462303 0 7 $GNGGA,085144.000,4423.55626,N,00855.86927,E,1,10,1.1,6.0,M,44.7,M,,*47
15086 1627462304 0 7 $GNGGA,085145.000,4423.55674,N,00855.86825,E,1,10,1.1,5.8,M,44.7,M,,*49
15087 1627462305 0 7 $GNGGA,085146.000,4423.55722,N,00855.86733,E,1,10,1.1,5.8,M,44.7,M,,*40
15088 1627462305 0 3 2.52 0.00
15089 1627462305 0 4 2.51 1.37
15090 1627462305 0 5 0.02
15091 1627462305 0 6 0.18
15092 1627462305 0 8 4.98 12.26 11.84
15093 1627462305 0 1 0.969
15094 1627462306 0 0 25.33 8.28 194.8 61.30 99.9 6.29 150.9 18.5 200.6 1.38 41.19 11.7
15095 1627462306 0 7 $GNGGA,085147.000,4423.55770,N,00855.86639,E,1,10,1.1,5.8,M,44.7,M,,*4D
15096 1627462307 0 7 $GNGGA,085148.000,4423.55812,N,00855.86540,E,1,10,1.1,5.4,M,44.7,M,,*48
15097 1627462308 0 7 $GNGGA,085149.000,4423.55855,N,00855.86446,E,1,10,1.1,5.0,M,44.7,M,,*49
15098 1627462308 0 3 2.52 0.00
15099 1627462308 0 4 2.51 1.37
15100 1627462308 0 5 0.02
15101 1627462308 0 6 0.15
15102 1627462308 0 8 4.98 12.26 11.84
15103 1627462309 0 1 1.018
15104 1627462309 0 0 25.33 8.28 194.8 61.28 99.9 6.29 151.0 18.5 200.4 1.38 41.17 11.8
15105 1627462309 0 7 $GNGGA,085150.000,4423.55897,N,00855.86344,E,1,10,1.1,4.4,M,44.7,M,,*4F
15106 1627462310 0 7 $GNGGA,085151.000,4423.55942,N,00855.86241,E,1,10,1.1,4.0,M,44.7,M,,*47
15107 1627462311 0 7 $GNGGA,085152.000,4423.55987,N,00855.86149,E,1,10,1.1,4.1,M,44.7,M,,*47
15108 1627462311 0 3 2.52 0.00
15109 1627462311 0 4 2.51 1.37
15110 1627462311 0 5 0.02
15111 1627462311 0 6 0.13
15112 1627462312 0 8 4.97 12.27 11.87
15113 1627462312 0 1 1.054
15114 1627462312 0 0 25.34 8.28 194.8 61.28 99.9 6.29 150.9 18.5 200.6 1.39 41.18 11.8
15115 1627462312 0 7 $GNGGA,085153.000,4423.56028,N,00855.86053,E,1,10,1.1,4.2,M,44.7,M,,*40
15116 1627462313 0 7 $GNGGA,085154.000,4423.56075,N,00855.85939,E,1,10,1.1,4.4,M,44.7,M,,*4F
15117 1627462314 0 7 $GNGGA,085155.000,4423.56128,N,00855.85818,E,1,10,1.1,4.3,M,44.7,M,,*42
15118 1627462314 0 3 2.52 0.00
15119 1627462314 0 4 2.51 1.37
15120 1627462314 0 5 0.02
15121 1627462314 0 6 0.14
15122 1627462314 0 8 4.98 12.26 11.84
15123 1627462315 0 1 1.054
15124 1627462315 0 0 25.33 8.28 194.7 61.24 99.9 6.29 151.0 18.5 200.8 1.49 41.14 11.7
15125 1627462315 0 7 $GNGGA,085156.000,4423.56176,N,00855.85705,E,1,10,1.1,4.2,M,44.7,M,,*48
15126 1627462316 0 7 $GNGGA,085157.000,4423.56211,N,00855.85602,E,1,10,1.1,4.0,M,44.7,M,,*4F
15127 1627462317 0 7 $GNGGA,085158.000,4423.56248,N,00855.85467,E,1,10,1.1,3.6,M,44.7,M,,*4C
15128 1627462317 0 3 2.52 0.00
15129 1627462317 0 4 2.51 1.37
15130 1627462317 0 5 0.02
15131 1627462317 0 6 0.16
15132 1627462317 0 8 4.98 12.26 11.87
15133 1627462317 0 1 1.745
15134 1627462318 0 0 25.32 8.28 194.7 61.35 99.9 6.29 151.1 18.5 201.0 1.39 41.22 11.8
15135 1627462318 0 7 $GNGGA,085159.000,4423.56300,N,00855.85335,E,1,10,1.1,3.4,M,44.7,M,,*42
15136 1627462319 0 7 $GNGGA,085200.000,4423.56359,N,00855.85243,E,1,10,1.1,3.2,M,44.7,M,,*47
15137 1627462320 0 7 $GNGGA,085201.000,4423.56405,N,00855.85161,E,1,10,1.1,2.6,M,44.7,M,,*4E
15138 1627462320 0 3 2.52 0.00
15139 1627462320 0 4 2.51 1.37
15140 1627462320 0 5 0.02
15141 1627462320 0 6 0.12
15142 1627462320 0 8 4.98 12.26 11.84
15143 1627462320 0 1 0.974
15144 1627462321 0 0 25.32 8.28 194.7 61.30 99.9 6.29 151.1 18.5 200.9 1.30 41.19 11.8
15145 1627462321 0 7 $GNGGA,085202.000,4423.56451,N,00855.85067,E,1,10,1.1,1.8,M,44.7,M,,*46
15146 1627462322 0 7 $GNGGA,085203.000,4423.56515,N,00855.84997,E,1,10,1.1,1.5,M,44.7,M,,*4C
15147 1627462323 0 7 $GNGGA,085204.000,4423.56577,N,00855.84938,E,1,10,1.1,0.7,M,44.7,M,,*49
15148 1627462323 0 3 2.52 0.00
15149 1627462323 0 4 2.51 1.37
15150 1627462323 0 5 0.02
15151 1627462323 0 6 0.15
15152 1627462323 0 8 4.98 12.26 11.87
15153 1627462323 0 1 0.946
15154 1627462324 0 0 25.32 8.28 194.6 61.32 100.0 6.30 151.2 18.5 200.6 1.39 41.21 11.8
15155 1627462324 0 7 $GNGGA,085205.000,4423.56632,N,00855.84868,E,1,10,1.1,1.2,M,44.7,M,,*4A
15156 1627462325 0 7 $GNGGA,085206.000,4423.56671,N,00855.84765,E,1,10,1.1,1.1,M,44.7,M,,*4F
15157 1627462326 0 7 $GNGGA,085207.000,4423.56710,N,00855.84669,E,1,10,1.1,1.7,M,44.7,M,,*43
15158 1627462326 0 3 2.52 0.00
15159 1627462326 0 4 2.51 1.37
15160 1627462326 0 5 0.02
15161 1627462326 0 6 0.13
15162 1627462326 0 8 4.98 12.25 11.84
15163 1627462327 0 1 0.982
15164 1627462327 0 0 25.30 8.28 194.5 61.29 100.0 6.30 151.1 18.5 201.1 1.44 41.18 11.8
15165 1627462327 0 7 $GNGGA,085208.000,4423.56754,N,00855.84583,E,1,10,1.1,1.9,M,44.7,M,,*45
15166 1627462328 0 7 $GNGGA,085209.000,4423.56807,N,00855.84504,E,1,10,1.1,2.4,M,44.7,M,,*4C
15167 1627462329 0 7 $GNGGA,085210.000,4423.56858,N,00855.84420,E,1,10,1.1,2.9,M,44.7,M,,*44
15168 1627462329 0 3 2.52 0.00
15169 1627462329 0 4 2.51 1.37
15170 1627462329 0 5 0.02
15171 1627462329 0 6 0.17
15172 1627462329 0 8 4.97 12.26 11.84
15173 1627462330 0 1 0.997
15174 1627462330 0 0 25.31 8.28 194.6 61.29 100.0 6.30 151.1 18.5 200.8 1.33 41.18 11.7
15175 1627462330 0 7 $GNGGA,085211.000,4423.56907,N,00855.84347,E,1,10,1.1,3.2,M,44.7,M,,*42
15176 1627462331 0 7 $GNGGA,085212.000,4423.56958,N,00855.84271,E,1,10,1.1,3.5,M,44.7,M,,*48
15177 1627462332 0 7 $GNGGA,085213.000,4423.56990,N,00855.84185,E,1,10,1.1,3.7,M,44.7,M,,*47
15178 1627462332 0 3 2.52 0.00
15179 1627462332 0 4 2.51 1.37
15180 1627462332 0 5 0.02
15181 1627462332 0 6 0.09
15182 1627462333 0 8 4.97 12.26 11.87
15183 1627462333 0 1 0.857
15184 1627462333 0 0 25.31 8.28 194.6 61.29 100.0 6.30 151.0 18.4 200.6 1.14 41.18 11.8
15185 1627462333 0 7 $GNGGA,085214.000,4423.57021,N,00855.84093,E,1,10,1.1,4.0,M,44.7,M,,*44
15186 1627462334 0 7 $GNGGA,085215.000,4423.57066,N,00855.84005,E,1,10,1.1,4.3,M,44.7,M,,*4A
15187 1627462335 0 7 $GNGGA,085216.000,4423.57123,N,00855.83901,E,1,10,1.1,4.7,M,44.7,M,,*47
15188 1627462335 0 3 2.52 0.00
15189 1627462335 0 4 2.51 1.38
15190 1627462335 0 5 0.02
15191 1627462335 0 6 0.14
15192 1627462335 0 8 4.98 12.29 11.84
15193 1627462335 0 1 0.940
15194 1627462336 0 0 25.31 8.28 194.5 61.35 100.1 6.30 151.0 18.4 200.6 1.29 41.23 11.7
15195 1627462336 0 7 $GNGGA,085217.000,4423.57183,N,00855.83812,E,1,10,1.1,4.8,M,44.7,M,,*40
15196 1627462337 0 7 $GNGGA,085218.000,4423.57242,N,00855.83736,E,1,10,1.1,5.1,M,44.7,M,,*40
15197 1627462338 0 7 $GNGGA,085219.000,4423.57296,N,00855.83646,E,1,10,1.1,5.3,M,44.7,M,,*4C
15198 1627462338 0 3 2.52 0.00
15199 1627462338 0 4 2.51 1.40
15200 1627462338 0 5 0.02
15201 1627462338 0 6 0.14
15202 1627462338 0 8 4.98 12.29 11.84
15203 1627462338 0 1 1.014
15204 1627462339 0 0 25.31 8.28 194.5 61.26 100.1 6.30 151.0 18.4 200.4 1.27 41.15 11.7
15205 1627462339 0 7 $GNGGA,085220.000,4423.57331,N,00855.83532,E,1,10,1.1,5.3,M,44.7,M,,*4A
15206 1627462340 0 7 $GNGGA,085221.000,4423.57366,N,00855.83424,E,1,10,1.1,5.3,M,44.7,M,,*4F
15207 1627462341 0 7 $GNGGA,085222.000,4423.57411,N,00855.83322,E,1,10,1.1,5.6,M,44.7,M,,*4F
15208 1627462341 0 3 2.52 0.00
15209 1627462341 0 4 2.51 1.39
15210 1627462341 0 5 0.02
15211 1627462341 0 6 0.14
15212 1627462341 0 8 4.97 12.14 11.84
15213 1627462341 0 1 0.959
15214 1627462342 0 0 25.32 8.28 194.5 61.36 100.1 6.30 150.8 18.5 200.3 1.16 41.23 11.8
15215 1627462342 0 7 $GNGGA,085223.000,4423.57457,N,00855.83211,E,1,10,1.1,6.1,M,44.7,M,,*49
15216 1627462343 0 7 $GNGGA,085224.000,4423.57495,N,00855.83094,E,1,10,1.1,6.0,M,44.7,M,,*4E
15217 1627462344 0 7 $GNGGA,085225.000,4423.57532,N,00855.82983,E,1,10,1.1,5.4,M,44.7,M,,*4A
15218 1627462344 0 3 2.52 0.00
15219 1627462344 0 4 2.51 1.39
15220 1627462344 0 5 0.02
15221 1627462344 0 6 0.17
15222 1627462344 0 8 4.98 12.29 11.84
15223 1627462344 0 1 1.528
15224 1627462345 0 0 25.32 8.28 194.5 61.33 100.1 6.30 151.0 18.5 200.4 1.26 41.21 11.8
15225 1627462345 0 7 $GNGGA,085226.000,4423.57584,N,00855.82914,E,1,10,1.1,5.1,M,44.7,M,,*4F
15226 1627462346 0 7 $GNGGA,085227.000,4423.57635,N,00855.82832,E,1,10,1.1,4.9,M,44.7,M,,*4B
15227 1627462347 0 7 $GNGGA,085228.000,4423.57689,N,00855.82732,E,1,10,1.1,4.7,M,44.7,M,,*42
15228 1627462347 0 3 2.52 0.00
15229 1627462347 0 4 2.51 1.39
15230 1627462347 0 5 0.02
15231 1627462347 0 6 0.18
15232 1627462347 0 8 4.98 12.18 11.84
15233 1627462347 0 1 0.783
15234 1627462348 0 0 25.32 8.28 194.4 61.28 100.0 6.30 150.9 18.5 199.7 1.50 41.17 11.8
15235 1627462348 0 7 $GNGGA,085229.000,4423.57733,N,00855.82630,E,1,10,1.1,4.9,M,44.7,M,,*4E
15236 1627462349 0 7 $GNGGA,085230.000,4423.57774,N,00855.82524,E,1,10,1.1,4.7,M,44.7,M,,*4D
15237 1627462350 0 7 $GNGGA,085231.000,4423.57820,N,00855.82423,E,1,10,1.1,4.8,M,44.7,M,,*4B
15238 1627462350 0 3 2.52 0.00
15239 1627462350 0 4 2.52 1.39
15240 1627462350 0 5 0.02
15241 1627462350 0 6 0.18
15242 1627462350 0 8 4.97 12.17 11.84
15243 1627462351 0 1 0.900
15244 1627462351 0 0 25.32 8.28 194.4 61.33 100.1 6.30 150.6 18.5 199.4 1.71 41.21 11.8
15245 1627462351 0 7 $GNGGA,085232.000,4423.57873,N,00855.82329,E,1,10,1.1,4.9,M,44.7,M,,*42
15246 1627462352 0 7 $GNGGA,085233.000,4423.57927,N,00855.82230,E,1,10,1.1,4.8,M,44.7,M,,*4B
15247 1627462353 0 7 $GNGGA,085234.000,4423.57981,N,00855.82125,E,1,10,1.1,5.0,M,44.7,M,,*4E
15248 1627462353 0 3 2.52 0.00
15249 1627462353 0 4 2.52 1.39
15250 1627462353 0 5 0.02
15251 1627462353 0 6 0.17
15252 1627462354 0 8 4.98 12.31 11.87
15253 1627462354 0 1 0.882
15254 1627462354 0 0 25.33 8.28 194.4 61.36 100.1 6.30 150.3 18.5 199.5 1.76 41.23 11.7
15255 1627462354 0 7 $GNGGA,085235.000,4423.58025,N,00855.82020,E,1,10,1.1,5.3,M,44.7,M,,*40
15256 1627462355 0 7 $GNGGA,085236.000,4423.58064,N,00855.81925,E,1,10,1.1,5.8,M,44.7,M,,*42
15257 1627462356 0 7 $GNGGA,085237.000,4423.58102,N,00855.81834,E,1,10,1.1,6.4,M,44.7,M,,*4C
15258 1627462356 0 3 2.52 0.00
15259 1627462356 0 4 2.51 1.39
15260 1627462356 0 5 0.02
15261 1627462356 0 6 0.15
15262 1627462356 0 8 4.98 12.18 11.84
15263 1627462357 0 1 0.912
15264 1627462357 0 0 25.33 8.28 194.3 61.29 100.2 6.31 150.5 18.5 199.4 1.65 41.18 11.7
15265 1627462357 0 7 $GNGGA,085238.000,4423.58132,N,00855.81735,E,1,10,1.1,5.9,M,44.7,M,,*40
15266 1627462358 0 7 $GNGGA,085239.000,4423.58175,N,00855.81657,E,1,10,1.1,5.8,M,44.7,M,,*46
15267 1627462359 0 7 $GNGGA,085240.000,4423.58205,N,00855.81566,E,1,10,1.1,5.7,M,44.7,M,,*42
15268 1627462359 0 3 2.52 0.00
15269 1627462359 0 4 2.51 1.39
15270 1627462359 0 5 0.02
15271 1627462359 0 6 0.18
15272 1627462359 0 8 4.98 12.32 11.87
15273 1627462360 0 1 0.914
15274 1627462360 0 0 25.33 8.28 194.3 61.26 100.2 6.31 150.4 18.5 199.5 1.68 41.16 11.7
15275 1627462360 0 7 $GNGGA,085241.000,4423.58229,N,00855.81444,E,1,10,1.1,5.8,M,44.7,M,,*43
15276 1627462361 0 7 $GNGGA,085242.000,4423.58263,N,00855.81340,E,1,10,1.1,6.0,M,44.7,M,,*46
15277 1627462362 0 7 $GNGGA,085243.000,4423.58291,N,00855.81253,E,1,10,1.1,5.7,M,44.7,M,,*4D
15278 1627462362 0 3 2.52 0.00
15279 1627462362 0 4 2.52 1.39
15280 1627462362 0 5 0.02
15281 1627462362 0 6 0.12
15282 1627462362 0 8 4.98 12.31 11.87
15283 1627462363 0 1 0.940
15284 1627462363 0 0 25.33 8.28 194.3 61.35 100.2 6.31 150.5 18.5 200.1 1.91 41.23 11.8
15285 1627462363 0 7 $GNGGA,085244.000,4423.58319,N,00855.81152,E,1,10,1.1,5.3,M,44.7,M,,*4D
15286 1627462364 0 7 $GNGGA,085245.000,4423.58341,N,00855.81033,E,1,10,1.1,5.2,M,44.7,M,,*46
15287 1627462365 0 7 $GNGGA,085246.000,4423.58367,N,00855.80917,E,1,10,1.1,5.0,M,44.7,M,,*4D
15288 1627462365 0 3 2.52 0.00
15289 1627462365 0 4 2.52 1.39
15290 1627462365 0 5 0.02
15291 1627462365 0 6 0.18
15292 1627462365 0 8 4.98 12.31 11.87
15293 1627462366 0 1 0.963
15294 1627462366 0 0 25.33 8.28 194.3 61.22 100.2 6.31 150.4 18.5 200.1 1.90 41.13 11.7
15295 1627462366 0 7 $GNGGA,085247.000,4423.58392,N,00855.80788,E,1,10,1.1,4.8,M,44.7,M,,*47
15296 1627462367 0 7 $GNGGA,085248.000,4423.58418,N,00855.80648,E,1,10,1.1,4.3,M,44.7,M,,*4B
15297 1627462368 0 7 $GNGGA,085249.000,4423.58450,N,00855.80521,E,1,10,1.1,4.0,M,44.7,M,,*49
15298 1627462368 0 3 2.52 0.00
15299 1627462368 0 4 2.52 1.39
15300 1627462368 0 5 0.02
15301 1627462368 0 6 0.19
15302 1627462368 0 8 4.98 12.32 11.87
15303 1627462369 0 1 0.970
15304 1627462369 0 0 25.33 8.28 194.2 61.30 100.2 6.31 150.5 18.5 200.2 2.01 41.19 11.8
15305 1627462369 0 7 $GNGGA,085250.000,4423.58477,N,00855.80409,E,1,10,1.1,3.5,M,44.7,M,,*4D
15306 1627462370 0 7 $GNGGA,085251.000,4423.58513,N,00855.80308,E,1,10,1.1,3.1,M,44.7,M,,*4D
15307 1627462371 0 7 $GNGGA,085252.000,4423.58555,N,00855.80210,E,1,10,1.1,2.6,M,44.7,M,,*42
15308 1627462371 0 3 2.52 0.00
15309 1627462371 0 4 2.52 1.37
15310 1627462371 0 5 0.02
15311 1627462371 0 6 0.16
15312 1627462371 0 8 4.98 12.31 11.84
15313 1627462372 0 1 1.642
15314 1627462372 0 0 25.33 8.28 194.2 61.25 100.3 6.31 150.4 18.5 200.4 1.99 41.15 11.8
15315 1627462372 0 7 $GNGGA,085253.000,4423.58592,N,00855.80112,E,1,10,1.1,1.9,M,44.7,M,,*45
15316 1627462373 0 7 $GNGGA,085254.000,4423.58618,N,00855.79992,E,1,10,1.1,1.7,M,44.7,M,,*4B
15317 1627462374 0 7 $GNGGA,085255.000,4423.58642,N,00855.79876,E,1,10,1.1,1.1,M,44.7,M,,*48
15318 1627462374 0 3 2.52 0.00
15319 1627462374 0 4 2.52 1.38
15320 1627462374 0 5 0.02
15321 1627462374 0 6 0.13
15322 1627462374 0 8 4.97 12.32 11.87
15323 1627462375 0 1 1.016
15324 1627462375 0 0 25.34 8.28 194.2 61.32 100.3 6.32 150.5 18.5 200.1 2.00 41.20 11.8
15325 1627462375 0 7 $GNGGA,085256.000,4423.58666,N,00855.79756,E,1,10,1.1,1.2,M,44.7,M,,*43
15326 1627462376 0 7 $GNGGA,085257.000,4423.58680,N,00855.79645,E,1,10,1.1,0.9,M,44.7,M,,*43
15327 1627462377 0 7 $GNGGA,085258.000,4423.58681,N,00855.79531,E,1,10,1.1,0.3,M,44.7,M,,*47
15328 1627462377 0 3 2.52 0.00
15329 1627462377 0 4 2.52 1.38
15330 1627462377 0 5 0.02
15331 1627462377 0 6 0.14
15332 1627462377 0 8 4.98 12.32 11.87
15333 1627462378 0 1 1.029
15334 1627462378 0 0 25.33 8.28 194.2 61.28 100.4 6.32 150.6 18.5 200.5 2.12 41.17 11.8
15335 1627462378 0 7 $GNGGA,085259.000,4423.58685,N,00855.79422,E,1,10,1.1,-0.2,M,44.7,M,,*6D
15336 1627462379 0 7 $GNGGA,085300.000,4423.58695,N,00855.79318,E,1,10,1.1,-0.5,M,44.7,M,,*68
15337 1627462380 0 7 $GNGGA,085301.000,4423.58704,N,00855.79203,E,1,10,1.1,-0.6,M,44.7,M,,*68
15338 1627462380 0 3 2.52 0.00
15339 1627462380 0 4 2.52 1.38
15340 1627462380 0 5 0.02
15341 1627462380 0 6 0.14
15342 1627462380 0 8 4.98 12.33 11.84
15343 1627462381 0 1 1.009
15344 1627462381 0 0 25.33 8.28 194.1 61.26 100.4 6.32 150.4 18.5 200.0 2.11 41.16 11.8
15345 1627462381 0 7 $GNGGA,085302.000,4423.58736,N,00855.79094,E,1,10,1.1,-0.5,M,44.7,M,,*65
15346 1627462382 0 7 $GNGGA,085303.000,4423.58766,N,00855.78985,E,1,10,1.1,-0.5,M,44.7,M,,*69
15347 1627462383 0 7 $GNGGA,085304.000,4423.58785,N,00855.78866,E,1,10,1.1,-0.4,M,44.7,M,,*6E
15348 1627462383 0 3 2.53 0.00
15349 1627462383 0 4 2.52 1.38
15350 1627462383 0 5 0.02
15351 1627462383 0 6 0.14
15352 1627462383 0 8 4.98 12.32 11.87
15353 1627462384 0 1 1.034
15354 1627462384 0 0 25.33 8.28 194.1 61.30 100.4 6.32 150.2 18.5 200.2 2.17 41.19 11.7
15355 1627462384 0 7 $GNGGA,085305.000,4423.58812,N,00855.78745,E,1,10,1.1,0.1,M,44.7,M,,*48
15356 1627462385 0 7 $GNGGA,085306.000,4423.58847,N,00855.78644,E,1,10,1.1,0.6,M,44.7,M,,*4C
15357 1627462386 0 7 $GNGGA,085307.000,4423.58874,N,00855.78533,E,1,10,1.1,0.7,M,44.7,M,,*4F
15358 1627462386 0 3 2.53 0.00
15359 1627462386 0 4 2.52 1.38
15360 1627462386 0 5 0.02
15361 1627462386 0 6 0.13
15362 1627462386 0 8 4.98 12.33 11.87
15363 1627462387 0 1 0.897
15364 1627462387 0 0 25.33 8.28 194.1 61.30 100.5 6.33 150.2 18.5 200.2 2.22 41.19 11.8
15365 1627462387 0 7 $GNGGA,085308.000,4423.58901,N,00855.78394,E,1,10,1.1,0.9,M,44.7,M,,*46
15366 1627462388 0 7 $GNGGA,085309.000,4423.58934,N,00855.78265,E,1,10,1.1,1.0,M,44.7,M,,*46
15367 1627462389 0 7 $GNGGA,085310.000,4423.58981,N,00855.78159,E,1,10,1.1,1.9,M,44.7,M,,*45
15368 1627462389 0 3 2.52 0.00
15369 1627462389 0 4 2.52 1.38
15370 1627462389 0 5 0.02
15371 1627462389 0 6 0.15
15372 1627462389 0 8 4.98 12.33 11.84
15373 1627462390 0 1 0.922
15374 1627462390 0 0 25.33 8.28 194.0 61.34 100.5 6.33 150.4 18.5 200.3 2.24 41.22 11.8
15375 1627462390 0 7 $GNGGA,085311.000,4423.59017,N,00855.78033,E,1,10,1.1,2.2,M,44.7,M,,*46
15376 1627462391 0 7 $GNGGA,085312.000,4423.59045,N,00855.77898,E,1,10,1.1,2.6,M,44.7,M,,*40
15377 1627462392 0 7 $GNGGA,085313.000,4423.59076,N,00855.77769,E,1,10,1.1,3.3,M,44.7,M,,*44
15378 1627462392 0 3 2.52 0.00
15379 1627462392 0 4 2.52 1.38
15380 1627462392 0 5 0.02
15381 1627462392 0 6 0.16
15382 1627462392 0 8 4.98 12.33 11.87
15383 1627462393 0 1 0.970
15384 1627462393 0 0 25.32 8.28 194.0 61.28 100.5 6.33 150.5 18.5 200.1 2.24 41.17 11.8
15385 1627462393 0 7 $GNGGA,085314.000,4423.59096,N,00855.77649,E,1,10,1.1,3.3,M,44.7,M,,*4E
15386 1627462394 0 7 $GNGGA,085315.000,4423.59113,N,00855.77552,E,1,10,1.1,3.0,M,44.7,M,,*49
15387 1627462395 0 7 $GNGGA,085316.000,4423.59133,N,00855.77436,E,1,10,1.1,2.8,M,44.7,M,,*42
15388 1627462395 0 3 2.53 0.00
15389 1627462395 0 4 2.52 1.38
15390 1627462395 0 5 0.02
15391 1627462395 0 6 0.11
15392 1627462395 0 8 4.98 12.32 11.84
15393 1627462396 0 1 0.917
15394 1627462396 0 0 25.33 8.28 194.0 61.21 100.5 6.33 150.3 18.5 200.0 2.22 41.12 11.8
15395 1627462396 0 7 $GNGGA,085317.000,4423.59158,N,00855.77317,E,1,10,1.1,2.8,M,44.7,M,,*4A
15396 1627462397 0 7 $GNGGA,085318.000,4423.59185,N,00855.77195,E,1,10,1.1,2.9,M,44.7,M,,*4C
15397 1627462398 0 7 $GNGGA,085319.000,4423.59211,N,00855.77078,E,1,10,1.1,3.0,M,44.7,M,,*49
15398 1627462398 0 3 2.53 0.00
15399 1627462398 0 4 2.52 1.38
15400 1627462398 0 5 0.02
15401 1627462398 0 6 0.14
15402 1627462398 0 8 4.98 12.32 11.87
15403 1627462399 0 1 1.598
15404 1627462399 0 0 25.34 8.28 194.0 61.25 100.6 6.33 150.4 18.5 199.7 2.28 41.15 11.7
15405 1627462399 0 7 $GNGGA,085320.000,4423.59225,N,00855.76973,E,1,10,1.1,2.7,M,44.7,M,,*41
15406 1627462399 0 2 0.06640000 1.54320001 1.11329996 0.01190000 2.63450002 0.00680000 0.03410000 0.29440000 1.00000000 92.44100189
15407 1627462400 0 7 $GNGGA,085321.000,4423.59235,N,00855.76906,E,1,10,1.1,2.6,M,44.7,M,,*42
15408 1627462401 0 7 $GNGGA,085322.000,4423.59255,N,00855.76823,E,1,10,1.1,2.5,M,44.7,M,,*42
15409 1627462401 0 3 2.53 0.00
15410 1627462401 0 4 2.52 1.38
15411 1627462401 0 5 0.02
15412 1627462401 0 6 0.17
15413 1627462401 0 8 4.98 12.32 11.84
15414 1627462402 0 1 1.002
15415 1627462402 0 0 25.33 8.28 194.0 61.30 100.7 6.34 150.3 18.5 199.8 2.30 41.18 11.8
15416 1627462402 0 7 $GNGGA,085323.000,4423.59278,N,00855.76731,E,1,10,1.1,2.5,M,44.7,M,,*40
15417 1627462403 0 7 $GNGGA,085324.000,4423.59297,N,00855.76632,E,1,10,1.1,2.6,M,44.7,M,,*47
15418 1627462404 0 7 $GNGGA,085325.000,4423.59320,N,00855.76532,E,1,10,1.1,2.6,M,44.7,M,,*48
15419 1627462404 0 3 2.52 0.00
15420 1627462404 0 4 2.52 1.38
15421 1627462404 0 5 0.02
15422 1627462404 0 6 0.14
15423 1627462404 0 8 4.98 12.32 11.84
15424 1627462405 0 1 1.006
15425 1627462405 0 0 25.33 8.28 193.9 61.20 100.6 6.34 150.4 18.5 199.7 2.24 41.11 11.7
15426 1627462405 0 7 $GNGGA,085326.000,4423.59343,N,00855.76434,E,1,10,1.1,2.7,M,44.7,M,,*48
15427 1627462406 0 7 $GNGGA,085327.000,4423.59371,N,00855.76346,E,1,10,1.1,2.8,M,44.7,M,,*45
15428 1627462407 0 7 $GNGGA,085328.000,4423.59400,N,00855.76253,E,1,10,1.1,2.6,M,44.7,M,,*40
15429 1627462407 0 3 2.53 0.00
15430 1627462407 0 4 2.52 1.38
15431 1627462407 0 5 0.02
15432 1627462408 0 6 0.16
15433 1627462408 0 8 4.97 12.32 11.87
15434 1627462408 0 1 0.984
15435 1627462408 0 0 25.34 8.28 193.9 61.27 100.6 6.34 150.3 18.5 199.7 2.38 41.17 11.8
15436 1627462408 0 7 $GNGGA,085329.000,4423.59436,N,00855.76166,E,1,10,1.1,2.7,M,44.7,M,,*40
15437 1627462409 0 7 $GNGGA,085330.000,4423.59474,N,00855.76082,E,1,10,1.1,2.7,M,44.7,M,,*45
15438 1627462410 0 7 $GNGGA,085331.000,4423.59495,N,00855.75987,E,1,10,1.1,2.6,M,44.7,M,,*45
15439 1627462410 0 3 2.53 0.00
15440 1627462410 0 4 2.52 1.38
15441 1627462410 0 5 0.02
15442 1627462410 0 6 0.12
15443 1627462410 0 8 4.97 12.33 11.87
15444 1627462411 0 1 0.965
15445 1627462411 0 0 25.34 8.28 194.0 61.29 100.6 6.34 150.2 18.5 199.3 2.43 41.18 11.7
15446 1627462411 0 7 $GNGGA,085332.000,4423.59519,N,00855.75898,E,1,10,1.1,2.6,M,44.7,M,,*4C
15447 1627462412 0 7 $GNGGA,085333.000,4423.59540,N,00855.75822,E,1,10,1.1,2.5,M,44.7,M,,*43
15448 1627462413 0 7 $GNGGA,085334.000,4423.59552,N,00855.75726,E,1,10,1.1,2.4,M,44.7,M,,*4D
15449 1627462413 0 3 2.53 0.00
15450 1627462413 0 4 2.52 1.38
15451 1627462413 0 5 0.02
15452 1627462414 0 6 0.16
15453 1627462414 0 8 4.98 12.32 11.87
15454 1627462414 0 1 0.939
15455 1627462414 0 0 25.33 8.28 193.9 61.24 100.6 6.33 150.3 18.5 199.7 2.44 41.14 11.7
15456 1627462414 0 7 $GNGGA,085335.000,4423.59566,N,00855.75614,E,1,10,1.1,2.3,M,44.7,M,,*4C
15457 1627462415 0 7 $GNGGA,085336.000,4423.59587,N,00855.75510,E,1,10,1.1,2.5,M,44.7,M,,*41
15458 1627462416 0 7 $GNGGA,085337.000,4423.59608,N,00855.75405,E,1,10,1.1,2.9,M,44.7,M,,*4D
15459 1627462416 0 3 2.53 0.00
15460 1627462416 0 4 2.52 1.38
15461 1627462416 0 5 0.02
15462 1627462416 0 6 0.13
15463 1627462417 0 8 4.97 12.33 11.84
15464 1627462417 0 1 0.990
15465 1627462417 0 0 25.33 8.28 193.9 61.28 100.6 6.33 150.0 18.5 199.3 2.51 41.17 11.7
15466 1627462417 0 7 $GNGGA,085338.000,4423.59627,N,00855.75299,E,1,10,1.1,3.2,M,44.7,M,,*46
15467 1627462418 0 7 $GNGGA,085339.000,4423.59648,N,00855.75197,E,1,10,1.1,3.2,M,44.7,M,,*43
15468 1627462419 0 7 $GNGGA,085340.000,4423.59674,N,00855.75084,E,1,10,1.1,3.4,M,44.7,M,,*47
15469 1627462419 0 3 2.53 0.00
15470 1627462419 0 4 2.52 1.37
15471 1627462419 0 5 0.02
15472 1627462419 0 6 0.16
15473 1627462420 0 8 4.98 12.32 11.87
15474 1627462420 0 1 1.168
15475 1627462420 0 0 25.34 8.28 193.9 61.25 100.6 6.34 150.0 18.5 199.3 2.53 41.15 11.7
15476 1627462420 0 7 $GNGGA,085341.000,4423.59716,N,00855.74986,E,1,10,1.1,3.8,M,44.7,M,,*45
15477 1627462421 0 7 $GNGGA,085342.000,4423.59760,N,00855.74907,E,1,10,1.1,4.3,M,44.7,M,,*42
15478 1627462422 0 7 $GNGGA,085343.000,4423.59801,N,00855.74822,E,1,10,1.1,4.4,M,44.7,M,,*4A
15479 1627462422 0 3 2.53 0.00
15480 1627462422 0 4 2.52 1.37
15481 1627462422 0 5 0.02
15482 1627462422 0 6 0.16
15483 1627462422 0 8 4.98 12.27 11.87
15484 1627462423 0 1 1.032
15485 1627462423 0 0 25.34 8.28 193.9 61.30 100.6 6.34 150.2 18.5 199.4 2.52 41.19 11.7
15486 1627462423 0 7 $GNGGA,085344.000,4423.59835,N,00855.74724,E,1,10,1.1,4.5,M,44.7,M,,*42
15487 1627462424 0 7 $GNGGA,085345.000,4423.59866,N,00855.74620,E,1,10,1.1,4.5,M,44.7,M,,*40
15488 1627462425 0 7 $GNGGA,085346.000,4423.59901,N,00855.74529,E,1,10,1.1,4.5,M,44.7,M,,*49
15489 1627462425 0 3 2.53 0.00
15490 1627462425 0 4 2.52 1.37
15491 1627462425 0 5 0.02
15492 1627462425 0 6 0.11
15493 1627462426 0 8 4.98 12.26 11.84
15494 1627462426 0 1 1.720
15495 1627462426 0 0 25.34 8.28 193.8 61.26 100.6 6.34 150.2 18.5 199.1 2.60 41.16 11.7
15496 1627462426 0 7 $GNGGA,085347.000,4423.59941,N,00855.74446,E,1,10,1.1,4.5,M,44.7,M,,*44
15497 1627462427 0 7 $GNGGA,085348.000,4423.59996,N,00855.74382,E,1,10,1.1,4.4,M,44.7,M,,*4F
15498 1627462428 0 7 $GNGGA,085349.000,4423.60052,N,00855.74329,E,1,10,1.1,4.3,M,44.7,M,,*43
15499 1627462428 0 3 2.53 0.00
15500 1627462428 0 4 2.52 1.37
15501 1627462428 0 5 0.02
15502 1627462428 0 6 0.12
15503 1627462428 0 8 4.98 12.27 11.84
15504 1627462429 0 1 1.042
15505 1627462429 0 0 25.35 8.28 193.8 61.26 100.6 6.34 150.1 18.5 199.3 2.63 41.16 11.7
15506 1627462429 0 7 $GNGGA,085350.000,4423.60100,N,00855.74270,E,1,10,1.1,4.0,M,44.7,M,,*43
15507 1627462430 0 7 $GNGGA,085351.000,4423.60131,N,00855.74179,E,1,10,1.1,3.7,M,44.7,M,,*4A
15508 1627462431 0 7 $GNGGA,085352.000,4423.60158,N,00855.74058,E,1,10,1.1,2.5,M,44.7,M,,*47
15509 1627462431 0 3 2.53 0.00
15510 1627462431 0 4 2.52 1.37
15511 1627462431 0 5 0.02
15512 1627462431 0 6 0.14
15513 1627462432 0 8 4.98 12.29 11.84
15514 1627462432 0 1 1.057
15515 1627462432 0 0 25.35 8.28 193.8 61.31 100.7 6.34 150.1 18.5 199.3 2.65 41.19 11.7
15516 1627462432 0 7 $GNGGA,085353.000,4423.60186,N,00855.73949,E,1,10,1.1,1.7,M,44.7,M,,*4A
15517 1627462433 0 7 $GNGGA,085354.000,4423.60227,N,00855.73861,E,1,10,1.1,1.1,M,44.7,M,,*48
15518 1627462434 0 7 $GNGGA,085355.000,4423.60273,N,00855.73780,E,1,10,1.1,0.7,M,44.7,M,,*4F
15519 1627462434 0 3 2.53 0.00
15520 1627462434 0 4 2.52 1.38
15521 1627462434 0 5 0.02
15522 1627462434 0 6 0.16
15523 1627462434 0 8 4.98 12.30 11.84
15524 1627462435 0 1 0.952
15525 1627462435 0 0 25.35 8.28 193.8 61.29 100.8 6.34 150.2 18.5 199.3 2.63 41.18 11.7
15526 1627462435 0 7 $GNGGA,085356.000,4423.60328,N,00855.73712,E,1,10,1.1,0.3,M,44.7,M,,*4C
15527 1627462436 0 7 $GNGGA,085357.000,4423.60380,N,00855.73650,E,1,10,1.1,0.1,M,44.7,M,,*4A
15528 1627462437 0 7 $GNGGA,085358.000,4423.60425,N,00855.73564,E,1,10,1.1,0.6,M,44.7,M,,*4E
15529 1627462437 0 3 2.53 0.00
15530 1627462437 0 4 2.52 1.37
15531 1627462437 0 5 0.02
15532 1627462437 0 6 0.14
15533 1627462438 0 8 4.98 12.30 11.87
15534 1627462438 0 1 1.119
15535 1627462438 0 0 25.34 8.28 193.8 61.29 100.8 6.35 150.1 18.5 199.3 2.57 41.18 11.7
15536 1627462438 0 7 $GNGGA,085359.000,4423.60476,N,00855.73472,E,1,10,1.1,0.8,M,44.7,M,,*41
15537 1627462439 0 7 $GNGGA,085400.000,4423.60524,N,00855.73391,E,1,10,1.1,0.8,M,44.7,M,,*46
15538 1627462440 0 7 $GNGGA,085401.000,4423.60557,N,00855.73321,E,1,10,1.1,0.8,M,44.7,M,,*48
15539 1627462440 0 3 2.53 0.00
15540 1627462440 0 4 2.52 1.38
15541 1627462440 0 5 0.02
15542 1627462440 0 6 0.12
15543 1627462440 0 8 4.97 12.29 11.84
15544 1627462441 0 1 0.950
15545 1627462441 0 0 25.35 8.28 193.7 61.34 100.8 6.34 150.0 18.5 199.0 2.58 41.22 11.7
15546 1627462441 0 7 $GNGGA,085402.000,4423.60605,N,00855.73246,E,1,10,1.1,1.1,M,44.7,M,,*47
15547 1627462442 0 7 $GNGGA,085403.000,4423.60666,N,00855.73161,E,1,10,1.1,1.3,M,44.7,M,,*47
15548 1627462443 0 7 $GNGGA,085404.000,4423.60717,N,00855.73080,E,1,10,1.1,1.4,M,44.7,M,,*4E
15549 1627462443 0 3 2.53 0.00
15550 1627462443 0 4 2.52 1.38
15551 1627462443 0 5 0.02
15552 1627462443 0 6 0.11
15553 1627462444 0 8 4.98 12.30 11.87
15554 1627462444 0 1 1.041
