/home/danielacabiddu/Devel/src/MATRAC/test/tuttomatrac/data/porto_grid.mesh
16671 1658410877 0 7 $GNGGA,134117.000,4423.59677,N,00856.03564,E,1,16,0.7,6.6,M,44.7,M,,*40
16672 1658410878 0 7 $GNGGA,134118.000,4423.59684,N,00856.03520,E,1,16,0.7,6.7,M,44.7,M,,*42
16673 1658410879 0 3 2.593 4.978
16674 1658410879 0 1 1.017
16675 1658410879 0 4 2.548 1.431
16676 1658410879 0 5 0.03
16677 1658410880 0 6 0.10
16678 1658410880 0 8 4.997 12.257 11.89
16679 1658410880 0 0 28.72 8.20 132.6 67.71 133.4 8.05 15.3 0.0 281.2 0.94 46.02 1.2
16680 1658410880 0 7 $GNGGA,134119.000,4423.59692,N,00856.03450,E,1,16,0.7,6.7,M,44.7,M,,*42
16681 1658410880 0 7 $GNGGA,134120.000,4423.59689,N,00856.03434,E,1,16,0.7,6.7,M,44.7,M,,*40
16682 1658410881 0 7 $GNGGA,134121.000,4423.59689,N,00856.03419,E,1,16,0.7,6.7,M,44.7,M,,*4E
16683 1658410882 0 3 2.595 4.978
16684 1658410882 0 1 0.347
16685 1658410882 0 4 2.552 1.434
16686 1658410882 0 5 0.03
16687 1658410883 0 6 0.10
16688 1658410883 0 8 4.997 12.257 11.89
16689 1658410883 0 0 28.72 8.20 132.3 67.72 133.3 8.04 15.4 0.0 282.9 0.86 46.03 1.2
16690 1658410883 0 7 $GNGGA,134122.000,4423.59690,N,00856.03406,E,1,16,0.7,6.7,M,44.7,M,,*4B
16691 1658410883 0 7 $GNGGA,134123.000,4423.59692,N,00856.03399,E,1,16,0.7,6.7,M,44.7,M,,*49
16692 1658410884 0 7 $GNGGA,134124.000,4423.59693,N,00856.03390,E,1,16,0.7,6.7,M,44.7,M,,*46
16693 1658410885 0 3 2.595 4.978
16694 1658410885 0 4 2.551 1.434
16695 1658410885 0 1 0.356
16696 1658410885 0 5 0.03
16697 1658410886 0 6 0.11
16698 1658410886 0 8 4.997 12.276 11.89
16699 1658410886 0 0 28.73 8.20 132.1 67.69 132.9 8.02 15.4 0.0 283.9 0.84 46.01 1.2
16700 1658410886 0 7 $GNGGA,134125.000,4423.59693,N,00856.03382,E,1,16,0.7,6.6,M,44.7,M,,*45
16701 1658410887 0 7 $GNGGA,134126.000,4423.59695,N,00856.03374,E,1,16,0.7,6.6,M,44.7,M,,*49
16702 1658410887 0 7 $GNGGA,134127.000,4423.59695,N,00856.03366,E,1,16,0.7,6.6,M,44.7,M,,*4B
16703 1658410890 0 4 2.542 1.444
16704 1658410890 0 5 0.04
16705 1658410890 0 6 0.11
16706 1658410890 0 8 4.997 12.304 11.89
16707 1658410890 0 0 28.73 8.20 131.9 67.69 132.5 7.99 15.4 0.0 284.0 0.91 46.01 1.2
16708 1658410890 0 7 $GNGGA,134128.000,4423.59697,N,00856.03350,E,1,16,0.7,6.3,M,44.7,M,,*46
16709 1658410891 0 3 2.593 4.978
16710 1658410891 0 4 2.546 1.436
16711 1658410891 0 1 0.369
16712 1658410892 0 5 0.04
16713 1658410892 0 6 0.11
16714 1658410892 0 8 4.997 12.295 11.89
16715 1658410892 0 0 28.72 8.20 131.7 67.81 132.1 7.97 15.5 0.0 286.0 0.94 46.10 1.2
16716 1658410892 0 7 $GNGGA,134131.000,4423.59698,N,00856.03303,E,1,16,0.7,6.2,M,44.7,M,,*46
16717 1658410893 0 7 $GNGGA,134133.000,4423.59701,N,00856.03290,E,1,16,0.7,6.2,M,44.7,M,,*4E
16718 1658410894 0 3 2.599 4.978
16719 1658410894 0 1 0.413
16720 1658410894 0 4 2.554 1.431
16721 1658410894 0 5 0.04
16722 1658410895 0 6 0.11
16723 1658410895 0 8 4.997 12.285 11.89
16724 1658410895 0 0 28.72 8.20 131.4 67.72 131.6 7.94 15.5 0.0 287.7 0.87 46.03 1.2
16725 1658410895 0 7 $GNGGA,134134.000,4423.59700,N,00856.03283,E,1,16,0.7,6.1,M,44.7,M,,*49
16726 1658410895 0 7 $GNGGA,134135.000,4423.59702,N,00856.03245,E,1,16,0.7,6.0,M,44.7,M,,*41
16727 1658410896 0 7 $GNGGA,134136.000,4423.59705,N,00856.03190,E,1,16,0.7,5.6,M,44.7,M,,*4B
16728 1658410897 0 3 2.594 4.978
16729 1658410897 0 4 2.548 1.446
16730 1658410897 0 1 0.210
16731 1658410898 0 5 0.04
16732 1658410898 0 6 0.11
16733 1658410898 0 8 4.997 12.238 11.91
16734 1658410898 0 0 28.71 8.19 131.2 67.77 131.2 7.92 15.5 0.0 289.4 0.86 46.07 1.2
16735 1658410898 0 7 $GNGGA,134137.000,4423.59704,N,00856.03140,E,1,16,0.7,5.4,M,44.7,M,,*44
16736 1658410898 0 7 $GNGGA,134138.000,4423.59704,N,00856.03134,E,1,16,0.7,5.4,M,44.7,M,,*48
16737 1658410899 0 7 $GNGGA,134139.000,4423.59708,N,00856.03124,E,1,16,0.7,5.4,M,44.7,M,,*44
16738 1658410900 0 3 2.593 4.978
16739 1658410900 0 1 0.383
16740 1658410900 0 4 2.544 1.449
16741 1658410900 0 5 0.04
16742 1658410901 0 6 0.11
16743 1658410901 0 8 4.997 11.919 11.89
16744 1658410901 0 0 28.67 8.19 131.0 67.74 130.8 7.90 15.6 0.0 292.3 0.88 46.05 1.2
16745 1658410901 0 7 $GNGGA,134140.000,4423.59710,N,00856.03116,E,1,16,0.7,5.4,M,44.7,M,,*42
16746 1658410901 0 7 $GNGGA,134141.000,4423.59712,N,00856.03107,E,1,16,0.7,5.4,M,44.7,M,,*41
16747 1658410902 0 7 $GNGGA,134142.000,4423.59730,N,00856.03053,E,1,16,0.7,5.8,M,44.7,M,,*4E
16748 1658410903 0 3 2.597 4.978
16749 1658410903 0 4 2.549 1.446
16750 1658410903 0 1 0.184
16751 1658410904 0 5 0.04
16752 1658410904 0 6 0.11
16753 1658410904 0 8 4.997 11.919 11.89
16754 1658410904 0 0 28.65 8.20 130.8 67.75 130.3 7.87 15.6 0.0 294.4 0.88 46.05 1.2
16755 1658410904 0 7 $GNGGA,134143.000,4423.59732,N,00856.03047,E,1,16,0.7,5.8,M,44.7,M,,*48
16756 1658410904 0 7 $GNGGA,134144.000,4423.59732,N,00856.03038,E,1,16,0.7,5.8,M,44.7,M,,*47
16757 1658410905 0 7 $GNGGA,134145.000,4423.59734,N,00856.03030,E,1,16,0.7,5.8,M,44.7,M,,*48
16758 1658410906 0 3 2.599 4.978
16759 1658410906 0 1 1.041
16760 1658410906 0 4 2.555 1.441
16761 1658410906 0 5 0.04
16762 1658410907 0 6 0.11
16763 1658410907 0 8 4.997 12.163 11.91
16764 1658410907 0 0 28.64 8.19 130.7 67.71 129.7 7.84 15.6 0.0 297.6 0.88 46.02 1.2
16765 1658410907 0 7 $GNGGA,134146.000,4423.59732,N,00856.02996,E,1,16,0.7,5.4,M,44.7,M,,*45
16766 1658410907 0 7 $GNGGA,134147.000,4423.59733,N,00856.02957,E,1,16,0.7,5.1,M,44.7,M,,*4D
16767 1658410908 0 7 $GNGGA,134148.000,4423.59739,N,00856.02888,E,1,16,0.7,5.0,M,44.7,M,,*4A
16768 1658410909 0 3 2.598 4.978
16769 1658410909 0 1 0.399
16770 1658410909 0 4 2.552 1.479
16771 1658410909 0 5 0.04
16772 1658410910 0 6 0.11
16773 1658410910 0 8 4.997 11.938 11.89
16774 1658410910 0 0 28.67 8.19 130.5 67.73 129.2 7.80 15.6 0.0 297.6 0.92 46.04 1.2
16775 1658410910 0 7 $GNGGA,134149.000,4423.59754,N,00856.02808,E,1,16,0.7,5.0,M,44.7,M,,*48
16776 1658410911 0 7 $GNGGA,134151.000,4423.59758,N,00856.02721,E,1,16,0.7,4.8,M,44.7,M,,*40
16777 1658410912 0 3 2.597 4.978
16778 1658410912 0 4 2.551 1.446
16779 1658410912 0 1 0.333
16780 1658410912 0 5 0.04
16781 1658410913 0 6 0.11
16782 1658410913 0 8 4.997 12.210 11.91
16783 1658410913 0 0 28.67 8.19 130.3 67.67 128.7 7.77 15.7 0.0 301.6 0.90 46.00 1.2
16784 1658410913 0 7 $GNGGA,134152.000,4423.59764,N,00856.02717,E,1,16,0.7,4.8,M,44.7,M,,*49
16785 1658410913 0 7 $GNGGA,134153.000,4423.59770,N,00856.02717,E,1,16,0.7,4.8,M,44.7,M,,*4D
16786 1658410914 0 7 $GNGGA,134154.000,4423.59774,N,00856.02716,E,1,16,0.7,4.7,M,44.7,M,,*40
16787 1658410915 0 3 2.596 4.978
16788 1658410915 0 4 2.547 1.446
16789 1658410915 0 5 0.04
16790 1658410916 0 6 0.11
16791 1658410916 0 8 4.997 12.182 11.87
16792 1658410916 0 0 28.66 8.19 130.1 67.79 128.2 7.74 15.7 0.0 303.7 0.93 46.09 1.2
16793 1658410916 0 7 $GNGGA,134155.000,4423.59776,N,00856.02715,E,1,16,0.7,4.7,M,44.7,M,,*40
16794 1658410916 0 7 $GNGGA,134156.000,4423.59779,N,00856.02706,E,1,16,0.7,4.6,M,44.7,M,,*4F
16795 1658410917 0 7 $GNGGA,134157.000,4423.59777,N,00856.02649,E,1,16,0.7,4.6,M,44.7,M,,*4A
16796 1658410918 0 3 2.600 4.978
16797 1658410918 0 4 2.556 1.371
16798 1658410918 0 1 0.364
16799 1658410918 0 5 0.04
16800 1658410919 0 6 0.12
16801 1658410919 0 8 4.997 11.938 11.89
16802 1658410919 0 0 28.66 8.19 129.9 67.76 127.8 7.72 15.7 0.0 305.1 0.96 46.06 1.2
16803 1658410919 0 7 $GNGGA,134158.000,4423.59780,N,00856.02644,E,1,16,0.7,4.7,M,44.7,M,,*41
16804 1658410919 0 7 $GNGGA,134159.000,4423.59784,N,00856.02637,E,1,16,0.7,4.7,M,44.7,M,,*40
16805 1658410920 0 7 $GNGGA,134200.000,4423.59786,N,00856.02628,E,1,16,0.7,4.7,M,44.7,M,,*43
16806 1658410921 0 3 2.703 4.978
16807 1658410921 0 1 0.256
16808 1658410921 0 4 2.567 1.424
16809 1658410921 0 5 0.04
16810 1658410922 0 6 0.12
16811 1658410922 0 8 4.997 12.201 11.89
16812 1658410922 0 0 28.45 8.20 129.7 67.90 127.4 7.71 15.8 0.0 317.5 1.68 46.18 1.2
16813 1658410922 0 7 $GNGGA,134201.000,4423.59781,N,00856.02562,E,1,16,0.7,4.4,M,44.7,M,,*4B
16814 1658410922 0 7 $GNGGA,134202.000,4423.59773,N,00856.02514,E,1,16,0.7,4.3,M,44.7,M,,*43
16815 1658410923 0 7 $GNGGA,134203.000,4423.59767,N,00856.02458,E,1,16,0.7,4.2,M,44.7,M,,*4F
16816 1658410924 0 3 2.698 4.978
16817 1658410924 0 4 2.567 1.424
16818 1658410924 0 1 0.317
16819 1658410924 0 5 0.04
16820 1658410925 0 6 0.12
16821 1658410925 0 8 4.997 12.173 11.89
16822 1658410925 0 0 28.41 8.20 129.6 67.69 127.0 7.70 15.8 0.0 312.2 1.62 46.02 1.2
16823 1658410925 0 7 $GNGGA,134204.000,4423.59755,N,00856.02410,E,1,16,0.7,4.1,M,44.7,M,,*46
16824 1658410925 0 7 $GNGGA,134205.000,4423.59743,N,00856.02361,E,1,16,0.7,3.9,M,44.7,M,,*4E
16825 1658410926 0 7 $GNGGA,134206.000,4423.59735,N,00856.02304,E,1,16,0.7,3.8,M,44.7,M,,*4E
16826 1658410927 0 3 2.690 4.978
16827 1658410927 0 1 0.501
16828 1658410927 0 4 2.566 1.429
16829 1658410927 0 5 0.04
16830 1658410928 0 6 0.12
16831 1658410928 0 8 4.997 12.154 11.89
16832 1658410928 0 0 28.52 8.20 129.6 67.68 126.7 7.67 15.8 0.0 313.2 1.61 46.00 1.2
16833 1658410928 0 7 $GNGGA,134207.000,4423.59725,N,00856.02269,E,1,16,0.7,3.7,M,44.7,M,,*4B
16834 1658410929 0 7 $GNGGA,134209.000,4423.59706,N,00856.02181,E,1,16,0.7,3.8,M,44.7,M,,*4E
16835 1658410930 0 3 2.695 4.978
16836 1658410930 0 4 2.566 1.431
16837 1658410930 0 1 0.337
16838 1658410930 0 5 0.04
16839 1658410931 0 6 0.12
16840 1658410931 0 8 4.997 12.276 11.89
16841 1658410931 0 0 28.57 8.20 129.4 67.80 126.4 7.64 15.7 0.0 314.3 1.68 46.10 1.2
16842 1658410931 0 7 $GNGGA,134210.000,4423.59698,N,00856.02149,E,1,16,0.7,3.9,M,44.7,M,,*45
16843 1658410931 0 7 $GNGGA,134211.000,4423.59694,N,00856.02092,E,1,16,0.7,4.0,M,44.7,M,,*41
16844 1658410932 0 7 $GNGGA,134212.000,4423.59696,N,00856.02022,E,1,16,0.7,4.1,M,44.7,M,,*4A
16845 1658410933 0 3 2.704 4.978
16846 1658410933 0 4 2.567 1.434
16847 1658410933 0 5 0.04
16848 1658410934 0 6 0.12
16849 1658410934 0 8 4.997 12.266 11.89
16850 1658410934 0 0 28.55 8.20 129.3 67.77 126.3 7.64 15.8 0.0 318.9 1.68 46.08 1.2
16851 1658410934 0 7 $GNGGA,134213.000,4423.59697,N,00856.01969,E,1,16,0.7,4.2,M,44.7,M,,*4C
16852 1658410934 0 7 $GNGGA,134214.000,4423.59692,N,00856.01913,E,1,16,0.7,4.2,M,44.7,M,,*43
16853 1658410935 0 7 $GNGGA,134215.000,4423.59678,N,00856.01848,E,1,16,0.7,4.1,M,44.7,M,,*4A
16854 1658410936 0 3 2.707 4.978
16855 1658410936 0 1 0.283
16856 1658410936 0 4 2.567 1.436
16857 1658410936 0 5 0.04
16858 1658410937 0 6 0.12
16859 1658410937 0 8 4.997 12.276 11.89
16860 1658410937 0 0 28.47 8.20 129.2 67.88 126.0 7.63 15.8 0.0 322.5 1.63 46.16 1.2
16861 1658410937 0 7 $GNGGA,134216.000,4423.59662,N,00856.01792,E,1,16,0.7,4.0,M,44.7,M,,*4B
16862 1658410937 0 7 $GNGGA,134217.000,4423.59648,N,00856.01752,E,1,16,0.7,4.0,M,44.7,M,,*4E
16863 1658410938 0 7 $GNGGA,134218.000,4423.59644,N,00856.01711,E,1,16,0.7,4.2,M,44.7,M,,*48
16864 1658410939 0 3 2.699 4.978
16865 1658410939 0 4 2.566 1.454
16866 1658410939 0 1 0.317
16867 1658410940 0 5 0.04
16868 1658410940 0 6 0.12
16869 1658410940 0 8 4.997 12.276 11.91
16870 1658410940 0 0 28.38 8.20 129.1 67.86 125.9 7.63 15.9 0.0 325.8 1.66 46.15 1.2
16871 1658410940 0 7 $GNGGA,134219.000,4423.59639,N,00856.01674,E,1,16,0.7,4.4,M,44.7,M,,*47
16872 1658410941 0 7 $GNGGA,134221.000,4423.59620,N,00856.01558,E,1,16,0.7,4.6,M,44.7,M,,*4B
16873 1658410942 0 3 2.692 4.978
16874 1658410942 0 1 0.284
16875 1658410942 0 4 2.566 1.459
16876 1658410942 0 5 0.04
16877 1658410943 0 6 0.12
16878 1658410943 0 8 4.997 12.276 11.89
16879 1658410943 0 0 28.41 8.20 129.0 67.84 125.7 7.62 15.8 0.0 324.5 1.60 46.13 1.2
16880 1658410943 0 7 $GNGGA,134222.000,4423.59618,N,00856.01495,E,1,16,0.7,4.6,M,44.7,M,,*43
16881 1658410943 0 7 $GNGGA,134223.000,4423.59615,N,00856.01420,E,1,16,0.7,4.7,M,44.7,M,,*40
16882 1658410944 0 7 $GNGGA,134224.000,4423.59606,N,00856.01352,E,1,16,0.7,4.8,M,44.7,M,,*48
16883 1658410945 0 3 2.682 4.978
16884 1658410945 0 4 2.568 1.459
16885 1658410945 0 1 0.245
16886 1658410946 0 5 0.04
16887 1658410946 0 6 0.12
16888 1658410946 0 8 4.997 12.276 11.91
16889 1658410946 0 0 28.37 8.20 129.0 67.80 125.5 7.61 15.8 0.0 326.8 1.46 46.11 1.2
16890 1658410946 0 7 $GNGGA,134225.000,4423.59594,N,00856.01290,E,1,16,0.7,4.8,M,44.7,M,,*4E
16891 1658410946 0 7 $GNGGA,134226.000,4423.59582,N,00856.01224,E,1,16,0.7,4.9,M,44.7,M,,*44
16892 1658410947 0 7 $GNGGA,134227.000,4423.59575,N,00856.01144,E,1,16,0.7,4.9,M,44.7,M,,*48
16893 1658410948 0 3 2.655 4.978
16894 1658410948 0 1 0.217
16895 1658410948 0 4 2.566 1.461
16896 1658410948 0 5 0.04
16897 1658410949 0 6 0.12
16898 1658410949 0 8 4.997 12.276 11.89
16899 1658410949 0 0 28.36 8.20 128.9 66.20 125.3 7.65 15.9 0.0 329.4 1.41 44.86 1.2
16900 1658410949 0 7 $GNGGA,134228.000,4423.59574,N,00856.01073,E,1,16,0.7,4.9,M,44.7,M,,*43
16901 1658410949 0 7 $GNGGA,134229.000,4423.59564,N,00856.00996,E,1,16,0.7,5.0,M,44.7,M,,*48
16902 1658410950 0 7 $GNGGA,134230.000,4423.59561,N,00856.00908,E,1,16,0.7,5.2,M,44.7,M,,*40
16903 1658410951 0 3 2.653 4.978
16904 1658410951 0 4 2.565 1.466
16905 1658410951 0 1 0.350
16906 1658410951 0 5 0.04
16907 1658410952 0 6 0.12
16908 1658410952 0 8 4.997 12.266 11.89
16909 1658410952 0 0 28.38 8.20 128.8 67.79 125.2 7.59 15.8 0.0 328.5 1.50 46.10 1.2
16910 1658410952 0 7 $GNGGA,134231.000,4423.59564,N,00856.00819,E,1,16,0.7,5.1,M,44.7,M,,*46
16911 1658410953 0 7 $GNGGA,134233.000,4423.59565,N,00856.00628,E,1,16,0.7,5.3,M,44.7,M,,*4B
16912 1658410954 0 3 2.670 4.978
16913 1658410954 0 1 0.444
16914 1658410954 0 4 2.565 1.469
16915 1658410954 0 5 0.04
16916 1658410955 0 6 0.12
16917 1658410955 0 8 4.997 12.276 11.89
16918 1658410955 0 0 28.38 8.20 128.7 67.80 125.2 7.59 15.9 0.0 331.3 1.54 46.10 1.2
16919 1658410955 0 7 $GNGGA,134234.000,4423.59566,N,00856.00542,E,1,16,0.7,5.4,M,44.7,M,,*47
16920 1658410955 0 7 $GNGGA,134235.000,4423.59553,N,00856.00491,E,1,16,0.7,5.6,M,44.7,M,,*4D
16921 1658410956 0 7 $GNGGA,134236.000,4423.59541,N,00856.00437,E,1,16,0.7,5.9,M,44.7,M,,*4E
16922 1658410957 0 3 2.670 4.978
16923 1658410957 0 4 2.565 1.471
16924 1658410957 0 1 0.304
16925 1658410958 0 5 0.04
16926 1658410958 0 6 0.12
16927 1658410958 0 8 4.997 12.276 11.89
16928 1658410958 0 2 0.07770000 5.08129978 1.60440006 0.03910000 2.77909994 0.00500000 0.07120000 0.34400000 1.00000000 84.88400268
16929 1658410959 0 7 $GNGGA,134237.000,4423.59537,N,00856.00357,E,1,16,0.7,6.3,M,44.7,M,,*46
16930 1658410960 0 3 2.664 4.978
16931 1658410960 0 1 0.926
16932 1658410960 0 4 2.566 1.496
16933 1658410961 0 5 0.05
16934 1658410961 0 6 0.12
16935 1658410961 0 8 4.997 12.266 11.89
16936 1658410961 0 0 28.49 8.20 128.6 67.82 124.9 7.56 15.8 0.0 329.9 1.45 46.12 1.2
16937 1658410961 0 7 $GNGGA,134240.000,4423.59558,N,00856.00047,E,1,16,0.7,6.8,M,44.7,M,,*46
16938 1658410961 0 7 $GNGGA,134241.000,4423.59579,N,00855.99934,E,1,16,0.7,6.9,M,44.7,M,,*4B
16939 1658410962 0 7 $GNGGA,134242.000,4423.59598,N,00855.99832,E,1,16,0.7,7.0,M,44.7,M,,*48
16940 1658410963 0 3 2.648 4.978
16941 1658410963 0 1 0.518
16942 1658410963 0 4 2.565 1.511
16943 1658410964 0 5 0.05
18407 1658411408 0 3 2.595 4.978
18408 1658411408 0 1 0.361
18409 1658411408 0 4 2.554 1.683
18410 1658411408 0 5 0.04
18411 1658411408 0 6 0.11
18412 1658411408 0 8 4.997 12.173 11.89
18413 1658411409 0 0 28.05 8.20 121.3 67.71 126.3 7.70 15.7 0.0 300.1 0.96 46.05 1.2
18414 1658411409 0 7 $GNGGA,135007.000,4423.80524,N,00855.58421,E,1,16,0.7,3.5,M,44.7,M,,*4B
18415 1658411409 0 7 $GNGGA,135008.000,4423.80538,N,00855.58415,E,1,16,0.7,3.5,M,44.7,M,,*4E
18416 1658411410 0 7 $GNGGA,135009.000,4423.80553,N,00855.58410,E,1,16,0.7,3.4,M,44.7,M,,*46
18417 1658411411 0 3 2.595 4.978
18418 1658411411 0 4 2.554 1.683
18419 1658411411 0 1 0.436
18420 1658411411 0 5 0.04
18421 1658411411 0 6 0.11
18422 1658411412 0 8 4.997 12.191 11.91
18423 1658411412 0 0 28.10 8.20 121.3 67.76 126.4 7.70 15.7 0.0 298.6 0.89 46.08 1.2
18424 1658411412 0 7 $GNGGA,135010.000,4423.80566,N,00855.58402,E,1,16,0.7,3.4,M,44.7,M,,*4B
18425 1658411413 0 7 $GNGGA,135011.000,4423.80598,N,00855.58394,E,1,16,0.7,3.4,M,44.7,M,,*43
18426 1658411413 0 7 $GNGGA,135012.000,4423.80630,N,00855.58385,E,1,16,0.7,3.1,M,44.7,M,,*44
18427 1658411414 0 3 2.595 4.978
18428 1658411414 0 1 0.590
18429 1658411414 0 4 2.554 1.678
18430 1658411414 0 5 0.04
18431 1658411414 0 6 0.11
18432 1658411414 0 8 4.997 12.154 11.89
18433 1658411415 0 0 28.10 8.20 121.3 67.84 126.5 7.70 15.7 0.0 298.1 0.85 46.15 1.2
18434 1658411415 0 7 $GNGGA,135013.000,4423.80640,N,00855.58380,E,1,16,0.7,3.1,M,44.7,M,,*47
18435 1658411415 0 7 $GNGGA,135014.000,4423.80647,N,00855.58377,E,1,16,0.7,3.1,M,44.7,M,,*4F
18436 1658411416 0 7 $GNGGA,135015.000,4423.80650,N,00855.58376,E,1,16,0.7,3.1,M,44.7,M,,*49
18437 1658411417 0 3 2.598 4.978
18438 1658411417 0 4 2.555 1.668
18439 1658411417 0 1 0.512
18440 1658411417 0 5 0.04
18441 1658411417 0 6 0.11
18442 1658411417 0 8 4.997 12.182 11.91
18443 1658411418 0 0 28.09 8.20 121.3 67.78 126.7 7.72 15.7 0.0 297.8 0.94 46.10 1.2
18444 1658411418 0 7 $GNGGA,135016.000,4423.80655,N,00855.58377,E,1,16,0.7,3.0,M,44.7,M,,*4F
18445 1658411418 0 7 $GNGGA,135017.000,4423.80659,N,00855.58375,E,1,16,0.7,3.0,M,44.7,M,,*40
18446 1658411419 0 7 $GNGGA,135018.000,4423.80690,N,00855.58353,E,1,16,0.7,3.0,M,44.7,M,,*4E
18447 1658411420 0 3 2.598 4.978
18448 1658411420 0 1 1.066
18449 1658411420 0 4 2.554 1.658
18450 1658411420 0 5 0.04
18451 1658411420 0 6 0.11
18452 1658411420 0 8 4.997 12.210 11.89
18453 1658411421 0 0 27.97 8.20 121.3 67.81 126.7 7.73 15.8 0.0 302.3 0.97 46.13 1.2
18454 1658411421 0 7 $GNGGA,135019.000,4423.80697,N,00855.58351,E,1,16,0.7,2.9,M,44.7,M,,*42
18455 1658411421 0 7 $GNGGA,135020.000,4423.80706,N,00855.58346,E,1,16,0.7,2.9,M,44.7,M,,*47
18456 1658411422 0 7 $GNGGA,135021.000,4423.80715,N,00855.58339,E,1,16,0.7,2.9,M,44.7,M,,*4C
18457 1658411423 0 3 2.596 4.978
18458 1658411423 0 1 0.562
18459 1658411423 0 4 2.554 1.666
18460 1658411423 0 5 0.04
18461 1658411423 0 6 0.11
18462 1658411423 0 8 4.997 12.220 11.89
18463 1658411424 0 0 27.84 8.21 121.3 67.77 126.8 7.76 15.8 0.0 302.5 0.89 46.10 1.2
18464 1658411424 0 7 $GNGGA,135022.000,4423.80723,N,00855.58336,E,1,16,0.7,2.8,M,44.7,M,,*44
18465 1658411424 0 7 $GNGGA,135023.000,4423.80733,N,00855.58327,E,1,16,0.7,2.8,M,44.7,M,,*44
18466 1658411425 0 7 $GNGGA,135024.000,4423.80741,N,00855.58319,E,1,16,0.7,2.8,M,44.7,M,,*4B
18467 1658411426 0 3 2.595 4.978
18468 1658411426 0 4 2.554 1.666
18469 1658411426 0 1 0.480
18470 1658411426 0 5 0.04
18471 1658411426 0 6 0.12
18472 1658411426 0 8 4.997 12.229 11.91
18473 1658411427 0 0 27.92 8.20 121.3 67.59 126.9 7.76 15.7 0.0 296.9 0.88 45.95 1.2
18474 1658411427 0 7 $GNGGA,135025.000,4423.80749,N,00855.58314,E,1,16,0.7,2.7,M,44.7,M,,*40
18475 1658411427 0 7 $GNGGA,135026.000,4423.80793,N,00855.58304,E,1,16,0.7,2.8,M,44.7,M,,*4A
18476 1658411428 0 7 $GNGGA,135027.000,4423.80835,N,00855.58290,E,1,16,0.7,2.9,M,44.7,M,,*45
18477 1658411429 0 3 2.595 4.978
18478 1658411429 0 1 0.482
18479 1658411429 0 4 2.554 1.648
18480 1658411429 0 5 0.04
18481 1658411429 0 6 0.12
18482 1658411430 0 8 4.997 12.220 11.89
18483 1658411430 0 0 28.09 8.20 121.3 67.55 126.9 7.74 15.7 0.0 293.6 0.89 45.92 1.2
18484 1658411430 0 7 $GNGGA,135028.000,4423.80845,N,00855.58281,E,1,16,0.7,2.8,M,44.7,M,,*4C
18485 1658411431 0 7 $GNGGA,135029.000,4423.80854,N,00855.58273,E,1,16,0.7,2.7,M,44.7,M,,*4F
18486 1658411431 0 7 $GNGGA,135030.000,4423.80863,N,00855.58265,E,1,16,0.7,2.7,M,44.7,M,,*44
18487 1658411432 0 3 2.597 4.978
18488 1658411432 0 4 2.552 1.653
18489 1658411432 0 1 0.431
18490 1658411432 0 5 0.04
18491 1658411432 0 6 0.12
18492 1658411432 0 8 4.997 12.220 11.91
18493 1658411433 0 0 28.03 8.20 121.2 67.80 127.0 7.74 15.7 0.0 299.9 0.96 46.12 1.2
18494 1658411433 0 7 $GNGGA,135031.000,4423.80870,N,00855.58261,E,1,16,0.7,2.6,M,44.7,M,,*42
18495 1658411433 0 7 $GNGGA,135032.000,4423.80878,N,00855.58255,E,1,16,0.7,2.6,M,44.7,M,,*4E
18496 1658411434 0 7 $GNGGA,135033.000,4423.80886,N,00855.58251,E,1,16,0.7,2.5,M,44.7,M,,*49
18497 1658411435 0 3 2.600 4.978
18498 1658411435 0 1 0.499
18499 1658411435 0 4 2.555 1.648
18500 1658411435 0 5 0.04
18501 1658411435 0 6 0.11
18502 1658411436 0 8 4.997 12.220 11.89
18503 1658411436 0 0 27.93 8.20 121.2 67.84 127.0 7.76 15.7 0.0 300.0 0.94 46.15 1.2
18504 1658411436 0 7 $GNGGA,135034.000,4423.80897,N,00855.58245,E,1,16,0.7,2.5,M,44.7,M,,*4B
18505 1658411436 0 7 $GNGGA,135035.000,4423.80907,N,00855.58240,E,1,16,0.7,2.4,M,44.7,M,,*46
18506 1658411437 0 7 $GNGGA,135036.000,4423.80917,N,00855.58238,E,1,16,0.7,2.4,M,44.7,M,,*4B
18507 1658411438 0 3 2.611 4.978
18508 1658411438 0 4 2.560 1.651
18509 1658411438 0 1 0.438
18510 1658411438 0 5 0.04
18511 1658411438 0 6 0.11
18512 1658411438 0 8 4.997 12.229 11.89
18513 1658411439 0 2 0.05750000 4.62909984 1.63220000 0.03560000 2.71749997 0.00430000 0.06830000 0.25469999 1.00000000 85.45700073
18514 1658411439 0 7 $GNGGA,135037.000,4423.80924,N,00855.58237,E,1,16,0.7,2.3,M,44.7,M,,*42
18515 1658411440 0 7 $GNGGA,135039.000,4423.80967,N,00855.58222,E,1,16,0.7,2.2,M,44.7,M,,*4E
18516 1658411441 0 3 2.740 4.978
18517 1658411441 0 1 0.775
18518 1658411441 0 4 2.568 1.646
18519 1658411441 0 5 0.04
18520 1658411441 0 6 0.11
18521 1658411442 0 8 4.997 12.238 11.89
18522 1658411442 0 0 27.35 8.21 121.2 67.95 127.1 7.83 16.0 0.0 314.0 1.85 46.25 1.2
18523 1658411442 0 7 $GNGGA,135040.000,4423.80975,N,00855.58218,E,1,16,0.7,2.1,M,44.7,M,,*49
18524 1658411442 0 7 $GNGGA,135041.000,4423.80984,N,00855.58212,E,1,16,0.7,2.0,M,44.7,M,,*4D
18525 1658411443 0 7 $GNGGA,135042.000,4423.80992,N,00855.58205,E,1,16,0.7,2.0,M,44.7,M,,*4F
18526 1658411444 0 3 2.786 4.978
18527 1658411444 0 4 2.571 1.643
18528 1658411444 0 1 0.989
18529 1658411444 0 5 0.04
18530 1658411444 0 6 0.11
18531 1658411445 0 8 4.997 12.276 11.91
18532 1658411445 0 0 27.14 8.21 121.3 67.62 127.1 7.87 15.9 0.0 313.4 2.76 46.00 1.2
18533 1658411445 0 7 $GNGGA,135043.000,4423.81000,N,00855.58197,E,1,16,0.7,1.9,M,44.7,M,,*4F
18534 1658411445 0 7 $GNGGA,135044.000,4423.81008,N,00855.58193,E,1,16,0.7,1.9,M,44.7,M,,*44
18535 1658411446 0 7 $GNGGA,135045.000,4423.81018,N,00855.58191,E,1,16,0.7,1.9,M,44.7,M,,*46
18536 1658411447 0 3 2.788 4.978
18537 1658411447 0 1 1.793
18538 1658411447 0 4 2.573 1.646
18539 1658411447 0 5 0.04
18540 1658411447 0 6 0.11
18541 1658411448 0 8 4.997 12.266 11.89
18542 1658411448 0 0 27.01 8.21 121.3 67.71 127.2 7.88 16.1 0.0 315.7 3.73 46.08 1.2
18543 1658411448 0 7 $GNGGA,135046.000,4423.81028,N,00855.58187,E,1,16,0.7,1.8,M,44.7,M,,*40
18544 1658411449 0 7 $GNGGA,135047.000,4423.81038,N,00855.58181,E,1,16,0.7,1.8,M,44.7,M,,*46
18545 1658411449 0 7 $GNGGA,135048.000,4423.81049,N,00855.58176,E,1,16,0.7,1.7,M,44.7,M,,*48
18546 1658411450 0 3 2.793 4.978
18547 1658411450 0 1 1.357
18548 1658411450 0 4 2.573 1.648
18549 1658411450 0 5 0.04
18550 1658411450 0 6 0.11
18551 1658411451 0 8 4.997 12.257 11.89
18552 1658411451 0 0 26.34 8.22 121.4 67.71 127.3 7.97 16.2 0.0 334.4 4.87 46.10 1.1
18553 1658411451 0 7 $GNGGA,135049.000,4423.81056,N,00855.58169,E,1,16,0.7,1.7,M,44.7,M,,*49
18554 1658411451 0 7 $GNGGA,135050.000,4423.81064,N,00855.58162,E,1,16,0.7,1.7,M,44.7,M,,*4B
18555 1658411452 0 7 $GNGGA,135051.000,4423.81090,N,00855.58132,E,1,16,0.7,1.7,M,44.7,M,,*44
18556 1658411453 0 3 2.796 4.978
18557 1658411453 0 4 2.573 1.648
18558 1658411453 0 1 1.903
18559 1658411453 0 5 0.04
18560 1658411453 0 6 0.11
18561 1658411454 0 8 4.997 12.266 11.89
18562 1658411454 0 0 26.10 8.22 121.5 67.52 127.3 8.01 16.2 0.0 335.1 6.08 45.96 1.1
18563 1658411454 0 7 $GNGGA,135052.000,4423.81101,N,00855.58124,E,1,16,0.7,1.7,M,44.7,M,,*49
18564 1658411454 0 7 $GNGGA,135053.000,4423.81112,N,00855.58114,E,1,16,0.7,1.6,M,44.7,M,,*48
18565 1658411455 0 7 $GNGGA,135054.000,4423.81120,N,00855.58106,E,1,16,0.7,1.6,M,44.7,M,,*4D
18566 1658411456 0 3 2.793 4.978
18567 1658411456 0 1 1.999
18568 1658411456 0 4 2.575 1.648
18569 1658411456 0 5 0.04
18570 1658411456 0 6 0.11
18571 1658411457 0 8 4.997 12.257 11.91
18572 1658411457 0 0 25.96 8.23 121.5 67.45 127.4 8.04 16.1 0.0 333.8 7.28 45.91 1.1
18573 1658411457 0 7 $GNGGA,135055.000,4423.81152,N,00855.58088,E,1,16,0.7,1.3,M,44.7,M,,*4B
18574 1658411457 0 7 $GNGGA,135056.000,4423.81189,N,00855.58076,E,1,16,0.7,1.2,M,44.7,M,,*4E
18575 1658411458 0 7 $GNGGA,135057.000,4423.81203,N,00855.58070,E,1,16,0.7,1.2,M,44.7,M,,*48
18576 1658411459 0 3 2.795 4.978
18577 1658411459 0 4 2.576 1.648
18578 1658411459 0 1 2.529
18579 1658411459 0 5 0.04
18580 1658411459 0 6 0.11
18581 1658411460 0 8 4.997 12.266 11.89
18582 1658411460 0 0 25.69 8.23 121.6 67.51 127.5 8.08 16.2 0.0 335.6 8.38 45.96 1.1
18583 1658411460 0 7 $GNGGA,135058.000,4423.81210,N,00855.58061,E,1,16,0.7,1.1,M,44.7,M,,*46
18584 1658411460 0 7 $GNGGA,135059.000,4423.81220,N,00855.58057,E,1,16,0.7,1.1,M,44.7,M,,*41
18585 1658411461 0 7 $GNGGA,135100.000,4423.81229,N,00855.58053,E,1,16,0.7,1.1,M,44.7,M,,*41
18586 1658411462 0 3 2.797 4.978
18587 1658411462 0 1 3.930
18588 1658411462 0 4 2.576 1.648
18589 1658411462 0 5 0.05
18590 1658411462 0 6 0.11
18591 1658411463 0 8 4.997 12.257 11.89
18592 1658411463 0 0 24.88 8.23 121.7 67.64 127.6 8.19 16.4 0.0 357.9 9.51 46.09 1.1
18593 1658411463 0 7 $GNGGA,135101.000,4423.81238,N,00855.58049,E,1,16,0.7,1.0,M,44.7,M,,*4A
18594 1658411463 0 7 $GNGGA,135102.000,4423.81248,N,00855.58046,E,1,16,0.7,1.0,M,44.7,M,,*41
18595 1658411464 0 7 $GNGGA,135103.000,4423.81256,N,00855.58044,E,1,16,0.7,1.0,M,44.7,M,,*4D
18596 1658411465 0 3 2.800 4.978
18597 1658411465 0 4 2.576 1.641
18598 1658411465 0 1 3.910
18599 1658411465 0 5 0.05
18600 1658411465 0 6 0.11
18601 1658411466 0 8 4.997 12.257 11.89
18602 1658411466 0 0 24.53 8.24 121.9 67.47 127.7 8.25 16.4 0.0 363.1 10.77 45.96 1.0
18603 1658411466 0 7 $GNGGA,135104.000,4423.81264,N,00855.58041,E,1,16,0.7,0.9,M,44.7,M,,*46
18604 1658411467 0 7 $GNGGA,135106.000,4423.81279,N,00855.58032,E,1,16,0.7,0.9,M,44.7,M,,*4C
18605 1658411468 0 3 2.801 4.978
18606 1658411468 0 1 4.343
18607 1658411468 0 4 2.575 1.646
18608 1658411468 0 5 0.05
18609 1658411468 0 6 0.11
18610 1658411469 0 8 4.997 12.266 11.89
18611 1658411469 0 0 24.09 8.24 122.1 67.35 127.8 8.32 16.5 0.0 363.5 11.62 45.88 1.0
18612 1658411469 0 7 $GNGGA,135107.000,4423.81287,N,00855.58027,E,1,16,0.7,0.8,M,44.7,M,,*49
18613 1658411469 0 7 $GNGGA,135108.000,4423.81291,N,00855.58022,E,1,16,0.7,0.8,M,44.7,M,,*44
18614 1658411470 0 7 $GNGGA,135109.000,4423.81296,N,00855.58019,E,1,16,0.7,0.7,M,44.7,M,,*45
18615 1658411471 0 3 2.801 4.978
18616 1658411471 0 4 2.575 1.648
18617 1658411471 0 1 4.425
18618 1658411471 0 5 0.05
18619 1658411471 0 6 0.11
18620 1658411472 0 8 4.997 12.266 11.91
18621 1658411472 0 0 24.04 8.24 122.1 67.20 127.8 8.34 16.3 0.0 354.1 11.63 45.77 1.0
18622 1658411472 0 7 $GNGGA,135110.000,4423.81302,N,00855.58016,E,1,16,0.7,0.7,M,44.7,M,,*4E
18623 1658411473 0 7 $GNGGA,135112.000,4423.81314,N,00855.58012,E,1,16,0.7,0.6,M,44.7,M,,*4E
18624 1658411474 0 3 2.801 4.978
18625 1658411474 0 1 4.728
18626 1658411474 0 4 2.575 1.646
18627 1658411474 0 5 0.05
18628 1658411474 0 6 0.11
18629 1658411475 0 8 4.997 12.276 11.89
18630 1658411475 0 0 24.04 8.24 122.2 67.14 128.1 8.36 16.2 0.0 343.4 11.63 45.71 1.0
18631 1658411475 0 7 $GNGGA,135113.000,4423.81323,N,00855.58008,E,1,16,0.7,0.6,M,44.7,M,,*40
18632 1658411475 0 7 $GNGGA,135114.000,4423.81329,N,00855.58006,E,1,16,0.7,0.6,M,44.7,M,,*43
18633 1658411476 0 7 $GNGGA,135115.000,4423.81331,N,00855.58003,E,1,16,0.7,0.6,M,44.7,M,,*4E
18634 1658411477 0 3 2.801 4.978
18635 1658411477 0 1 4.015
18636 1658411477 0 4 2.573 1.646
18637 1658411477 0 5 0.05
18638 1658411477 0 6 0.10
18639 1658411478 0 8 4.997 12.266 11.89
18640 1658411478 0 0 24.09 8.24 122.3 67.09 128.1 8.35 16.2 0.0 335.9 11.31 45.67 1.0
18641 1658411478 0 7 $GNGGA,135116.000,4423.81336,N,00855.58006,E,1,16,0.7,0.5,M,44.7,M,,*4C
18642 1658411479 0 7 $GNGGA,135118.000,4423.81349,N,00855.58014,E,1,16,0.7,0.4,M,44.7,M,,*48
18643 1658411480 0 3 2.800 4.978
18644 1658411480 0 4 2.573 1.643
18645 1658411480 0 1 4.330
18646 1658411480 0 5 0.05
18647 1658411480 0 6 0.10
18648 1658411481 0 8 4.997 12.266 11.91
18649 1658411481 0 0 24.14 8.24 122.3 67.16 128.4 8.36 16.1 0.0 327.0 10.96 45.73 1.0
18650 1658411481 0 7 $GNGGA,135119.000,4423.81353,N,00855.58017,E,1,16,0.7,0.4,M,44.7,M,,*41
18651 1658411481 0 7 $GNGGA,135120.000,4423.81358,N,00855.58020,E,1,16,0.7,0.4,M,44.7,M,,*44
18652 1658411482 0 7 $GNGGA,135121.000,4423.81362,N,00855.58023,E,1,16,0.7,0.4,M,44.7,M,,*4F
18653 1658411483 0 3 2.800 4.978
18654 1658411483 0 1 4.096
18655 1658411483 0 4 2.573 1.641
18656 1658411483 0 5 0.05
18657 1658411483 0 6 0.10
18658 1658411484 0 8 4.997 12.266 11.91
18659 1658411484 0 0 24.21 8.24 122.4 67.05 128.8 8.38 16.0 0.0 318.0 10.63 45.64 1.0
18660 1658411484 0 7 $GNGGA,135122.000,4423.81369,N,00855.58028,E,1,16,0.7,0.3,M,44.7,M,,*4B
18661 1658411485 0 7 $GNGGA,135124.000,4423.81375,N,00855.58032,E,1,16,0.7,0.2,M,44.7,M,,*4A
18662 1658411486 0 3 2.800 4.978
18663 1658411486 0 4 2.573 1.643
18664 1658411486 0 1 4.379
18665 1658411486 0 5 0.05
18666 1658411486 0 6 0.10
18667 1658411487 0 8 4.997 12.266 11.89
18668 1658411487 0 0 24.45 8.24 122.4 66.83 129.0 8.37 15.8 0.0 304.7 10.30 45.47 1.0
18669 1658411487 0 7 $GNGGA,135125.000,4423.81377,N,00855.58033,E,1,16,0.7,0.2,M,44.7,M,,*48
18670 1658411487 0 7 $GNGGA,135126.000,4423.81381,N,00855.58034,E,1,16,0.7,0.2,M,44.7,M,,*45
18671 1658411488 0 7 $GNGGA,135127.000,4423.81385,N,00855.58034,E,1,16,0.7,0.1,M,44.7,M,,*43
18672 1658411489 0 3 2.800 4.978
18673 1658411489 0 1 3.945
18674 1658411489 0 4 2.573 1.643
18675 1658411489 0 5 0.05
18676 1658411489 0 6 0.10
18677 1658411490 0 8 4.997 12.266 11.89
18678 1658411490 0 0 24.60 8.24 122.4 66.93 129.3 8.36 15.7 0.0 294.2 9.93 45.54 1.0
18679 1658411490 0 7 $GNGGA,135128.000,4423.81388,N,00855.58035,E,1,16,0.7,0.1,M,44.7,M,,*40
18680 1658411491 0 7 $GNGGA,135130.000,4423.81393,N,00855.58035,E,1,16,0.7,0.0,M,44.7,M,,*42
18681 1658411492 0 3 2.800 4.978
18682 1658411492 0 4 2.570 1.641
18683 1658411492 0 1 3.860
18684 1658411492 0 5 0.05
18685 1658411492 0 6 0.09
18686 1658411493 0 8 4.997 12.266 11.89
18687 1658411493 0 0 24.76 8.24 122.5 66.92 129.5 8.36 15.6 0.0 284.3 9.55 45.53 1.0
18688 1658411493 0 7 $GNGGA,135131.000,4423.81395,N,00855.58036,E,1,16,0.7,-0.0,M,44.7,M,,*6B
18689 1658411493 0 7 $GNGGA,135132.000,4423.81398,N,00855.58037,E,1,16,0.7,-0.0,M,44.7,M,,*64
18690 1658411494 0 7 $GNGGA,135133.000,4423.81400,N,00855.58036,E,1,16,0.7,-0.1,M,44.7,M,,*63
18691 1658411495 0 3 2.800 4.978
18692 1658411495 0 1 4.084
18693 1658411495 0 4 2.570 1.640
18694 1658411495 0 5 0.05
18695 1658411495 0 6 0.09
18696 1658411496 0 8 4.997 12.276 11.89
18697 1658411496 0 0 24.81 8.24 122.5 66.99 129.9 8.37 15.6 0.0 276.6 9.19 45.59 1.0
18698 1658411496 0 7 $GNGGA,135134.000,4423.81403,N,00855.58034,E,1,16,0.7,-0.1,M,44.7,M,,*65
18699 1658411497 0 7 $GNGGA,135136.000,4423.81407,N,00855.58036,E,1,16,0.7,-0.2,M,44.7,M,,*62
18700 1658411498 0 3 2.800 4.978
18701 1658411498 0 4 2.569 1.639
18702 1658411498 0 1 3.724
18703 1658411498 0 5 0.28
18704 1658411498 0 6 0.09
18705 1658411499 0 8 4.997 12.266 11.91
18706 1658411499 0 0 24.99 8.24 122.5 67.01 130.4 8.37 15.6 0.0 268.8 8.81 45.60 1.0
18707 1658411499 0 7 $GNGGA,135137.000,4423.81410,N,00855.58035,E,1,16,0.7,-0.2,M,44.7,M,,*66
18708 1658411499 0 7 $GNGGA,135138.000,4423.81412,N,00855.58035,E,1,16,0.7,-0.2,M,44.7,M,,*6B
18709 1658411500 0 7 $GNGGA,135139.000,4423.81414,N,00855.58034,E,1,16,0.7,-0.3,M,44.7,M,,*6C
18710 1658411501 0 3 2.799 4.978
18711 1658411501 0 1 4.098
18712 1658411501 0 4 2.569 1.636
18713 1658411501 0 5 0.28
18714 1658411501 0 6 0.09
18715 1658411502 0 8 4.997 12.051 11.89
18716 1658411502 0 0 25.54 8.23 122.4 66.55 130.9 8.35 15.3 0.0 246.1 8.42 45.22 1.0
18717 1658411502 0 7 $GNGGA,135140.000,4423.81417,N,00855.58033,E,1,16,0.7,-0.3,M,44.7,M,,*66
18718 1658411503 0 7 $GNGGA,135142.000,4423.81422,N,00855.58034,E,1,16,0.7,-0.4,M,44.7,M,,*62
18719 1658411504 0 3 2.800 4.978
18720 1658411504 0 1 2.839
18721 1658411504 0 4 2.568 1.631
18722 1658411504 0 5 0.03
18723 1658411504 0 6 0.09
18724 1658411505 0 8 4.997 12.266 11.89
18725 1658411505 0 0 25.60 8.23 122.5 66.96 131.5 8.37 15.3 0.0 240.5 7.86 45.54 1.0
18726 1658411505 0 7 $GNGGA,135143.000,4423.81424,N,00855.58034,E,1,16,0.7,-0.4,M,44.7,M,,*65
18727 1658411505 0 7 $GNGGA,135144.000,4423.81426,N,00855.58035,E,1,16,0.7,-0.4,M,44.7,M,,*61
18728 1658411506 0 7 $GNGGA,135145.000,4423.81428,N,00855.58036,E,1,16,0.7,-0.4,M,44.7,M,,*6D
18729 1658411507 0 3 2.800 4.978
18730 1658411507 0 4 2.568 1.588
18731 1658411507 0 1 2.359
18732 1658411507 0 5 0.03
18733 1658411507 0 6 0.09
18734 1658411508 0 8 4.997 12.238 11.91
18735 1658411508 0 0 25.71 8.23 122.5 67.05 132.3 8.40 15.2 0.0 234.7 7.17 45.61 1.0
18736 1658411508 0 7 $GNGGA,135146.000,4423.81430,N,00855.58037,E,1,16,0.7,-0.4,M,44.7,M,,*66
18737 1658411509 0 7 $GNGGA,135148.000,4423.81436,N,00855.58039,E,1,16,0.7,-0.5,M,44.7,M,,*61
18738 1658411510 0 3 2.798 4.978
18739 1658411510 0 1 2.288
18740 1658411510 0 4 2.569 1.611
18741 1658411510 0 5 0.03
18742 1658411510 0 6 0.09
18743 1658411511 0 8 4.997 12.022 11.89
18744 1658411511 0 0 25.82 8.23 122.5 67.14 133.2 8.44 15.2 0.0 232.0 6.47 45.67 1.1
18745 1658411511 0 7 $GNGGA,135149.000,4423.81439,N,00855.58041,E,1,16,0.7,-0.5,M,44.7,M,,*60
18746 1658411511 0 7 $GNGGA,135150.000,4423.81442,N,00855.58043,E,1,16,0.7,-0.5,M,44.7,M,,*66
18747 1658411512 0 7 $GNGGA,135151.000,4423.81445,N,00855.58045,E,1,16,0.7,-0.6,M,44.7,M,,*65
18748 1658411513 0 3 2.798 4.978
18749 1658411513 0 4 2.569 1.608
18750 1658411513 0 1 2.139
18751 1658411513 0 5 0.03
18752 1658411513 0 6 0.09
18753 1658411514 0 8 4.997 12.248 11.89
18754 1658411514 0 0 25.95 8.23 122.5 67.17 134.0 8.47 15.2 0.0 226.6 5.68 45.69 1.1
18755 1658411514 0 7 $GNGGA,135152.000,4423.81447,N,00855.58047,E,1,16,0.7,-0.6,M,44.7,M,,*66
18756 1658411515 0 7 $GNGGA,135154.000,4423.81454,N,00855.58049,E,1,16,0.7,-0.6,M,44.7,M,,*6C
18757 1658411516 0 3 2.796 4.978
18758 1658411516 0 1 1.824
18759 1658411516 0 4 2.567 1.608
18760 1658411516 0 5 0.03
18761 1658411516 0 6 0.09
18762 1658411517 0 8 4.997 12.238 11.87
18763 1658411517 0 0 26.18 8.23 122.5 67.10 134.8 8.49 15.1 0.0 220.9 4.93 45.63 1.1
18764 1658411517 0 7 $GNGGA,135155.000,4423.81457,N,00855.58051,E,1,16,0.7,-0.7,M,44.7,M,,*66
18765 1658411517 0 7 $GNGGA,135156.000,4423.81459,N,00855.58052,E,1,16,0.7,-0.7,M,44.7,M,,*68
18766 1658411518 0 7 $GNGGA,135157.000,4423.81462,N,00855.58052,E,1,16,0.7,-0.7,M,44.7,M,,*61
18767 1658411519 0 3 2.794 4.978
18768 1658411519 0 4 2.566 1.608
18769 1658411519 0 1 1.550
18770 1658411519 0 5 0.03
18771 1658411519 0 6 0.09
18772 1658411520 0 8 4.997 12.032 11.89
18773 1658411520 0 0 26.32 8.23 122.4 67.25 135.8 8.53 15.1 0.0 218.8 4.38 45.75 1.1
18774 1658411520 0 7 $GNGGA,135158.000,4423.81464,N,00855.58053,E,1,16,0.7,-0.7,M,44.7,M,,*69
18775 1658411521 0 7 $GNGGA,135200.000,4423.81468,N,00855.58058,E,1,16,0.7,-0.8,M,44.7,M,,*6F
18776 1658411522 0 3 2.791 4.978
18777 1658411522 0 1 1.303
18778 1658411522 0 4 2.565 1.606
18779 1658411522 0 5 0.03
18780 1658411522 0 6 0.09
18781 1658411523 0 8 4.997 12.257 11.89
18782 1658411523 0 0 26.47 8.23 122.4 67.23 136.7 8.57 15.0 0.0 215.2 3.82 45.72 1.1
18783 1658411523 0 7 $GNGGA,135201.000,4423.81471,N,00855.58059,E,1,16,0.7,-0.8,M,44.7,M,,*67
18784 1658411523 0 7 $GNGGA,135202.000,4423.81474,N,00855.58061,E,1,16,0.7,-0.8,M,44.7,M,,*6A
18785 1658411524 0 7 $GNGGA,135203.000,4423.81496,N,00855.58070,E,1,16,0.7,-0.5,M,44.7,M,,*6A
18786 1658411525 0 3 2.787 4.978
18787 1658411525 0 4 2.565 1.603
18788 1658411525 0 1 1.390
18789 1658411525 0 5 0.03
18790 1658411525 0 6 0.09
18791 1658411526 0 8 4.997 12.257 11.89
18792 1658411526 0 0 26.85 8.22 122.4 67.01 137.6 8.57 14.9 0.0 209.7 3.30 45.54 1.1
18793 1658411526 0 7 $GNGGA,135204.000,4423.81491,N,00855.58069,E,1,16,0.7,-0.7,M,44.7,M,,*60
18794 1658411527 0 7 $GNGGA,135206.000,4423.81497,N,00855.58075,E,1,16,0.7,-0.7,M,44.7,M,,*69
18795 1658411528 0 3 2.783 4.978
18796 1658411528 0 1 1.884
18797 1658411528 0 4 2.564 1.603
18798 1658411528 0 5 0.03
18799 1658411528 0 6 0.09
18800 1658411529 0 8 4.997 12.248 11.89
18801 1658411529 0 0 27.00 8.22 122.3 67.22 138.5 8.60 14.9 0.0 208.2 2.79 45.70 1.1
18802 1658411529 0 7 $GNGGA,135207.000,4423.81500,N,00855.58076,E,1,16,0.7,-0.7,M,44.7,M,,*64
18803 1658411529 0 7 $GNGGA,135208.000,4423.81502,N,00855.58079,E,1,16,0.7,-0.7,M,44.7,M,,*66
18804 1658411530 0 7 $GNGGA,135209.000,4423.81504,N,00855.58081,E,1,16,0.7,-0.8,M,44.7,M,,*69
18805 1658411531 0 3 2.769 4.978
18806 1658411531 0 1 1.157
18807 1658411531 0 4 2.563 1.601
18808 1658411531 0 5 0.03
18809 1658411531 0 6 0.09
18810 1658411532 0 8 4.997 12.266 11.89
18811 1658411532 0 0 27.11 8.22 122.3 67.17 139.2 8.64 14.9 0.0 207.8 2.25 45.66 1.1
18812 1658411532 0 7 $GNGGA,135210.000,4423.81506,N,00855.58084,E,1,16,0.7,-0.8,M,44.7,M,,*66
18813 1658411533 0 7 $GNGGA,135212.000,4423.81509,N,00855.58088,E,1,16,0.7,-0.8,M,44.7,M,,*67
18814 1658411534 0 3 2.715 4.978
18815 1658411534 0 4 2.560 1.601
18816 1658411534 0 1 1.084
18817 1658411534 0 5 0.03
18818 1658411534 0 6 0.09
18819 1658411535 0 8 4.997 12.248 11.91
18820 1658411535 0 0 27.23 8.22 122.3 67.27 139.7 8.65 14.9 0.0 206.2 1.74 45.73 1.1
18821 1658411535 0 7 $GNGGA,135213.000,4423.81512,N,00855.58090,E,1,16,0.7,-0.8,M,44.7,M,,*65
18822 1658411535 0 7 $GNGGA,135214.000,4423.81515,N,00855.58091,E,1,16,0.7,-0.8,M,44.7,M,,*64
18823 1658411536 0 7 $GNGGA,135215.000,4423.81518,N,00855.58092,E,1,16,0.7,-0.8,M,44.7,M,,*6B
18824 1658411537 0 3 2.619 4.978
18825 1658411537 0 1 0.808
18826 1658411537 0 4 2.556 1.598
18827 1658411537 0 5 0.03
18828 1658411537 0 6 0.09
18829 1658411538 0 8 4.997 12.257 11.89
18830 1658411538 0 0 27.30 8.22 122.2 67.40 140.0 8.65 14.9 0.0 206.4 1.25 45.83 1.1
18831 1658411538 0 7 $GNGGA,135216.000,4423.81521,N,00855.58093,E,1,16,0.7,-0.8,M,44.7,M,,*63
18832 1658411539 0 7 $GNGGA,135218.000,4423.81528,N,00855.58093,E,1,16,0.7,-0.8,M,44.7,M,,*64
18833 1658411540 0 3 2.616 4.978
18834 1658411540 0 4 2.556 1.601
18835 1658411540 0 1 0.932
18836 1658411540 0 5 0.03
18837 1658411540 0 6 0.09
18838 1658411541 0 8 4.997 12.285 11.91
18839 1658411541 0 0 27.34 8.22 122.2 67.51 140.3 8.66 14.9 0.0 210.2 1.18 45.92 1.1
18840 1658411541 0 7 $GNGGA,135219.000,4423.81532,N,00855.58096,E,1,16,0.7,-0.9,M,44.7,M,,*6A
18841 1658411541 0 7 $GNGGA,135220.000,4423.81536,N,00855.58096,E,1,16,0.7,-0.9,M,44.7,M,,*64
18842 1658411542 0 7 $GNGGA,135221.000,4423.81540,N,00855.58096,E,1,16,0.7,-0.9,M,44.7,M,,*64
18843 1658411543 0 3 2.620 4.978
18844 1658411543 0 1 0.827
18845 1658411543 0 4 2.558 1.598
18846 1658411543 0 5 0.03
18847 1658411543 0 6 0.09
18848 1658411544 0 8 4.997 12.285 11.89
18849 1658411544 0 0 27.36 8.22 122.2 67.54 140.2 8.65 14.9 0.0 212.6 1.15 45.94 1.1
18850 1658411544 0 7 $GNGGA,135222.000,4423.81544,N,00855.58095,E,1,16,0.7,-0.9,M,44.7,M,,*60
18851 1658411545 0 7 $GNGGA,135224.000,4423.81552,N,00855.58097,E,1,16,0.7,-1.0,M,44.7,M,,*6B
18852 1658411546 0 3 2.619 4.978
18853 1658411546 0 4 2.559 1.598
