/home/danielacabiddu/Devel/src/MATRAC/test/tuttomatrac/data/porto_grid.mesh
26988 1658398881 0 3 2.571 4.979
26989 1658398882 0 4 2.566 1.709
26990 1658398882 0 5 0.48
26991 1658398882 0 6 0.09
26992 1658398882 0 8 4.997 9.596 9.22
26993 1658398882 0 1 2.427
26994 1658398883 0 7 $GNGGA,102121.000,4424.77115,N,00854.99721,E,1,10,1.0,-6.7,M,44.7,M,,*66
26995 1658398883 0 7 $GNGGA,102122.000,4424.77118,N,00854.99726,E,1,10,1.0,-6.7,M,44.7,M,,*6F
26996 1658398883 0 0 26.19 8.21 130.0 67.49 142.6 8.97 15.2 0.0 329.7 0.59 45.94 1.0
26997 1658398884 0 7 $GNGGA,102123.000,4424.77121,N,00854.99733,E,1,10,1.0,-6.7,M,44.7,M,,*60
26998 1658398884 0 3 2.572 4.979
26999 1658398884 0 4 2.568 1.714
27000 1658398885 0 5 0.48
27001 1658398885 0 6 0.09
27002 1658398885 0 1 2.312
27003 1658398885 0 8 4.997 9.643 9.22
27004 1658398885 0 0 26.21 8.21 129.8 67.56 141.7 8.91 15.3 0.0 330.6 0.58 45.99 1.0
27005 1658398885 0 7 $GNGGA,102124.000,4424.77122,N,00854.99737,E,1,10,1.0,-6.6,M,44.7,M,,*61
27006 1658398886 0 7 $GNGGA,102125.000,4424.77123,N,00854.99742,E,1,10,1.0,-6.5,M,44.7,M,,*60
27007 1658398887 0 7 $GNGGA,102126.000,4424.77125,N,00854.99744,E,1,10,1.0,-6.5,M,44.7,M,,*63
27008 1658398887 0 3 2.573 4.979
27009 1658398887 0 4 2.566 1.711
27010 1658398888 0 5 0.49
27011 1658398888 0 6 0.09
27012 1658398888 0 8 4.994 9.596 9.22
27013 1658398888 0 1 2.354
27014 1658398888 0 0 26.18 8.21 129.7 67.45 140.8 8.85 15.3 0.0 335.5 0.61 45.91 1.0
27015 1658398888 0 7 $GNGGA,102127.000,4424.77126,N,00854.99748,E,1,10,1.0,-6.4,M,44.7,M,,*6C
27016 1658398889 0 7 $GNGGA,102128.000,4424.77127,N,00854.99751,E,1,10,1.0,-6.4,M,44.7,M,,*6A
27017 1658398890 0 7 $GNGGA,102129.000,4424.77129,N,00854.99757,E,1,10,1.0,-6.4,M,44.7,M,,*63
27018 1658398890 0 3 2.573 4.979
27019 1658398890 0 4 2.564 1.654
27020 1658398891 0 5 0.49
27021 1658398891 0 1 2.638
27022 1658398891 0 6 0.09
27023 1658398891 0 8 4.997 9.671 9.20
27024 1658398891 0 0 26.12 8.21 129.5 67.35 139.8 8.80 15.4 0.0 333.4 0.59 45.83 1.0
27025 1658398891 0 7 $GNGGA,102130.000,4424.77133,N,00854.99765,E,1,10,1.0,-6.3,M,44.7,M,,*66
27026 1658398892 0 7 $GNGGA,102131.000,4424.77135,N,00854.99769,E,1,10,1.0,-6.2,M,44.7,M,,*6C
27027 1658398893 0 7 $GNGGA,102132.000,4424.77140,N,00854.99773,E,1,10,1.0,-6.1,M,44.7,M,,*65
27028 1658398893 0 3 2.570 4.979
27029 1658398893 0 4 2.555 1.659
27030 1658398894 0 5 0.49
27031 1658398894 0 6 0.09
27032 1658398894 0 8 4.997 9.596 9.20
27033 1658398894 0 1 2.647
27034 1658398894 0 0 26.12 8.21 129.5 67.53 138.9 8.74 15.3 0.0 333.2 0.59 45.97 1.0
27035 1658398894 0 7 $GNGGA,102133.000,4424.77145,N,00854.99777,E,1,10,1.0,-6.0,M,44.7,M,,*64
27036 1658398895 0 7 $GNGGA,102134.000,4424.77149,N,00854.99780,E,1,10,1.0,-6.0,M,44.7,M,,*67
27037 1658398896 0 7 $GNGGA,102135.000,4424.77153,N,00854.99786,E,1,10,1.0,-5.8,M,44.7,M,,*60
27038 1658398896 0 3 2.558 4.979
27039 1658398897 0 4 2.512 1.654
27040 1658398897 0 5 0.49
27041 1658398897 0 1 6.165
27042 1658398897 0 6 0.09
27043 1658398897 0 8 4.997 9.671 9.22
27044 1658398897 0 0 26.14 8.09 136.9 24.11 138.0 10.36 15.2 0.0 50.8 0.41 14.60 0.8
27045 1658398898 0 7 $GNGGA,102136.000,4424.77156,N,00854.99790,E,1,10,1.0,-5.7,M,44.7,M,,*6E
27046 1658398898 0 7 $GNGGA,102137.000,4424.77159,N,00854.99797,E,1,10,1.0,-5.6,M,44.7,M,,*66
27047 1658398899 0 7 $GNGGA,102138.000,4424.77162,N,00854.99801,E,1,10,1.0,-5.5,M,44.7,M,,*62
27048 1658398899 0 3 2.558 4.979
27049 1658398899 0 4 2.506 1.629
27050 1658398900 0 5 0.49
27051 1658398900 0 6 0.09
27052 1658398900 0 1 4.070
27053 1658398900 0 8 4.997 9.596 9.22
27054 1658398900 0 0 26.13 8.38 118.6 0.079 137.1 11.18 3.4 0.0 25.2 0.41 0.04 0.4
27055 1658398900 0 7 $GNGGA,102139.000,4424.77165,N,00854.99807,E,1,10,1.0,-5.4,M,44.7,M,,*63
27056 1658398901 0 7 $GNGGA,102140.000,4424.77168,N,00854.99810,E,1,10,1.0,-5.3,M,44.7,M,,*61
27057 1658398902 0 7 $GNGGA,102141.000,4424.77172,N,00854.99816,E,1,10,1.0,-5.2,M,44.7,M,,*6C
27058 1658398902 0 3 2.558 4.979
27059 1658398902 0 4 2.504 1.631
27060 1658398903 0 5 0.50
27061 1658398903 0 6 0.09
27062 1658398903 0 8 4.997 9.596 9.22
27063 1658398903 0 1 1.045
27064 1658398903 0 0 26.13 8.36 119.6 0.059 136.1 11.10 3.1 0.0 22.8 0.41 0.03 0.4
27065 1658398903 0 7 $GNGGA,102142.000,4424.77175,N,00854.99820,E,1,10,1.0,-5.1,M,44.7,M,,*6E
27066 1658398904 0 7 $GNGGA,102143.000,4424.77176,N,00854.99825,E,1,10,1.0,-5.0,M,44.7,M,,*68
27067 1658398905 0 7 $GNGGA,102144.000,4424.77179,N,00854.99828,E,1,10,1.0,-4.9,M,44.7,M,,*65
27068 1658398905 0 3 2.558 4.979
27069 1658398905 0 4 2.504 1.634
27070 1658398906 0 5 0.50
27071 1658398906 0 6 0.09
27072 1658398906 0 1 0.867
27073 1658398906 0 8 4.997 9.634 9.20
27074 1658398906 0 0 26.13 8.33 120.4 0.051 135.3 11.04 3.0 0.0 20.5 0.41 0.03 0.3
27075 1658398906 0 7 $GNGGA,102145.000,4424.77179,N,00854.99829,E,1,10,1.0,-4.9,M,44.7,M,,*65
27076 1658398907 0 7 $GNGGA,102146.000,4424.77179,N,00854.99833,E,1,10,1.0,-4.8,M,44.7,M,,*6C
27077 1658398908 0 7 $GNGGA,102147.000,4424.77181,N,00854.99835,E,1,10,1.0,-4.8,M,44.7,M,,*6C
27078 1658398908 0 3 2.558 4.979
27079 1658398908 0 4 2.503 1.634
27080 1658398909 0 5 0.50
27081 1658398909 0 6 0.09
27082 1658398909 0 8 4.997 9.605 9.22
27083 1658398909 0 1 0.773
27084 1658398909 0 0 26.13 8.29 122.6 0.045 134.6 10.98 2.9 0.0 19.0 0.41 0.02 0.3
27085 1658398909 0 7 $GNGGA,102148.000,4424.77183,N,00854.99837,E,1,10,1.0,-4.7,M,44.7,M,,*6C
27086 1658398910 0 7 $GNGGA,102149.000,4424.77186,N,00854.99838,E,1,10,1.0,-4.6,M,44.7,M,,*66
27087 1658398911 0 7 $GNGGA,102150.000,4424.77188,N,00854.99837,E,1,10,1.0,-4.6,M,44.7,M,,*6F
27088 1658398911 0 3 2.558 4.979
27089 1658398911 0 4 2.502 1.634
27090 1658398912 0 5 0.50
27091 1658398912 0 6 0.09
27092 1658398912 0 1 2.390
27093 1658398912 0 8 4.997 9.653 9.20
27094 1658398912 0 7 $GNGGA,102151.000,4424.77191,N,00854.99835,E,1,10,1.0,-4.6,M,44.7,M,,*64
27095 1658398913 0 7 $GNGGA,102152.000,4424.77193,N,00854.99832,E,1,10,1.0,-4.5,M,44.7,M,,*61
27096 1658398913 0 0 26.13 8.27 124.0 0.041 133.9 10.92 2.9 0.0 18.7 0.41 0.02 0.3
27097 1658398914 0 7 $GNGGA,102153.000,4424.77196,N,00854.99828,E,1,10,1.0,-4.5,M,44.7,M,,*6E
27098 1658398914 0 3 2.558 4.979
27099 1658398915 0 4 2.501 1.634
27100 1658398915 0 5 0.50
27101 1658398915 0 6 0.09
27102 1658398915 0 8 4.997 9.596 9.20
27103 1658398915 0 1 0.024
27104 1658398915 0 0 26.13 8.25 125.2 0.039 133.4 10.88 2.8 0.0 18.3 0.41 0.02 0.3
27105 1658398915 0 7 $GNGGA,102154.000,4424.77197,N,00854.99826,E,1,10,1.0,-4.5,M,44.7,M,,*66
27106 1658398916 0 7 $GNGGA,102155.000,4424.77199,N,00854.99822,E,1,10,1.0,-4.5,M,44.7,M,,*6D
27107 1658398917 0 7 $GNGGA,102156.000,4424.77202,N,00854.99821,E,1,10,1.0,-4.4,M,44.7,M,,*6D
27108 1658398917 0 3 2.559 4.979
27109 1658398917 0 4 2.501 1.631
27110 1658398918 0 5 0.50
27111 1658398918 0 1 -0.913
27112 1658398918 0 6 0.09
27113 1658398918 0 8 4.997 9.662 9.22
27114 1658398918 0 0 26.10 8.24 125.7 0.036 132.9 10.85 2.7 0.0 17.8 0.41 0.02 0.2
27115 1658398918 0 7 $GNGGA,102157.000,4424.77201,N,00854.99826,E,1,10,1.0,-3.8,M,44.7,M,,*63
27116 1658398919 0 7 $GNGGA,102158.000,4424.77204,N,00854.99822,E,1,10,1.0,-3.8,M,44.7,M,,*6D
27117 1658398920 0 7 $GNGGA,102159.000,4424.77207,N,00854.99818,E,1,10,1.0,-3.8,M,44.7,M,,*66
27118 1658398920 0 3 2.559 4.979
27119 1658398921 0 4 2.500 1.612
27120 1658398921 0 5 0.50
27121 1658398921 0 6 0.09
27122 1658398921 0 1 0.087
27123 1658398921 0 8 4.997 9.605 9.22
27124 1658398921 0 0 26.07 8.24 126.0 0.035 132.5 10.81 2.6 0.0 15.2 0.41 0.02 0.2
27125 1658398922 0 7 $GNGGA,102200.000,4424.77209,N,00854.99814,E,1,10,1.0,-3.8,M,44.7,M,,*6B
27126 1658398922 0 7 $GNGGA,102201.000,4424.77212,N,00854.99811,E,1,10,1.0,-3.8,M,44.7,M,,*65
27127 1658398923 0 7 $GNGGA,102202.000,4424.77214,N,00854.99809,E,1,10,1.0,-3.8,M,44.7,M,,*69
27128 1658398923 0 3 2.559 4.979
27129 1658398923 0 4 2.499 1.612
27130 1658398924 0 5 0.51
27131 1658398924 0 1 -0.638
27132 1658398924 0 6 0.09
27133 1658398924 0 8 4.994 9.671 9.22
27134 1658398924 0 0 26.05 8.19 128.6 0.033 132.0 10.78 2.6 0.0 15.9 0.41 0.02 0.2
27135 1658398924 0 7 $GNGGA,102203.000,4424.77222,N,00854.99784,E,1,10,1.0,-3.7,M,44.7,M,,*68
27136 1658398925 0 7 $GNGGA,102204.000,4424.77224,N,00854.99781,E,1,10,1.0,-3.6,M,44.7,M,,*6D
27137 1658398926 0 7 $GNGGA,102205.000,4424.77227,N,00854.99779,E,1,10,1.0,-3.6,M,44.7,M,,*68
27138 1658398926 0 3 2.559 4.979
27139 1658398927 0 4 2.499 1.582
27140 1658398927 0 5 0.51
27141 1658398927 0 6 0.09
27142 1658398927 0 1 -0.102
27143 1658398927 0 8 4.997 9.596 9.22
27144 1658398927 0 0 26.04 8.18 129.9 0.032 131.6 10.75 2.6 0.0 15.2 0.41 0.02 0.2
27145 1658398928 0 7 $GNGGA,102206.000,4424.77229,N,00854.99778,E,1,10,1.0,-3.5,M,44.7,M,,*67
27146 1658398928 0 7 $GNGGA,102207.000,4424.77230,N,00854.99776,E,1,10,1.0,-3.5,M,44.7,M,,*60
27147 1658398929 0 7 $GNGGA,102208.000,4424.77233,N,00854.99775,E,1,10,1.0,-3.5,M,44.7,M,,*6F
27148 1658398929 0 3 2.559 4.979
27149 1658398929 0 4 2.497 1.581
27150 1658398930 0 5 0.51
27151 1658398930 0 6 0.09
27152 1658398930 0 8 4.997 9.587 9.22
27153 1658398930 0 1 -0.050
27154 1658398930 0 0 26.04 8.18 130.9 0.031 131.3 10.72 2.6 0.0 13.5 0.41 0.02 0.2
27155 1658398930 0 7 $GNGGA,102209.000,4424.77236,N,00854.99773,E,1,10,1.0,-3.5,M,44.7,M,,*6D
27156 1658398931 0 7 $GNGGA,102210.000,4424.77240,N,00854.99772,E,1,10,1.0,-3.4,M,44.7,M,,*64
27157 1658398932 0 7 $GNGGA,102211.000,4424.77244,N,00854.99773,E,1,10,1.0,-3.4,M,44.7,M,,*60
27158 1658398932 0 3 2.559 4.979
27159 1658398933 0 4 2.495 1.582
27160 1658398933 0 5 0.51
27161 1658398933 0 6 0.10
27162 1658398933 0 1 -0.498
27163 1658398933 0 8 4.997 9.624 9.22
27164 1658398933 0 0 26.03 8.19 130.5 0.030 131.0 10.70 2.4 0.0 12.8 0.41 0.02 0.2
27165 1658398934 0 7 $GNGGA,102212.000,4424.77248,N,00854.99772,E,1,10,1.0,-3.4,M,44.7,M,,*6E
27166 1658398934 0 7 $GNGGA,102213.000,4424.77253,N,00854.99769,E,1,10,1.0,-3.4,M,44.7,M,,*6F
27167 1658398935 0 7 $GNGGA,102214.000,4424.77262,N,00854.99765,E,1,10,1.0,-3.3,M,44.7,M,,*61
27168 1658398935 0 3 2.559 4.979
27169 1658398935 0 4 2.495 1.542
27170 1658398936 0 5 0.51
27177 1658398938 0 7 $GNGGA,102217.000,4424.77279,N,00854.99759,E,1,10,1.0,-3.3,M,44.7,M,,*67
27179 1658398939 0 4 2.495 1.537
27180 1658398939 0 5 0.51
27181 1658398939 0 6 0.10
27185 1658398940 0 7 $GNGGA,102218.000,4424.77286,N,00854.99757,E,1,10,1.0,-3.3,M,44.7,M,,*66
27187 1658398941 0 7 $GNGGA,102220.000,4424.77298,N,00854.99753,E,1,10,1.0,-3.2,M,44.7,M,,*67
27188 1658398941 0 3 2.559 4.979
27191 1658398942 0 6 0.10
27192 1658398942 0 8 4.994 9.596 9.22
27193 1658398942 0 1 0.891
27195 1658398943 0 7 $GNGGA,102222.000,4424.77311,N,00854.99753,E,1,10,1.0,-3.2,M,44.7,M,,*65
27196 1658398943 0 0 26.05 8.14 135.1 0.028 130.3 10.64 2.1 0.0 10.9 0.41 0.02 0.1
27198 1658398944 0 3 2.559 4.979
27199 1658398945 0 4 2.495 1.542
27200 1658398945 0 5 0.51
27203 1658398945 0 8 4.997 9.662 9.22
27204 1658398945 0 0 26.06 8.09 138.9 0.027 130.1 10.62 2.1 0.0 11.1 0.41 0.02 0.1
27205 1658398946 0 7 $GNGGA,102224.000,4424.77328,N,00854.99751,E,1,10,1.0,-3.1,M,44.7,M,,*68
27206 1658398947 0 7 $GNGGA,102226.000,4424.77342,N,00854.99753,E,1,10,1.0,-3.1,M,44.7,M,,*64
27208 1658398947 0 4 2.495 1.544
27209 1658398948 0 5 0.52
27210 1658398948 0 6 0.10
27211 1658398948 0 8 4.997 9.596 9.22
27214 1658398948 0 7 $GNGGA,102227.000,4424.77350,N,00854.99756,E,1,10,1.0,-3.1,M,44.7,M,,*63
27215 1658398949 0 7 $GNGGA,102228.000,4424.77356,N,00854.99754,E,1,10,1.0,-3.0,M,44.7,M,,*69
27216 1658398950 0 7 $GNGGA,102229.000,4424.77364,N,00854.99757,E,1,10,1.0,-3.0,M,44.7,M,,*6A
27217 1658398950 0 3 2.559 4.979
27219 1658398951 0 5 0.52
27220 1658398951 0 1 0.729
27222 1658398951 0 8 4.994 9.662 9.22
27225 1658398952 0 7 $GNGGA,102231.000,4424.77380,N,00854.99766,E,1,10,1.0,-2.9,M,44.7,M,,*63
27227 1658398953 0 3 2.559 4.979
27228 1658398953 0 4 2.495 1.539
27229 1658398954 0 5 0.52
27232 1658398954 0 8 4.997 9.587 9.22
27233 1658398954 0 0 26.12 8.03 145.6 0.025 129.3 10.55 2.3 0.0 13.4 0.41 0.02 0.1
27234 1658398954 0 7 $GNGGA,102233.000,4424.77393,N,00854.99774,E,1,10,1.0,-2.8,M,44.7,M,,*61
27236 1658398956 0 7 $GNGGA,102235.000,4424.77401,N,00854.99832,E,1,10,1.0,-3.3,M,44.7,M,,*6C
27244 1658398958 0 7 $GNGGA,102236.000,4424.77407,N,00854.99843,E,1,10,1.0,-3.2,M,44.7,M,,*6E
27245 1658398958 0 7 $GNGGA,102237.000,4424.77411,N,00854.99851,E,1,10,1.0,-3.2,M,44.7,M,,*6B
27246 1658398959 0 7 $GNGGA,102238.000,4424.77416,N,00854.99863,E,1,10,1.0,-3.2,M,44.7,M,,*62
27247 1658398959 0 3 2.560 4.979
27255 1658398961 0 7 $GNGGA,102240.000,4424.77423,N,00854.99875,E,1,10,1.0,-3.1,M,44.7,M,,*6F
27256 1658398962 0 7 $GNGGA,102241.000,4424.77427,N,00854.99887,E,1,10,1.0,-3.1,M,44.7,M,,*67
27257 1658398962 0 3 2.560 4.979
27258 1658398962 0 4 2.495 1.521
27262 1658398963 0 1 0.784
27263 1658398963 0 0 26.16 7.99 149.4 0.023 128.9 10.51 2.5 0.0 13.4 0.41 0.01 0.1
27266 1658398965 0 7 $GNGGA,102244.000,4424.77436,N,00854.99910,E,1,10,1.0,-3.0,M,44.7,M,,*6C
27267 1658398965 0 3 2.560 4.979
27274 1658398966 0 7 $GNGGA,102245.000,4424.77440,N,00854.99918,E,1,10,1.0,-2.9,M,44.7,M,,*6C
27275 1658398967 0 7 $GNGGA,102246.000,4424.77443,N,00854.99927,E,1,10,1.0,-2.9,M,44.7,M,,*60
27276 1658398968 0 7 $GNGGA,102247.000,4424.77446,N,00854.99937,E,1,10,1.0,-2.8,M,44.7,M,,*64
27277 1658398968 0 3 2.560 4.979
27280 1658398969 0 6 0.10
27281 1658398969 0 8 4.997 9.577 9.20
27282 1658398969 0 1 1.021
27283 1658398969 0 0 26.23 8.01 149.0 0.022 128.5 10.46 2.5 0.0 14.8 0.41 0.01 0.1
27284 1658398970 0 7 $GNGGA,102248.000,4424.77449,N,00854.99948,E,1,10,1.0,-2.8,M,44.7,M,,*6C
27285 1658398970 0 7 $GNGGA,102249.000,4424.77452,N,00854.99952,E,1,10,1.0,-2.7,M,44.7,M,,*63
27286 1658398971 0 7 $GNGGA,102250.000,4424.77456,N,00854.99956,E,1,10,1.0,-2.7,M,44.7,M,,*6B
27289 1658398972 0 5 0.52
27292 1658398972 0 8 4.997 9.662 9.22
27293 1658398972 0 7 $GNGGA,102251.000,4424.77459,N,00854.99961,E,1,10,1.0,-2.7,M,44.7,M,,*61
27296 1658398974 0 7 $GNGGA,102253.000,4424.77467,N,00854.99967,E,1,10,1.0,-2.6,M,44.7,M,,*69
27298 1658398974 0 4 2.495 1.519
27299 1658398975 0 5 0.52
27300 1658398975 0 6 0.10
27301 1658398975 0 8 4.997 9.587 9.22
27304 1658398976 0 7 $GNGGA,102254.000,4424.77472,N,00854.99972,E,1,10,1.0,-2.6,M,44.7,M,,*6E
27305 1658398976 0 7 $GNGGA,102255.000,4424.77475,N,00854.99977,E,1,10,1.0,-2.5,M,44.7,M,,*6E
27306 1658398977 0 7 $GNGGA,102256.000,4424.77479,N,00854.99982,E,1,10,1.0,-2.5,M,44.7,M,,*6B
27307 1658398977 0 3 2.560 4.979
27311 1658398978 0 6 0.10
27312 1658398978 0 8 4.997 9.643 9.22
27313 1658398978 0 0 26.27 7.99 150.5 0.022 128.1 10.42 2.3 0.0 13.2 0.41 0.01 0.1
27316 1658398980 0 7 $GNGGA,102259.000,4424.77489,N,00854.99998,E,1,10,1.0,-2.4,M,44.7,M,,*61
27317 1658398980 0 3 2.560 4.979
27318 1658398980 0 4 2.493 1.509
27319 1658398981 0 5 0.53
27322 1658398981 0 8 4.997 9.577 9.22
27323 1658398981 0 0 26.25 7.95 153.0 0.022 128.0 10.42 2.3 0.0 12.7 0.41 0.01 0.1
27326 1658398983 0 7 $GNGGA,102302.000,4424.77503,N,00855.00010,E,1,10,1.0,-2.2,M,44.7,M,,*63
27328 1658398983 0 4 2.493 1.502
27329 1658398984 0 5 0.52
27330 1658398984 0 6 0.10
27331 1658398984 0 8 4.997 9.587 9.22
27332 1658398984 0 1 -2.070
27333 1658398984 0 0 26.24 7.93 154.1 0.021 128.0 10.42 2.2 0.0 12.7 0.41 0.01 0.1
27334 1658398984 0 7 $GNGGA,102303.000,4424.77507,N,00855.00014,E,1,10,1.0,-2.2,M,44.7,M,,*62
27335 1658398985 0 7 $GNGGA,102304.000,4424.77512,N,00855.00018,E,1,10,1.0,-2.2,M,44.7,M,,*6D
27336 1658398986 0 7 $GNGGA,102305.000,4424.77515,N,00855.00026,E,1,10,1.0,-2.2,M,44.7,M,,*66
27337 1658398986 0 3 2.561 4.979
27338 1658398986 0 4 2.493 1.499
27339 1658398987 0 5 0.53
28769 1658399418 0 3 2.585 4.979
28770 1658399418 0 4 2.597 1.539
28771 1658399419 0 5 0.54
28772 1658399419 0 1 2.025
28773 1658399419 0 0 26.87 8.21 118.9 67.62 137.1 8.52 15.5 0.0 407.3 0.92 46.01 1.1
28774 1658399419 0 7 $GNGGA,103018.000,4424.65393,N,00854.97800,E,1,11,1.0,7.5,M,44.7,M,,*4E
28775 1658399420 0 7 $GNGGA,103019.000,4424.65392,N,00854.97798,E,1,11,1.0,7.5,M,44.7,M,,*40
28776 1658399420 0 6 0.10
28777 1658399420 0 8 4.994 9.473 9.16
28778 1658399421 0 7 $GNGGA,103020.000,4424.65392,N,00854.97791,E,1,11,1.0,7.5,M,44.7,M,,*43
28779 1658399421 0 3 2.584 4.979
28780 1658399421 0 4 2.592 1.539
28781 1658399422 0 7 $GNGGA,103021.000,4424.65391,N,00854.97786,E,1,11,1.0,7.5,M,44.7,M,,*47
28782 1658399423 0 7 $GNGGA,103022.000,4424.65391,N,00854.97776,E,1,11,1.0,7.6,M,44.7,M,,*48
28783 1658399423 0 0 26.88 8.21 118.9 67.60 137.0 8.52 15.5 0.0 405.7 0.88 46.00 1.1
28784 1658399423 0 1 1.981
28785 1658399424 0 1 2.020
28786 1658399424 0 6 0.10
28787 1658399424 0 8 4.997 9.455 9.16
28788 1658399424 0 3 2.584 4.979
28789 1658399425 0 4 2.589 1.539
28790 1658399425 0 5 0.54
28791 1658399425 0 1 2.004
28792 1658399425 0 0 26.88 8.21 118.9 67.59 137.0 8.51 15.4 0.0 405.5 0.92 46.00 1.1
28793 1658399425 0 7 $GNGGA,103023.000,4424.65391,N,00854.97770,E,1,11,1.0,7.6,M,44.7,M,,*4F
28794 1658399426 0 6 0.10
28795 1658399426 0 8 4.994 9.436 9.16
28796 1658399427 0 7 $GNGGA,103026.000,4424.65387,N,00854.97752,E,1,11,1.0,7.7,M,44.7,M,,*4C
28797 1658399427 0 3 2.595 4.979
28798 1658399427 0 4 2.625 1.532
28799 1658399428 0 5 0.54
28800 1658399428 0 1 2.037
28801 1658399428 0 0 26.88 8.21 118.7 67.50 137.0 8.52 15.4 0.0 405.1 1.12 45.92 1.1
28802 1658399428 0 7 $GNGGA,103027.000,4424.65388,N,00854.97747,E,1,11,1.0,7.7,M,44.7,M,,*46
28803 1658399429 0 7 $GNGGA,103028.000,4424.65389,N,00854.97738,E,1,11,1.0,7.7,M,44.7,M,,*40
28804 1658399429 0 6 0.10
28805 1658399429 0 8 4.997 9.483 9.16
28806 1658399430 0 7 $GNGGA,103029.000,4424.65388,N,00854.97730,E,1,11,1.0,7.7,M,44.7,M,,*48
28807 1658399430 0 3 2.685 4.979
28808 1658399430 0 4 2.691 1.517
28809 1658399431 0 5 0.54
28810 1658399431 0 1 2.267
28811 1658399431 0 0 26.85 8.21 118.8 67.70 137.0 8.52 15.4 0.0 406.3 1.65 46.08 1.1
28812 1658399431 0 7 $GNGGA,103030.000,4424.65386,N,00854.97723,E,1,11,1.0,7.7,M,44.7,M,,*4C
28813 1658399432 0 7 $GNGGA,103031.000,4424.65386,N,00854.97715,E,1,11,1.0,7.8,M,44.7,M,,*47
28814 1658399432 0 6 0.10
28815 1658399432 0 8 4.994 9.502 9.18
28816 1658399433 0 7 $GNGGA,103032.000,4424.65384,N,00854.97709,E,1,11,1.0,7.8,M,44.7,M,,*4B
28817 1658399433 0 3 2.758 4.979
28818 1658399434 0 4 2.695 1.534
28819 1658399434 0 5 0.54
28820 1658399434 0 1 2.932
28822 1658399434 0 7 $GNGGA,103033.000,4424.65404,N,00854.97683,E,1,11,1.0,8.0,M,44.7,M,,*41
28823 1658399435 0 7 $GNGGA,103034.000,4424.65405,N,00854.97670,E,1,11,1.0,8.0,M,44.7,M,,*4B
28824 1658399435 0 6 0.10
28825 1658399435 0 8 4.994 9.407 9.16
28826 1658399436 0 7 $GNGGA,103035.000,4424.65404,N,00854.97661,E,1,11,1.0,8.1,M,44.7,M,,*4A
28827 1658399436 0 3 2.763 4.979
28828 1658399436 0 4 2.698 1.532
28829 1658399437 0 5 0.54
28830 1658399437 0 1 3.855
28831 1658399437 0 0 26.50 8.22 118.8 67.67 137.0 8.56 15.5 0.0 416.4 2.49 46.07 1.1
28832 1658399437 0 7 $GNGGA,103036.000,4424.65407,N,00854.97646,E,1,11,1.0,8.1,M,44.7,M,,*4F
28833 1658399438 0 7 $GNGGA,103037.000,4424.65407,N,00854.97638,E,1,11,1.0,8.1,M,44.7,M,,*47
28834 1658399438 0 6 0.10
28835 1658399438 0 8 4.997 9.473 9.16
28836 1658399439 0 7 $GNGGA,103038.000,4424.65406,N,00854.97630,E,1,11,1.0,8.1,M,44.7,M,,*41
28837 1658399439 0 3 2.766 4.979
28838 1658399439 0 4 2.699 1.537
28839 1658399440 0 5 0.54
28840 1658399440 0 1 3.463
28841 1658399440 0 0 26.37 8.22 118.7 67.61 137.0 8.58 15.6 0.0 418.4 3.02 46.03 1.1
28842 1658399440 0 7 $GNGGA,103039.000,4424.65404,N,00854.97623,E,1,11,1.0,8.1,M,44.7,M,,*40
28843 1658399441 0 7 $GNGGA,103040.000,4424.65405,N,00854.97608,E,1,11,1.0,8.1,M,44.7,M,,*46
28844 1658399441 0 6 0.10
28845 1658399441 0 8 4.994 9.417 9.16
28846 1658399442 0 7 $GNGGA,103041.000,4424.65403,N,00854.97599,E,1,11,0.9,8.1,M,44.7,M,,*42
28847 1658399442 0 3 2.775 4.979
28848 1658399442 0 4 2.700 1.554
28849 1658399443 0 5 0.54
28850 1658399443 0 1 2.986
28851 1658399443 0 0 26.28 8.22 118.6 67.58 137.0 8.60 15.6 0.0 418.4 3.57 46.00 1.1
28852 1658399443 0 7 $GNGGA,103042.000,4424.65401,N,00854.97588,E,1,11,0.9,8.1,M,44.7,M,,*43
28853 1658399444 0 7 $GNGGA,103043.000,4424.65400,N,00854.97578,E,1,11,0.9,8.1,M,44.7,M,,*4C
28854 1658399444 0 6 0.10
28855 1658399444 0 8 4.997 9.407 9.16
28856 1658399445 0 7 $GNGGA,103044.000,4424.65399,N,00854.97565,E,1,11,0.9,8.1,M,44.7,M,,*40
28857 1658399445 0 3 2.780 4.979
28858 1658399445 0 4 2.701 1.559
28859 1658399446 0 5 0.54
28860 1658399446 0 1 3.057
28861 1658399446 0 0 26.24 8.22 118.7 67.64 137.0 8.60 15.5 0.0 418.0 4.09 46.05 1.1
28862 1658399446 0 7 $GNGGA,103045.000,4424.65395,N,00854.97556,E,1,11,0.9,8.1,M,44.7,M,,*4D
28863 1658399447 0 7 $GNGGA,103046.000,4424.65393,N,00854.97548,E,1,11,0.9,8.2,M,44.7,M,,*44
28864 1658399447 0 6 0.10
28865 1658399447 0 8 4.994 9.445 9.16
28866 1658399448 0 7 $GNGGA,103047.000,4424.65395,N,00854.97540,E,1,11,0.9,8.2,M,44.7,M,,*4B
28867 1658399448 0 3 2.785 4.979
28868 1658399448 0 4 2.702 1.561
28869 1658399449 0 5 0.54
28870 1658399449 0 1 4.273
28871 1658399449 0 0 26.02 8.23 118.6 67.74 137.0 8.63 15.6 0.0 430.0 4.70 46.14 1.1
28872 1658399449 0 7 $GNGGA,103048.000,4424.65398,N,00854.97533,E,1,11,0.9,8.2,M,44.7,M,,*4D
28873 1658399450 0 7 $GNGGA,103049.000,4424.65398,N,00854.97527,E,1,11,0.9,8.2,M,44.7,M,,*49
28874 1658399450 0 6 0.10
28875 1658399450 0 8 4.994 9.502 9.16
28876 1658399451 0 7 $GNGGA,103050.000,4424.65398,N,00854.97519,E,1,11,0.9,8.3,M,44.7,M,,*4D
28877 1658399451 0 3 2.787 4.979
28878 1658399451 0 4 2.702 1.564
28879 1658399452 0 7 $GNGGA,103051.000,4424.65400,N,00854.97514,E,1,11,0.9,8.3,M,44.7,M,,*47
28880 1658399453 0 7 $GNGGA,103052.000,4424.65402,N,00854.97509,E,1,11,0.9,8.3,M,44.7,M,,*4A
28881 1658399453 0 0 25.81 8.23 118.7 67.64 137.1 8.67 15.7 0.0 430.0 5.54 46.06 1.1
28882 1658399453 0 1 4.619
28883 1658399454 0 1 4.554
28884 1658399454 0 6 0.10
28885 1658399454 0 8 4.994 9.558 9.16
28886 1658399454 0 3 2.791 4.979
28887 1658399455 0 4 2.704 1.564
28888 1658399455 0 1 5.682
28889 1658399455 0 0 25.54 8.22 118.8 67.64 137.1 8.70 15.7 0.0 434.6 6.33 46.07 1.1
28890 1658399455 0 7 $GNGGA,103053.000,4424.65403,N,00854.97502,E,1,11,0.9,8.3,M,44.7,M,,*41
28891 1658399456 0 5 0.53
28892 1658399456 0 6 0.10
28893 1658399457 0 8 4.994 9.568 9.16
28894 1658399457 0 7 $GNGGA,103056.000,4424.65406,N,00854.97485,E,1,11,0.9,8.3,M,44.7,M,,*4F
28895 1658399457 0 3 2.793 4.979
28896 1658399458 0 4 2.704 1.564
28897 1658399458 0 1 6.309
28898 1658399458 0 0 25.31 8.22 118.9 67.63 137.1 8.74 15.7 0.0 450.6 7.12 46.07 1.0
28899 1658399458 0 7 $GNGGA,103057.000,4424.65407,N,00854.97482,E,1,11,0.9,8.2,M,44.7,M,,*49
28900 1658399459 0 7 $GNGGA,103058.000,4424.65408,N,00854.97480,E,1,11,0.9,8.2,M,44.7,M,,*4B
28901 1658399459 0 5 0.54
28902 1658399459 0 6 0.10
28903 1658399460 0 8 4.994 9.521 9.16
28904 1658399460 0 7 $GNGGA,103059.000,4424.65411,N,00854.97478,E,1,11,0.9,8.2,M,44.7,M,,*45
28905 1658399460 0 3 2.796 4.979
28906 1658399461 0 4 2.704 1.566
28907 1658399461 0 1 6.172
28908 1658399461 0 0 24.94 8.22 119.1 67.60 137.2 8.80 15.9 0.0 444.9 7.82 46.05 1.0
28909 1658399461 0 7 $GNGGA,103100.000,4424.65413,N,00854.97478,E,1,11,0.9,8.2,M,44.7,M,,*4A
28910 1658399462 0 7 $GNGGA,103101.000,4424.65415,N,00854.97474,E,1,11,0.9,8.1,M,44.7,M,,*42
28911 1658399462 0 5 0.53
28912 1658399462 0 6 0.10
28913 1658399463 0 8 4.997 9.577 9.16
28914 1658399463 0 7 $GNGGA,103102.000,4424.65416,N,00854.97473,E,1,11,0.9,8.1,M,44.7,M,,*45
28915 1658399463 0 3 2.796 4.979
28916 1658399464 0 4 2.704 1.566
28917 1658399464 0 1 5.646
28918 1658399464 0 0 24.79 8.22 119.2 67.54 137.3 8.83 15.8 0.0 444.7 8.36 46.01 1.0
28919 1658399464 0 7 $GNGGA,103103.000,4424.65419,N,00854.97473,E,1,11,0.9,8.1,M,44.7,M,,*4B
28920 1658399465 0 7 $GNGGA,103104.000,4424.65421,N,00854.97472,E,1,11,0.9,8.0,M,44.7,M,,*47
28921 1658399465 0 5 0.53
28922 1658399465 0 6 0.10
28923 1658399466 0 8 4.997 9.653 9.16
28924 1658399466 0 7 $GNGGA,103105.000,4424.65423,N,00854.97471,E,1,11,0.9,8.0,M,44.7,M,,*47
28925 1658399466 0 3 2.799 4.979
28926 1658399467 0 4 2.704 1.566
28927 1658399467 0 1 4.584
28928 1658399467 0 0 24.68 8.22 119.3 67.50 137.4 8.85 15.8 0.0 441.9 8.87 45.98 1.0
28929 1658399467 0 7 $GNGGA,103106.000,4424.65424,N,00854.97468,E,1,11,0.9,7.9,M,44.7,M,,*4D
28930 1658399468 0 7 $GNGGA,103107.000,4424.65425,N,00854.97466,E,1,11,0.9,7.9,M,44.7,M,,*43
28931 1658399468 0 5 0.52
28932 1658399468 0 6 0.10
28933 1658399469 0 8 4.994 9.653 9.16
28934 1658399469 0 7 $GNGGA,103108.000,4424.65426,N,00854.97463,E,1,11,0.9,7.9,M,44.7,M,,*4A
28935 1658399469 0 3 2.800 4.979
28936 1658399470 0 4 2.704 1.571
28937 1658399470 0 1 4.812
28938 1658399470 0 0 24.64 8.22 119.4 67.51 137.4 8.86 15.7 0.0 433.8 9.42 45.99 1.0
28939 1658399470 0 7 $GNGGA,103109.000,4424.65426,N,00854.97460,E,1,11,0.9,7.9,M,44.7,M,,*48
28940 1658399471 0 7 $GNGGA,103110.000,4424.65426,N,00854.97456,E,1,11,0.9,7.8,M,44.7,M,,*44
28941 1658399471 0 5 0.52
28942 1658399471 0 6 0.10
28943 1658399472 0 8 4.994 9.624 9.16
28944 1658399472 0 7 $GNGGA,103111.000,4424.65425,N,00854.97452,E,1,11,0.9,7.8,M,44.7,M,,*42
28945 1658399472 0 3 2.800 4.979
28946 1658399473 0 4 2.704 1.586
28947 1658399473 0 1 3.502
28948 1658399473 0 0 24.54 8.22 119.3 67.40 137.5 8.88 15.7 0.0 441.5 9.97 45.91 1.0
28949 1658399473 0 7 $GNGGA,103112.000,4424.65426,N,00854.97448,E,1,11,0.9,7.8,M,44.7,M,,*49
28950 1658399474 0 7 $GNGGA,103113.000,4424.65427,N,00854.97444,E,1,11,0.9,7.8,M,44.7,M,,*45
28951 1658399474 0 5 0.51
28952 1658399474 0 6 0.10
28953 1658399475 0 8 4.994 9.634 9.16
28954 1658399475 0 7 $GNGGA,103114.000,4424.65428,N,00854.97440,E,1,11,0.9,7.7,M,44.7,M,,*46
28955 1658399475 0 3 2.802 4.979
28956 1658399476 0 4 2.704 1.586
28957 1658399476 0 1 2.504
28958 1658399476 0 0 24.27 8.22 119.5 67.41 137.5 8.92 15.8 0.0 438.9 10.50 45.92 0.9
28959 1658399476 0 7 $GNGGA,103115.000,4424.65429,N,00854.97437,E,1,11,0.9,7.7,M,44.7,M,,*46
28960 1658399477 0 7 $GNGGA,103116.000,4424.65430,N,00854.97432,E,1,11,0.9,7.7,M,44.7,M,,*48
28961 1658399477 0 5 0.51
28962 1658399477 0 6 0.10
28963 1658399478 0 8 4.997 9.605 9.16
28964 1658399478 0 7 $GNGGA,103117.000,4424.65434,N,00854.97364,E,1,11,0.9,7.9,M,44.7,M,,*47
28965 1658399478 0 3 2.803 4.979
28966 1658399479 0 4 2.703 1.586
28967 1658399479 0 1 3.263
28968 1658399479 0 0 24.19 8.22 119.5 67.43 137.5 8.94 15.7 0.0 428.1 10.66 45.94 0.9
28969 1658399479 0 7 $GNGGA,103118.000,4424.65436,N,00854.97355,E,1,11,0.9,7.8,M,44.7,M,,*49
28970 1658399480 0 7 $GNGGA,103119.000,4424.65438,N,00854.97345,E,1,11,0.9,7.8,M,44.7,M,,*47
28971 1658399480 0 5 0.50
28972 1658399480 0 6 0.10
28973 1658399481 0 8 4.994 9.577 9.16
28974 1658399481 0 7 $GNGGA,103120.000,4424.65440,N,00854.97338,E,1,11,0.9,7.7,M,44.7,M,,*47
28975 1658399481 0 3 2.803 4.979
28976 1658399482 0 4 2.703 1.596
28977 1658399482 0 7 $GNGGA,103121.000,4424.65441,N,00854.97330,E,1,11,0.9,7.7,M,44.7,M,,*4F
28978 1658399483 0 7 $GNGGA,103122.000,4424.65442,N,00854.97323,E,1,11,0.9,7.7,M,44.7,M,,*4D
28979 1658399483 0 0 24.27 8.22 119.5 67.51 137.5 8.92 15.6 0.0 413.3 10.66 46.00 0.9
28980 1658399483 0 1 3.084
28981 1658399484 0 5 0.50
28982 1658399484 0 6 0.09
28983 1658399484 0 8 4.994 9.577 9.13
28984 1658399484 0 3 2.803 4.979
28985 1658399485 0 4 2.702 1.594
28986 1658399485 0 1 3.707
28987 1658399485 0 0 24.31 8.22 119.6 67.49 137.6 8.92 15.6 0.0 407.3 10.66 45.99 0.9
28988 1658399485 0 7 $GNGGA,103123.000,4424.65442,N,00854.97319,E,1,11,0.9,7.7,M,44.7,M,,*45
28989 1658399486 0 5 0.49
28990 1658399486 0 6 0.09
28991 1658399487 0 8 4.994 9.577 9.16
28992 1658399487 0 7 $GNGGA,103126.000,4424.65442,N,00854.97303,E,1,11,0.9,7.7,M,44.7,M,,*4B
28993 1658399487 0 3 2.803 4.979
28994 1658399488 0 4 2.702 1.591
28995 1658399488 0 1 3.310
28996 1658399488 0 0 24.34 8.22 119.6 67.54 137.6 8.91 15.6 0.0 400.8 10.66 46.02 0.9
28997 1658399488 0 7 $GNGGA,103127.000,4424.65441,N,00854.97298,E,1,11,0.9,7.7,M,44.7,M,,*4A
28998 1658399489 0 7 $GNGGA,103128.000,4424.65442,N,00854.97288,E,1,11,0.9,7.7,M,44.7,M,,*47
28999 1658399489 0 5 0.49
29000 1658399489 0 6 0.09
29001 1658399490 0 8 4.994 9.634 9.16
29002 1658399490 0 7 $GNGGA,103129.000,4424.65440,N,00854.97281,E,1,11,0.9,7.6,M,44.7,M,,*4C
29003 1658399490 0 3 2.803 4.979
29004 1658399491 0 4 2.702 1.591
29005 1658399491 0 1 3.952
29006 1658399491 0 0 24.37 8.22 119.7 67.47 137.7 8.92 15.5 0.0 394.5 10.67 45.97 0.9
29007 1658399491 0 7 $GNGGA,103130.000,4424.65438,N,00854.97275,E,1,11,0.9,7.6,M,44.7,M,,*40
29008 1658399492 0 7 $GNGGA,103131.000,4424.65437,N,00854.97268,E,1,11,0.9,7.6,M,44.7,M,,*42
29009 1658399492 0 5 0.50
29010 1658399492 0 6 0.09
29011 1658399493 0 8 4.994 9.634 9.16
29012 1658399493 0 7 $GNGGA,103132.000,4424.65437,N,00854.97257,E,1,11,0.9,7.6,M,44.7,M,,*4D
29013 1658399493 0 3 2.805 4.979
29014 1658399494 0 4 2.702 1.594
29015 1658399494 0 1 3.838
29016 1658399494 0 0 24.41 8.22 119.8 67.30 137.7 8.92 15.5 0.0 388.3 10.66 45.84 0.9
29017 1658399494 0 7 $GNGGA,103133.000,4424.65437,N,00854.97249,E,1,11,0.9,7.6,M,44.7,M,,*43
29018 1658399495 0 7 $GNGGA,103134.000,4424.65436,N,00854.97242,E,1,11,0.9,7.6,M,44.7,M,,*4E
29019 1658399495 0 5 0.49
29020 1658399495 0 6 0.09
29021 1658399496 0 8 4.994 9.643 9.13
29022 1658399496 0 7 $GNGGA,103135.000,4424.65435,N,00854.97239,E,1,11,0.9,7.6,M,44.7,M,,*40
29023 1658399496 0 3 2.805 4.979
29024 1658399497 0 4 2.703 1.594
29025 1658399497 0 1 3.442
29026 1658399497 0 0 24.43 8.22 119.8 67.33 137.8 8.92 15.5 0.0 380.0 10.66 45.85 0.9
29027 1658399497 0 7 $GNGGA,103136.000,4424.65433,N,00854.97234,E,1,11,0.9,7.6,M,44.7,M,,*48
29028 1658399498 0 7 $GNGGA,103137.000,4424.65432,N,00854.97229,E,1,11,0.9,7.6,M,44.7,M,,*44
29029 1658399498 0 5 0.48
29030 1658399498 0 6 0.09
29031 1658399499 0 8 4.994 9.634 9.16
29032 1658399499 0 7 $GNGGA,103138.000,4424.65431,N,00854.97222,E,1,11,0.9,7.6,M,44.7,M,,*43
29033 1658399499 0 3 2.805 4.979
29034 1658399500 0 4 2.702 1.591
29035 1658399500 0 1 3.302
29036 1658399500 0 0 24.41 8.22 119.8 67.38 137.9 8.93 15.4 0.0 374.6 10.67 45.90 0.9
29037 1658399500 0 7 $GNGGA,103139.000,4424.65430,N,00854.97217,E,1,11,0.9,7.6,M,44.7,M,,*45
29038 1658399501 0 7 $GNGGA,103140.000,4424.65430,N,00854.97212,E,1,11,0.9,7.6,M,44.7,M,,*4E
29039 1658399501 0 5 0.48
29040 1658399501 0 6 0.09
29041 1658399502 0 8 4.994 9.596 9.16
29042 1658399502 0 7 $GNGGA,103141.000,4424.65429,N,00854.97206,E,1,11,0.9,7.7,M,44.7,M,,*43
29043 1658399502 0 3 2.805 4.979
29044 1658399503 0 4 2.701 1.594
29045 1658399503 0 1 2.294
29046 1658399503 0 0 24.38 8.22 119.9 67.54 138.0 8.94 15.4 0.0 377.2 10.04 46.02 0.9
29047 1658399503 0 7 $GNGGA,103142.000,4424.65428,N,00854.97201,E,1,11,0.9,7.7,M,44.7,M,,*46
29048 1658399504 0 7 $GNGGA,103143.000,4424.65429,N,00854.97195,E,1,11,0.9,7.7,M,44.7,M,,*48
29049 1658399504 0 5 0.48
29050 1658399504 0 6 0.09
29051 1658399505 0 8 4.994 9.737 9.16
29052 1658399505 0 7 $GNGGA,103144.000,4424.65429,N,00854.97183,E,1,11,0.9,7.7,M,44.7,M,,*48
29053 1658399505 0 3 2.805 4.979
29054 1658399506 0 4 2.700 1.591
29055 1658399506 0 1 3.742
29056 1658399506 0 0 24.54 8.22 119.9 67.20 138.1 8.93 15.3 0.0 357.3 8.81 45.75 0.9
29057 1658399506 0 7 $GNGGA,103145.000,4424.65428,N,00854.97177,E,1,11,0.9,7.7,M,44.7,M,,*43
29058 1658399507 0 7 $GNGGA,103146.000,4424.65429,N,00854.97169,E,1,11,0.9,7.7,M,44.7,M,,*4E
29059 1658399507 0 5 0.47
29060 1658399507 0 6 0.09
29061 1658399508 0 8 4.994 9.737 9.16
29062 1658399508 0 7 $GNGGA,103147.000,4424.65429,N,00854.97164,E,1,11,0.9,7.7,M,44.7,M,,*42
29063 1658399508 0 3 2.805 4.979
29064 1658399509 0 4 2.700 1.594
29065 1658399509 0 1 5.274
29066 1658399509 0 0 24.74 8.22 119.8 67.17 138.1 8.91 15.2 0.0 343.3 7.63 45.72 0.9
29067 1658399509 0 7 $GNGGA,103148.000,4424.65429,N,00854.97160,E,1,11,0.9,7.8,M,44.7,M,,*46
29068 1658399510 0 7 $GNGGA,103149.000,4424.65431,N,00854.97151,E,1,11,0.9,7.7,M,44.7,M,,*43
29069 1658399510 0 5 0.47
29070 1658399510 0 6 0.09
29071 1658399511 0 8 4.994 9.681 9.16
29072 1658399511 0 7 $GNGGA,103150.000,4424.65431,N,00854.97147,E,1,11,0.9,7.8,M,44.7,M,,*43
29073 1658399511 0 3 2.805 4.979
29074 1658399512 0 7 $GNGGA,103151.000,4424.65430,N,00854.97142,E,1,11,0.9,7.8,M,44.7,M,,*46
29075 1658399513 0 7 $GNGGA,103152.000,4424.65430,N,00854.97137,E,1,11,0.9,7.7,M,44.7,M,,*48
29076 1658399513 0 0 25.01 8.22 119.7 67.04 138.3 8.88 15.1 0.0 329.6 6.68 45.62 1.0
29077 1658399513 0 4 2.698 1.596
29078 1658399514 0 5 0.47
29079 1658399514 0 6 0.09
29080 1658399514 0 8 4.997 9.681 9.16
29081 1658399514 0 3 2.804 4.979
29082 1658399515 0 1 5.648
29083 1658399515 0 0 25.35 8.22 119.6 67.02 138.3 8.83 14.9 0.0 312.6 5.75 45.59 1.0
29084 1658399515 0 7 $GNGGA,103153.000,4424.65433,N,00854.97132,E,1,11,0.9,7.8,M,44.7,M,,*40
29085 1658399516 0 4 2.698 1.594
29086 1658399517 0 5 0.46
29087 1658399517 0 6 0.09
29088 1658399517 0 8 4.994 9.662 9.13
29089 1658399517 0 3 2.799 4.979
29090 1658399517 0 1 5.507
29091 1658399518 0 0 25.63 8.23 119.5 67.06 138.4 8.80 14.9 0.0 306.5 4.78 45.62 1.0
29092 1658399518 0 7 $GNGGA,103156.000,4424.65434,N,00854.97120,E,1,11,0.9,7.8,M,44.7,M,,*41
29093 1658399519 0 7 $GNGGA,103158.000,4424.65435,N,00854.97114,E,1,11,0.9,7.8,M,44.7,M,,*49
29094 1658399519 0 4 2.695 1.594
29095 1658399520 0 5 0.46
29096 1658399520 0 6 0.09
29097 1658399520 0 8 4.994 9.700 9.16
29098 1658399520 0 3 2.796 4.979
29099 1658399520 0 1 4.382
29100 1658399521 0 0 25.93 8.23 119.4 67.11 138.5 8.76 14.9 0.0 297.0 3.82 45.65 1.0
29101 1658399521 0 7 $GNGGA,103159.000,4424.65436,N,00854.97110,E,1,11,0.9,7.8,M,44.7,M,,*4F
29102 1658399522 0 7 $GNGGA,103201.000,4424.65437,N,00854.97103,E,1,11,0.9,7.9,M,44.7,M,,*43
29103 1658399522 0 4 2.693 1.596
29104 1658399523 0 5 0.46
29105 1658399523 0 6 0.09
29106 1658399523 0 8 4.994 9.681 9.16
29107 1658399523 0 3 2.783 4.979
29108 1658399523 0 1 3.564
29109 1658399524 0 0 26.11 8.23 119.3 67.29 138.6 8.73 14.8 0.0 291.4 2.84 45.78 1.0
29110 1658399524 0 7 $GNGGA,103202.000,4424.65436,N,00854.97098,E,1,11,0.9,7.9,M,44.7,M,,*42
29111 1658399525 0 7 $GNGGA,103204.000,4424.65436,N,00854.97087,E,1,11,0.9,7.9,M,44.7,M,,*4A
29112 1658399525 0 4 2.691 1.594
29113 1658399526 0 5 0.46
29114 1658399526 0 6 0.08
29115 1658399526 0 8 4.994 9.681 9.16
29116 1658399526 0 3 2.772 4.979
29117 1658399527 0 1 3.333
29118 1658399527 0 0 26.28 8.22 119.2 67.45 138.8 8.71 14.7 0.0 285.1 2.12 45.90 1.0
29119 1658399527 0 7 $GNGGA,103205.000,4424.65436,N,00854.97082,E,1,11,0.9,7.9,M,44.7,M,,*4E
29120 1658399528 0 4 2.682 1.594
29121 1658399529 0 5 0.46
29122 1658399529 0 6 0.08
29123 1658399529 0 8 4.997 9.634 9.16
29124 1658399529 0 3 2.681 4.979
29125 1658399529 0 1 2.780
29126 1658399530 0 0 26.47 8.22 119.1 67.27 138.9 8.70 14.8 0.0 280.0 1.53 45.76 1.0
29127 1658399530 0 7 $GNGGA,103208.000,4424.65436,N,00854.97063,E,1,11,0.9,8.0,M,44.7,M,,*4A
29128 1658399531 0 7 $GNGGA,103210.000,4424.65437,N,00854.97052,E,1,11,0.9,8.1,M,44.7,M,,*41
29129 1658399531 0 4 2.636 1.596
29130 1658399532 0 5 0.47
29131 1658399532 0 6 0.09
29132 1658399532 0 8 4.994 9.662 9.13
29133 1658399532 0 3 2.625 4.979
29134 1658399532 0 1 2.664
29135 1658399533 0 0 26.64 8.22 119.1 67.43 139.1 8.68 14.8 0.0 277.0 1.17 45.87 1.1
29136 1658399533 0 7 $GNGGA,103211.000,4424.65437,N,00854.97047,E,1,11,0.9,8.1,M,44.7,M,,*44
