/home/danielacabiddu/Devel/src/MATRAC/test/tuttomatrac/data/porto_grid.mesh
2082 1658390895 0 7 $GNGGA,080815.000,4424.05671,N,00855.65301,E,1,09,1.1,12.2,M,44.7,M,,*73
2088 1658390897 0 1 0.801
2089 1658390897 0 7 $GNGGA,080816.000,4424.05673,N,00855.65300,E,1,09,1.1,12.2,M,44.7,M,,*73
2090 1658390897 0 0 26.79 8.17 128.4 67.73 124.7 7.76 19.8 0.0 276.0 0.57 46.10 1.3
2094 1658390899 0 4 2.499 1.464
2095 1658390899 0 5 1.02
2096 1658390899 0 6 0.11
2097 1658390899 0 8 4.997 9.898 9.67
2098 1658390900 0 1 0.786
2099 1658390900 0 7 $GNGGA,080819.000,4424.05677,N,00855.65289,E,1,09,1.1,12.2,M,44.7,M,,*78
2100 1658390900 0 0 26.78 8.17 128.3 67.71 124.7 7.76 19.8 0.0 275.8 0.59 46.09 1.3
2101 1658390900 0 7 $GNGGA,080820.000,4424.05678,N,00855.65286,E,1,09,1.1,12.2,M,44.7,M,,*72
2102 1658390901 0 7 $GNGGA,080821.000,4424.05680,N,00855.65284,E,1,09,1.1,12.2,M,44.7,M,,*76
2104 1658390902 0 4 2.499 1.462
2105 1658390902 0 5 1.02
2106 1658390902 0 6 0.11
2112 1658390904 0 7 $GNGGA,080824.000,4424.05678,N,00855.65289,E,1,09,1.1,12.2,M,44.7,M,,*79
2119 1658390906 0 7 $GNGGA,080825.000,4424.05677,N,00855.65290,E,1,09,1.1,12.2,M,44.7,M,,*7F
2120 1658390906 0 0 26.79 8.17 128.1 67.79 124.7 7.75 19.8 0.0 275.3 0.59 46.15 1.3
2122 1658390907 0 7 $GNGGA,080827.000,4424.05679,N,00855.65295,E,1,09,1.1,12.1,M,44.7,M,,*75
2123 1658390908 0 3 2.511 4.978
2131 1658390909 0 7 $GNGGA,080829.000,4424.05681,N,00855.65298,E,1,09,1.1,12.1,M,44.7,M,,*71
2132 1658390910 0 7 $GNGGA,080830.000,4424.05697,N,00855.65330,E,1,09,1.1,12.6,M,44.7,M,,*7A
2133 1658390911 0 3 2.508 4.978
2135 1658390911 0 5 1.02
2136 1658390911 0 6 0.11
2137 1658390911 0 8 4.997 9.916 9.69
2138 1658390912 0 1 0.832
2142 1658390913 0 7 $GNGGA,080833.000,4424.05711,N,00855.65358,E,1,09,1.1,13.1,M,44.7,M,,*7E
2151 1658390915 0 7 $GNGGA,080835.000,4424.05716,N,00855.65356,E,1,09,1.1,13.0,M,44.7,M,,*70
2212 1658390933 0 7 $GNGGA,080853.000,4424.05737,N,00855.65388,E,1,09,1.1,12.7,M,44.7,M,,*76
2213 1658390934 0 7 $GNGGA,080854.000,4424.05736,N,00855.65389,E,1,09,1.1,12.7,M,44.7,M,,*71
2214 1658390935 0 3 2.509 4.978
2215 1658390935 0 4 2.501 1.477
2216 1658390935 0 5 1.02
2217 1658390935 0 6 0.11
2218 1658390935 0 8 4.997 9.916 9.67
2223 1658390937 0 7 $GNGGA,080857.000,4424.05733,N,00855.65385,E,1,09,1.1,12.7,M,44.7,M,,*7B
2232 1658390939 0 7 $GNGGA,080859.000,4424.05731,N,00855.65381,E,1,09,1.1,12.7,M,44.7,M,,*73
2233 1658390940 0 7 $GNGGA,080900.000,4424.05730,N,00855.65382,E,1,09,1.1,12.7,M,44.7,M,,*7C
2234 1658390941 0 3 2.507 4.978
2243 1658390943 0 7 $GNGGA,080903.000,4424.05726,N,00855.65381,E,1,09,1.1,12.7,M,44.7,M,,*7B
2248 1658390944 0 8 4.994 9.916 9.67
2249 1658390945 0 1 0.957
2250 1658390945 0 7 $GNGGA,080904.000,4424.05724,N,00855.65381,E,1,09,1.1,12.7,M,44.7,M,,*7E
2253 1658390946 0 7 $GNGGA,080906.000,4424.05719,N,00855.65379,E,1,09,1.1,12.7,M,44.7,M,,*75
2263 1658390949 0 7 $GNGGA,080909.000,4424.05713,N,00855.65385,E,1,09,1.1,12.7,M,44.7,M,,*73
2264 1658390950 0 3 2.509 4.979
2265 1658390950 0 4 2.502 1.472
2266 1658390950 0 5 1.01
2273 1658390952 0 7 $GNGGA,080912.000,4424.05704,N,00855.65378,E,1,09,1.1,12.6,M,44.7,M,,*7C
2280 1658390954 0 7 $GNGGA,080913.000,4424.05701,N,00855.65375,E,1,09,1.1,12.6,M,44.7,M,,*75
2281 1658390954 0 0 26.77 8.17 127.0 67.74 124.6 7.75 19.6 0.0 276.7 0.58 46.11 1.3
2283 1658390955 0 7 $GNGGA,080915.000,4424.05698,N,00855.65371,E,1,09,1.1,12.6,M,44.7,M,,*76
2284 1658390956 0 3 2.491 4.978
2292 1658390957 0 7 $GNGGA,080917.000,4424.05699,N,00855.65365,E,1,09,1.1,12.6,M,44.7,M,,*70
2293 1658390958 0 7 $GNGGA,080918.000,4424.05698,N,00855.65363,E,1,09,1.1,12.7,M,44.7,M,,*79
2294 1658390959 0 3 2.490 4.978
2295 1658390959 0 4 2.450 1.477
2296 1658390959 0 5 1.02
2297 1658390959 0 6 0.11
2298 1658390959 0 8 4.997 9.926 9.67
2303 1658390961 0 7 $GNGGA,080921.000,4424.05695,N,00855.65360,E,1,09,1.1,12.7,M,44.7,M,,*7D
2312 1658390963 0 7 $GNGGA,080923.000,4424.05691,N,00855.65356,E,1,09,1.1,12.7,M,44.7,M,,*7E
2313 1658390964 0 7 $GNGGA,080924.000,4424.05689,N,00855.65354,E,1,09,1.1,12.7,M,44.7,M,,*72
2314 1658390965 0 3 2.490 4.979
2323 1658390967 0 7 $GNGGA,080927.000,4424.05683,N,00855.65348,E,1,09,1.1,12.8,M,44.7,M,,*79
2326 1658390968 0 5 1.02
2327 1658390968 0 6 0.11
2328 1658390969 0 8 4.997 9.926 9.67
2329 1658390969 0 1 1.430
2330 1658390969 0 7 $GNGGA,080928.000,4424.05681,N,00855.65345,E,1,09,1.1,12.8,M,44.7,M,,*79
2331 1658390969 0 0 26.64 10.42 -12.6 0.048 124.7 10.07 0.0 0.0 0.0 0.42 0.02 0.0
2332 1658390969 0 7 $GNGGA,080929.000,4424.05680,N,00855.65343,E,1,09,1.1,12.8,M,44.7,M,,*7F
2333 1658390970 0 7 $GNGGA,080930.000,4424.05678,N,00855.65342,E,1,09,1.1,12.8,M,44.7,M,,*71
2334 1658390971 0 3 2.489 4.979
2335 1658390971 0 4 2.450 1.477
2336 1658390971 0 5 1.02
2337 1658390971 0 6 0.11
2338 1658390972 0 8 4.997 9.916 9.67
2339 1658390972 0 1 0.155
2340 1658390972 0 7 $GNGGA,080931.000,4424.05677,N,00855.65340,E,1,09,1.1,12.8,M,44.7,M,,*7D
2341 1658390972 0 0 26.61 10.45 -15.4 0.045 124.7 10.08 0.0 0.0 0.0 0.42 0.02 0.0
2342 1658390972 0 7 $GNGGA,080932.000,4424.05675,N,00855.65338,E,1,09,1.1,12.8,M,44.7,M,,*73
2343 1658390973 0 7 $GNGGA,080933.000,4424.05674,N,00855.65338,E,1,09,1.1,12.8,M,44.7,M,,*73
2344 1658390974 0 3 2.488 4.978
2345 1658390974 0 4 2.450 1.472
2346 1658390974 0 5 1.02
2347 1658390974 0 6 0.11
2348 1658390975 0 8 4.997 9.916 9.67
2349 1658390975 0 1 0.411
2350 1658390975 0 7 $GNGGA,080934.000,4424.05672,N,00855.65338,E,1,09,1.1,12.8,M,44.7,M,,*72
2351 1658390975 0 0 26.57 10.40 -12.4 0.043 124.7 10.08 0.0 0.0 0.0 0.42 0.02 0.0
2352 1658390975 0 7 $GNGGA,080935.000,4424.05671,N,00855.65334,E,1,09,1.1,12.8,M,44.7,M,,*7C
2353 1658390976 0 7 $GNGGA,080936.000,4424.05670,N,00855.65329,E,1,09,1.1,12.8,M,44.7,M,,*72
2354 1658390977 0 3 2.488 4.979
2355 1658390977 0 4 2.451 1.469
2356 1658390977 0 5 1.02
2357 1658390977 0 6 0.11
2358 1658390978 0 8 4.997 9.916 9.67
2362 1658390978 0 7 $GNGGA,080938.000,4424.05669,N,00855.65319,E,1,09,1.1,12.8,M,44.7,M,,*77
2363 1658390979 0 7 $GNGGA,080939.000,4424.05670,N,00855.65315,E,1,09,1.1,12.8,M,44.7,M,,*72
2364 1658390980 0 3 2.488 4.979
2365 1658390980 0 4 2.450 1.469
2366 1658390980 0 5 1.02
2367 1658390980 0 6 0.11
2368 1658390981 0 8 4.997 9.916 9.67
2369 1658390981 0 1 0.361
2370 1658390981 0 0 26.55 10.34 -8.7 0.040 124.7 10.09 0.0 0.0 0.0 0.42 0.02 0.0
2371 1658390981 0 7 $GNGGA,080940.000,4424.05670,N,00855.65312,E,1,09,1.1,12.9,M,44.7,M,,*7A
2372 1658390981 0 7 $GNGGA,080941.000,4424.05670,N,00855.65308,E,1,09,1.1,12.9,M,44.7,M,,*70
2373 1658390982 0 7 $GNGGA,080942.000,4424.05669,N,00855.65304,E,1,09,1.1,12.9,M,44.7,M,,*77
2374 1658390983 0 3 2.487 4.979
2375 1658390983 0 4 2.450 1.432
2376 1658390983 0 5 1.02
2377 1658390983 0 6 0.11
2378 1658390984 0 8 4.997 9.916 9.67
2379 1658390984 0 1 0.503
2380 1658390984 0 7 $GNGGA,080943.000,4424.05669,N,00855.65299,E,1,09,1.1,12.9,M,44.7,M,,*73
2381 1658390984 0 0 26.53 10.73 -34.3 0.039 124.7 10.10 0.0 0.0 0.0 0.42 0.02 0.0
2382 1658390984 0 7 $GNGGA,080944.000,4424.05670,N,00855.65294,E,1,09,1.1,12.9,M,44.7,M,,*71
2383 1658390985 0 7 $GNGGA,080945.000,4424.05670,N,00855.65290,E,1,09,1.1,12.9,M,44.7,M,,*74
2384 1658390986 0 3 2.487 4.979
2385 1658390986 0 4 2.450 1.432
2386 1658390986 0 5 1.02
2387 1658390986 0 6 0.11
2388 1658390987 0 8 4.997 9.916 9.67
2389 1658390987 0 1 0.668
2390 1658390987 0 7 $GNGGA,080946.000,4424.05669,N,00855.65286,E,1,09,1.1,12.9,M,44.7,M,,*78
2391 1658390987 0 0 26.51 11.20 -66.0 0.037 124.7 10.10 0.0 0.0 0.0 0.42 0.02 0.0
2392 1658390987 0 7 $GNGGA,080947.000,4424.05670,N,00855.65281,E,1,09,1.1,12.9,M,44.7,M,,*76
2393 1658390988 0 7 $GNGGA,080948.000,4424.05670,N,00855.65276,E,1,09,1.1,12.9,M,44.7,M,,*71
2394 1658390989 0 3 2.486 4.979
2395 1658390989 0 4 2.450 1.432
2396 1658390989 0 5 1.02
2397 1658390989 0 6 0.11
2398 1658390990 0 8 4.997 9.926 9.67
2399 1658390990 0 1 0.827
2400 1658390990 0 7 $GNGGA,080949.000,4424.05669,N,00855.65273,E,1,09,1.1,12.9,M,44.7,M,,*7D
2401 1658390990 0 0 26.50 11.25 -65.8 0.036 124.6 10.10 0.0 0.0 0.0 0.42 0.02 0.0
2402 1658390990 0 7 $GNGGA,080950.000,4424.05668,N,00855.65268,E,1,09,1.1,12.9,M,44.7,M,,*7E
2403 1658390991 0 7 $GNGGA,080951.000,4424.05669,N,00855.65265,E,1,09,1.1,12.9,M,44.7,M,,*73
2404 1658390992 0 3 2.486 4.979
2405 1658390992 0 4 2.452 1.432
2406 1658390992 0 5 1.02
2407 1658390992 0 6 0.11
2408 1658390993 0 8 4.997 9.624 9.60
2409 1658390993 0 1 0.304
2410 1658390993 0 7 $GNGGA,080952.000,4424.05668,N,00855.65263,E,1,09,1.1,13.0,M,44.7,M,,*7F
2411 1658390993 0 0 26.47 11.17 -63.1 0.035 124.6 10.10 0.0 0.0 0.0 0.42 0.02 0.0
2412 1658390993 0 7 $GNGGA,080953.000,4424.05666,N,00855.65260,E,1,09,1.1,13.0,M,44.7,M,,*73
2413 1658390994 0 7 $GNGGA,080954.000,4424.05666,N,00855.65259,E,1,09,1.1,13.0,M,44.7,M,,*7E
2414 1658390995 0 3 2.486 4.979
2415 1658390995 0 4 2.451 1.434
2416 1658390995 0 5 1.02
2417 1658390995 0 6 0.12
2418 1658390996 0 8 4.997 9.615 9.67
2419 1658390996 0 1 1.008
2420 1658390996 0 7 $GNGGA,080955.000,4424.05664,N,00855.65259,E,1,09,1.1,13.0,M,44.7,M,,*7D
2421 1658390996 0 0 26.45 11.14 -56.1 0.034 124.6 10.11 0.0 0.0 0.0 0.42 0.02 0.0
2422 1658390996 0 7 $GNGGA,080956.000,4424.05663,N,00855.65260,E,1,09,1.1,13.0,M,44.7,M,,*73
2423 1658390997 0 7 $GNGGA,080957.000,4424.05662,N,00855.65260,E,1,09,1.1,13.0,M,44.7,M,,*73
2424 1658390998 0 3 2.486 4.979
2425 1658390998 0 4 2.450 1.437
2426 1658390998 0 5 1.02
2427 1658390998 0 6 0.11
2428 1658390999 0 8 4.997 9.898 9.67
2429 1658390999 0 1 0.470
2430 1658390999 0 7 $GNGGA,080958.000,4424.05660,N,00855.65260,E,1,09,1.1,13.0,M,44.7,M,,*7E
2431 1658390999 0 0 26.43 11.19 -60.3 0.034 124.7 10.11 0.0 0.0 0.0 0.42 0.02 0.0
2432 1658390999 0 7 $GNGGA,080959.000,4424.05658,N,00855.65261,E,1,09,1.1,13.0,M,44.7,M,,*75
2433 1658391000 0 7 $GNGGA,081000.000,4424.05656,N,00855.65262,E,1,09,1.1,13.0,M,44.7,M,,*7C
2434 1658391001 0 3 2.486 4.978
2435 1658391001 0 4 2.450 1.439
2436 1658391001 0 5 1.02
2437 1658391001 0 6 0.12
2438 1658391002 0 8 4.997 9.945 9.67
2439 1658391002 0 7 $GNGGA,081001.000,4424.05654,N,00855.65263,E,1,09,1.1,13.0,M,44.7,M,,*7E
2440 1658391002 0 0 26.40 11.63 -95.7 0.033 124.7 10.12 0.0 0.0 0.0 0.42 0.02 0.0
2441 1658391002 0 7 $GNGGA,081002.000,4424.05652,N,00855.65264,E,1,09,1.1,13.0,M,44.7,M,,*7C
2442 1658391003 0 7 $GNGGA,081003.000,4424.05651,N,00855.65264,E,1,09,1.1,12.9,M,44.7,M,,*76
2443 1658391004 0 4 2.450 1.439
2444 1658391004 0 5 1.02
2445 1658391004 0 6 0.11
2446 1658391004 0 8 4.997 9.973 9.67
2447 1658391004 0 7 $GNGGA,081004.000,4424.05649,N,00855.65263,E,1,09,1.1,13.0,M,44.7,M,,*77
2448 1658391005 0 0 26.39 12.51 -139.2 0.032 124.7 10.12 0.0 0.0 0.0 0.42 0.02 0.0
2449 1658391005 0 7 $GNGGA,081005.000,4424.05648,N,00855.65263,E,1,09,1.1,12.9,M,44.7,M,,*7F
2450 1658391006 0 7 $GNGGA,081006.000,4424.05647,N,00855.65262,E,1,09,1.1,12.9,M,44.7,M,,*72
2451 1658391007 0 3 2.484 4.979
2452 1658391007 0 4 2.451 1.439
2453 1658391007 0 5 1.01
2454 1658391007 0 6 0.11
2455 1658391008 0 8 4.997 9.898 9.67
2456 1658391008 0 1 1.335
2457 1658391008 0 7 $GNGGA,081007.000,4424.05646,N,00855.65260,E,1,09,1.1,12.9,M,44.7,M,,*70
2458 1658391008 0 0 26.37 12.58 -140.6 0.031 124.6 10.12 0.0 0.0 0.0 0.42 0.02 0.0
2459 1658391008 0 7 $GNGGA,081008.000,4424.05645,N,00855.65258,E,1,09,1.1,12.9,M,44.7,M,,*77
2460 1658391009 0 7 $GNGGA,081009.000,4424.05646,N,00855.65257,E,1,09,1.1,12.9,M,44.7,M,,*7A
2461 1658391010 0 3 2.483 4.979
2462 1658391010 0 4 2.450 1.439
2463 1658391010 0 5 1.01
2464 1658391010 0 6 0.12
2465 1658391011 0 8 4.997 9.888 9.67
2466 1658391011 0 1 0.899
2467 1658391011 0 7 $GNGGA,081010.000,4424.05645,N,00855.65256,E,1,09,1.1,12.9,M,44.7,M,,*70
2468 1658391011 0 0 26.37 12.46 -128.8 0.031 124.6 10.11 0.0 0.0 0.0 0.42 0.02 0.0
2469 1658391011 0 7 $GNGGA,081011.000,4424.05644,N,00855.65254,E,1,09,1.1,12.9,M,44.7,M,,*72
2470 1658391012 0 7 $GNGGA,081012.000,4424.05643,N,00855.65252,E,1,09,1.1,12.9,M,44.7,M,,*70
2471 1658391013 0 3 2.483 4.979
2472 1658391013 0 4 2.451 1.437
2473 1658391013 0 5 1.01
2474 1658391013 0 6 0.11
2475 1658391014 0 8 4.997 9.907 9.67
2476 1658391014 0 1 0.627
2477 1658391014 0 7 $GNGGA,081013.000,4424.05643,N,00855.65252,E,1,09,1.1,12.9,M,44.7,M,,*71
2478 1658391014 0 0 26.38 12.37 -127.7 0.030 124.5 10.11 0.0 0.0 0.0 0.42 0.02 0.0
2479 1658391014 0 7 $GNGGA,081014.000,4424.05642,N,00855.65252,E,1,09,1.1,12.9,M,44.7,M,,*77
2480 1658391015 0 7 $GNGGA,081015.000,4424.05641,N,00855.65250,E,1,09,1.1,12.9,M,44.7,M,,*77
2481 1658391016 0 3 2.483 4.979
2482 1658391016 0 4 2.451 1.434
2483 1658391016 0 5 1.01
2484 1658391016 0 6 0.11
2485 1658391017 0 8 4.997 9.916 9.67
2486 1658391017 0 1 1.440
2487 1658391017 0 7 $GNGGA,081016.000,4424.05641,N,00855.65249,E,1,09,1.1,12.9,M,44.7,M,,*7C
2488 1658391017 0 0 26.37 12.81 -154.8 0.030 124.4 10.10 0.0 0.0 0.0 0.42 0.02 0.0
2489 1658391017 0 7 $GNGGA,081017.000,4424.05642,N,00855.65247,E,1,09,1.1,12.9,M,44.7,M,,*70
2490 1658391018 0 7 $GNGGA,081018.000,4424.05641,N,00855.65243,E,1,09,1.1,13.0,M,44.7,M,,*70
2491 1658391019 0 3 2.483 4.979
2492 1658391019 0 4 2.451 1.432
2493 1658391019 0 5 1.01
2494 1658391019 0 6 0.12
2495 1658391020 0 8 4.997 9.907 9.69
2496 1658391020 0 1 1.000
2497 1658391020 0 0 26.39 12.28 -118.3 0.029 124.4 10.10 0.0 0.0 0.0 0.42 0.02 0.0
2498 1658391020 0 7 $GNGGA,081019.000,4424.05642,N,00855.65243,E,1,09,1.1,13.0,M,44.7,M,,*72
2499 1658391020 0 7 $GNGGA,081020.000,4424.05643,N,00855.65241,E,1,09,1.1,13.0,M,44.7,M,,*7B
2500 1658391021 0 2 0.02550000 174.78999328 9.27950000 1.34449994 2.22569990 0.00840000 1.53009996 0.11290000 1.00000000 2.95030002
2501 1658391021 0 7 $GNGGA,081021.000,4424.05642,N,00855.65243,E,1,09,1.1,13.0,M,44.7,M,,*79
2502 1658391022 0 3 2.483 4.979
2503 1658391022 0 4 2.452 1.432
2504 1658391022 0 5 1.01
2505 1658391022 0 6 0.11
2506 1658391023 0 8 4.997 9.907 9.67
2507 1658391023 0 1 1.884
2508 1658391023 0 7 $GNGGA,081022.000,4424.05641,N,00855.65243,E,1,09,1.1,13.0,M,44.7,M,,*79
2509 1658391023 0 0 26.41 12.44 -130.0 0.029 124.4 10.09 0.0 0.0 0.0 0.42 0.02 0.0
2510 1658391023 0 7 $GNGGA,081023.000,4424.05640,N,00855.65243,E,1,09,1.1,13.0,M,44.7,M,,*79
2511 1658391024 0 7 $GNGGA,081024.000,4424.05640,N,00855.65245,E,1,09,1.1,13.0,M,44.7,M,,*78
2512 1658391025 0 3 2.481 4.979
2513 1658391025 0 4 2.451 1.424
2514 1658391025 0 5 1.01
2515 1658391025 0 6 0.11
2516 1658391026 0 8 4.997 9.907 9.67
2517 1658391026 0 1 1.843
2518 1658391026 0 7 $GNGGA,081025.000,4424.05638,N,00855.65244,E,1,09,1.1,13.0,M,44.7,M,,*77
2519 1658391026 0 0 26.40 12.54 -139.4 0.029 124.3 10.09 0.0 0.0 0.0 0.42 0.02 0.0
2520 1658391026 0 7 $GNGGA,081026.000,4424.05637,N,00855.65243,E,1,09,1.1,13.0,M,44.7,M,,*7C
2521 1658391027 0 7 $GNGGA,081027.000,4424.05636,N,00855.65244,E,1,09,1.1,13.0,M,44.7,M,,*7B
2522 1658391028 0 3 2.481 4.979
2523 1658391028 0 4 2.452 1.429
2524 1658391028 0 5 1.01
2525 1658391028 0 6 0.12
2526 1658391029 0 8 4.997 9.907 9.67
2527 1658391029 0 1 0.905
2528 1658391029 0 7 $GNGGA,081028.000,4424.05636,N,00855.65244,E,1,09,1.1,13.1,M,44.7,M,,*75
2529 1658391029 0 0 26.39 12.50 -134.3 0.029 124.3 10.09 0.0 0.0 0.0 0.42 0.02 0.0
2530 1658391029 0 7 $GNGGA,081029.000,4424.05636,N,00855.65246,E,1,09,1.1,13.1,M,44.7,M,,*76
2531 1658391030 0 7 $GNGGA,081030.000,4424.05635,N,00855.65246,E,1,09,1.1,13.1,M,44.7,M,,*7D
2532 1658391031 0 3 2.481 4.979
2533 1658391031 0 4 2.451 1.434
2534 1658391031 0 5 1.02
4291 1658391560 0 3 2.630 4.979
4292 1658391560 0 4 2.527 1.511
4293 1658391560 0 5 0.97
4294 1658391561 0 6 0.12
4295 1658391561 0 8 4.997 9.898 9.63
4296 1658391561 0 1 1.363
4297 1658391561 0 0 26.54 8.20 145.1 67.53 129.0 8.06 21.0 0.0 377.7 2.21 45.96 1.4
4298 1658391561 0 7 $GNGGA,081920.000,4424.21483,N,00855.48480,E,1,09,1.2,4.9,M,44.7,M,,*42
4299 1658391562 0 7 $GNGGA,081921.000,4424.21487,N,00855.48467,E,1,09,1.2,4.9,M,44.7,M,,*4E
4300 1658391563 0 7 $GNGGA,081922.000,4424.21490,N,00855.48457,E,1,09,1.2,4.9,M,44.7,M,,*48
4301 1658391563 0 3 2.642 4.979
4302 1658391563 0 4 2.530 1.511
4303 1658391564 0 5 0.98
4304 1658391564 0 6 0.12
4305 1658391564 0 8 4.997 9.907 9.63
4306 1658391564 0 1 1.356
4307 1658391564 0 0 26.53 8.20 144.7 67.47 129.3 8.09 20.9 0.0 377.7 2.61 45.91 1.4
4308 1658391565 0 7 $GNGGA,081923.000,4424.21496,N,00855.48443,E,1,09,1.2,4.9,M,44.7,M,,*4A
4309 1658391565 0 7 $GNGGA,081924.000,4424.21501,N,00855.48430,E,1,09,1.2,4.8,M,44.7,M,,*47
4310 1658391566 0 7 $GNGGA,081925.000,4424.21532,N,00855.48399,E,1,09,1.2,5.1,M,44.7,M,,*4A
4311 1658391566 0 3 2.654 4.979
4312 1658391566 0 4 2.532 1.524
4313 1658391566 0 5 0.99
4314 1658391567 0 6 0.11
4315 1658391567 0 8 4.997 9.898 9.63
4316 1658391567 0 1 1.482
4317 1658391567 0 0 26.15 8.20 144.3 67.68 129.7 8.15 21.1 0.0 388.5 3.02 46.08 1.4
4318 1658391567 0 7 $GNGGA,081926.000,4424.21566,N,00855.48353,E,1,09,1.2,4.7,M,44.7,M,,*49
4319 1658391568 0 7 $GNGGA,081927.000,4424.21575,N,00855.48334,E,1,09,1.2,4.7,M,44.7,M,,*4B
4320 1658391569 0 7 $GNGGA,081928.000,4424.21583,N,00855.48315,E,1,09,1.2,4.8,M,44.7,M,,*41
4321 1658391569 0 3 2.669 4.979
4322 1658391569 0 4 2.537 1.531
4323 1658391570 0 5 0.97
4324 1658391570 0 6 0.11
4325 1658391570 0 8 4.997 9.907 9.63
4326 1658391570 0 1 1.786
4327 1658391570 0 0 25.68 8.20 144.3 67.88 130.0 8.22 21.3 0.0 409.9 3.43 46.25 1.4
4328 1658391571 0 7 $GNGGA,081929.000,4424.21590,N,00855.48290,E,1,09,1.2,4.8,M,44.7,M,,*4E
4329 1658391571 0 7 $GNGGA,081930.000,4424.21596,N,00855.48276,E,1,09,1.2,4.8,M,44.7,M,,*48
4330 1658391572 0 7 $GNGGA,081931.000,4424.21602,N,00855.48257,E,1,09,1.2,4.7,M,44.7,M,,*4B
4331 1658391572 0 3 2.683 4.979
4332 1658391572 0 4 2.539 1.526
4333 1658391572 0 5 0.96
4334 1658391573 0 6 0.11
4335 1658391573 0 8 4.997 9.907 9.67
4336 1658391573 0 1 2.661
4337 1658391573 0 0 25.31 8.20 144.2 67.58 130.4 8.31 21.2 0.0 406.3 3.83 46.03 1.3
4338 1658391573 0 7 $GNGGA,081932.000,4424.21632,N,00855.48210,E,1,09,1.2,4.4,M,44.7,M,,*4B
4339 1658391574 0 7 $GNGGA,081933.000,4424.21661,N,00855.48172,E,1,09,1.2,4.2,M,44.7,M,,*4D
4340 1658391575 0 7 $GNGGA,081934.000,4424.21702,N,00855.48136,E,1,09,1.2,4.2,M,44.7,M,,*4E
4341 1658391575 0 3 2.687 4.979
4342 1658391576 0 4 2.542 1.521
4343 1658391576 0 5 0.96
4344 1658391576 0 6 0.11
4345 1658391576 0 8 4.997 9.907 9.67
4346 1658391576 0 1 2.716
4347 1658391576 0 0 25.29 8.20 144.0 67.36 130.6 8.33 21.1 0.0 395.6 4.14 45.86 1.3
4348 1658391577 0 7 $GNGGA,081935.000,4424.21736,N,00855.48108,E,1,09,1.2,4.2,M,44.7,M,,*45
4349 1658391577 0 7 $GNGGA,081936.000,4424.21761,N,00855.48076,E,1,09,1.2,3.9,M,44.7,M,,*40
4350 1658391578 0 7 $GNGGA,081937.000,4424.21781,N,00855.48060,E,1,09,1.2,3.9,M,44.7,M,,*48
4351 1658391578 0 3 2.690 4.979
4352 1658391578 0 4 2.544 1.529
4353 1658391578 0 5 0.96
4354 1658391579 0 6 0.11
4355 1658391579 0 8 4.997 9.907 9.63
4356 1658391579 0 1 2.676
4357 1658391579 0 0 25.29 8.20 143.8 67.33 130.6 8.34 21.0 0.0 389.9 4.37 45.83 1.3
4358 1658391579 0 7 $GNGGA,081938.000,4424.21789,N,00855.48040,E,1,09,1.2,3.9,M,44.7,M,,*4D
4359 1658391580 0 7 $GNGGA,081939.000,4424.21795,N,00855.48022,E,1,09,1.2,3.9,M,44.7,M,,*45
4360 1658391581 0 7 $GNGGA,081940.000,4424.21829,N,00855.47988,E,1,09,1.2,4.1,M,44.7,M,,*4A
4361 1658391581 0 3 2.694 4.979
4362 1658391581 0 4 2.548 1.529
4363 1658391582 0 5 0.95
4364 1658391582 0 6 0.11
4365 1658391582 0 8 4.997 9.888 9.63
4366 1658391582 0 1 3.588
4367 1658391582 0 0 25.29 8.21 143.6 67.32 130.7 8.35 20.9 0.0 383.2 4.61 45.83 1.3
4368 1658391583 0 7 $GNGGA,081941.000,4424.21860,N,00855.47955,E,1,09,1.2,4.2,M,44.7,M,,*45
4369 1658391583 0 7 $GNGGA,081942.000,4424.21884,N,00855.47934,E,1,09,1.2,4.4,M,44.7,M,,*4D
4370 1658391584 0 7 $GNGGA,081943.000,4424.21923,N,00855.47918,E,1,09,1.2,4.7,M,44.7,M,,*4D
4371 1658391584 0 3 2.696 4.979
4372 1658391584 0 4 2.550 1.524
4373 1658391584 0 5 0.95
4374 1658391585 0 6 0.11
4375 1658391585 0 8 4.997 9.954 9.63
4376 1658391585 0 0 25.29 8.20 143.4 67.36 130.9 8.35 20.8 0.0 377.8 4.84 45.85 1.3
4377 1658391585 0 7 $GNGGA,081944.000,4424.21931,N,00855.47916,E,1,09,1.2,4.8,M,44.7,M,,*48
4378 1658391586 0 7 $GNGGA,081945.000,4424.21941,N,00855.47907,E,1,09,1.2,4.9,M,44.7,M,,*4F
4379 1658391587 0 7 $GNGGA,081946.000,4424.21944,N,00855.47903,E,1,09,1.2,4.9,M,44.7,M,,*4D
4380 1658391587 0 3 2.700 4.978
4381 1658391588 0 4 2.554 1.526
4382 1658391588 0 5 0.94
4383 1658391588 0 6 0.11
4384 1658391588 0 8 4.997 9.954 9.63
4385 1658391588 0 0 25.30 8.20 143.3 67.35 131.1 8.37 20.7 0.0 372.4 5.07 45.85 1.3
4386 1658391588 0 7 $GNGGA,081947.000,4424.21950,N,00855.47896,E,1,09,1.2,5.0,M,44.7,M,,*4C
4387 1658391589 0 7 $GNGGA,081948.000,4424.21956,N,00855.47892,E,1,09,1.2,5.0,M,44.7,M,,*41
4388 1658391590 0 7 $GNGGA,081949.000,4424.21968,N,00855.47884,E,1,09,1.2,5.1,M,44.7,M,,*4B
4389 1658391590 0 3 2.702 4.979
4390 1658391590 0 4 2.556 1.539
4391 1658391590 0 5 0.94
4392 1658391591 0 6 0.11
4393 1658391591 0 8 4.997 9.963 9.67
4394 1658391591 0 0 25.29 8.21 143.2 67.36 131.4 8.39 20.7 0.0 367.3 5.29 45.86 1.3
4395 1658391591 0 7 $GNGGA,081950.000,4424.21981,N,00855.47869,E,1,09,1.2,5.2,M,44.7,M,,*44
4396 1658391592 0 7 $GNGGA,081951.000,4424.22010,N,00855.47830,E,1,09,1.2,5.2,M,44.7,M,,*4B
4397 1658391593 0 7 $GNGGA,081952.000,4424.22035,N,00855.47795,E,1,09,1.2,5.2,M,44.7,M,,*4F
4398 1658391593 0 3 2.705 4.979
4399 1658391594 0 4 2.561 1.539
4400 1658391594 0 5 0.93
4401 1658391594 0 6 0.11
4402 1658391594 0 8 4.997 9.737 9.58
4403 1658391594 0 0 25.29 8.21 142.9 67.40 131.8 8.41 20.6 0.0 362.4 5.52 45.89 1.3
4404 1658391594 0 7 $GNGGA,081953.000,4424.22068,N,00855.47769,E,1,09,1.2,5.3,M,44.7,M,,*44
4405 1658391594 0 1 3.308
4406 1658391595 0 7 $GNGGA,081954.000,4424.22075,N,00855.47764,E,1,09,1.2,5.3,M,44.7,M,,*42
4407 1658391596 0 7 $GNGGA,081955.000,4424.22085,N,00855.47756,E,1,09,1.2,5.4,M,44.7,M,,*4A
4408 1658391596 0 3 2.705 4.979
4409 1658391596 0 4 2.564 1.539
4410 1658391597 0 5 0.93
4411 1658391597 0 6 0.11
4412 1658391597 0 8 4.997 9.643 9.58
4413 1658391597 0 1 3.340
4414 1658391597 0 0 25.28 8.21 142.8 67.43 132.1 8.43 20.5 0.0 357.4 5.74 45.91 1.3
4415 1658391597 0 7 $GNGGA,081956.000,4424.22101,N,00855.47749,E,1,09,1.2,5.4,M,44.7,M,,*4A
4416 1658391598 0 7 $GNGGA,081957.000,4424.22112,N,00855.47736,E,1,09,1.2,5.4,M,44.7,M,,*41
4417 1658391599 0 7 $GNGGA,081958.000,4424.22128,N,00855.47711,E,1,09,1.2,5.3,M,44.7,M,,*45
4418 1658391599 0 3 2.705 4.979
4419 1658391599 0 4 2.567 1.544
4420 1658391600 0 5 0.92
4421 1658391600 0 6 0.11
4422 1658391600 0 8 4.997 9.634 9.63
4423 1658391600 0 1 3.267
4424 1658391600 0 0 25.30 8.21 142.6 67.36 132.4 8.45 20.5 0.0 351.4 5.94 45.86 1.3
4425 1658391601 0 7 $GNGGA,081959.000,4424.22143,N,00855.47697,E,1,09,1.2,5.3,M,44.7,M,,*46
4426 1658391601 0 7 $GNGGA,082000.000,4424.22157,N,00855.47687,E,1,09,1.2,5.2,M,44.7,M,,*45
4427 1658391602 0 7 $GNGGA,082001.000,4424.22167,N,00855.47676,E,1,09,1.2,5.2,M,44.7,M,,*49
4428 1658391602 0 3 2.706 4.978
4432 1658391603 0 8 4.997 9.907 9.63
4433 1658391603 0 1 3.193
4434 1658391603 0 0 25.30 8.21 142.5 67.41 132.5 8.46 20.4 0.0 347.2 6.13 45.90 1.3
4435 1658391603 0 7 $GNGGA,082002.000,4424.22172,N,00855.47671,E,1,09,1.2,5.2,M,44.7,M,,*49
4436 1658391604 0 7 $GNGGA,082003.000,4424.22223,N,00855.47647,E,1,09,1.2,5.2,M,44.7,M,,*4A
4437 1658391605 0 7 $GNGGA,082004.000,4424.22277,N,00855.47626,E,1,09,1.2,5.5,M,44.7,M,,*4C
4438 1658391605 0 3 2.706 4.979
4443 1658391606 0 1 3.977
4444 1658391606 0 0 25.30 8.21 142.3 67.36 133.2 8.50 20.4 0.0 341.7 6.33 45.86 1.3
4445 1658391607 0 7 $GNGGA,082005.000,4424.22324,N,00855.47597,E,1,09,1.2,5.4,M,44.7,M,,*42
4446 1658391607 0 7 $GNGGA,082006.000,4424.22343,N,00855.47583,E,1,09,1.2,5.3,M,44.7,M,,*42
4447 1658391608 0 7 $GNGGA,082007.000,4424.22360,N,00855.47570,E,1,09,1.2,5.3,M,44.7,M,,*4E
4448 1658391608 0 3 2.707 4.978
4449 1658391608 0 4 2.579 1.609
4450 1658391608 0 5 0.91
4451 1658391609 0 6 0.10
4456 1658391610 0 7 $GNGGA,082009.000,4424.22395,N,00855.47541,E,1,09,1.2,5.3,M,44.7,M,,*48
4457 1658391611 0 7 $GNGGA,082010.000,4424.22407,N,00855.47503,E,1,09,1.2,5.2,M,44.7,M,,*4B
4460 1658391612 0 5 0.90
4461 1658391612 0 6 0.10
4462 1658391612 0 8 4.997 9.907 9.58
4463 1658391612 0 1 3.314
4465 1658391613 0 7 $GNGGA,082011.000,4424.22416,N,00855.47491,E,1,09,1.2,5.2,M,44.7,M,,*40
4466 1658391613 0 7 $GNGGA,082012.000,4424.22423,N,00855.47478,E,1,09,1.2,5.2,M,44.7,M,,*42
4467 1658391614 0 7 $GNGGA,082013.000,4424.22433,N,00855.47463,E,1,09,1.2,5.2,M,44.7,M,,*48
4468 1658391614 0 3 2.709 4.979
4469 1658391614 0 4 2.585 1.629
4474 1658391615 0 0 25.29 8.21 142.0 67.37 134.4 8.58 20.3 0.0 329.3 6.85 45.87 1.3
4475 1658391615 0 7 $GNGGA,082014.000,4424.22443,N,00855.47449,E,1,09,1.2,5.2,M,44.7,M,,*40
4476 1658391616 0 7 $GNGGA,082015.000,4424.22447,N,00855.47437,E,1,09,1.2,5.2,M,44.7,M,,*4C
4477 1658391617 0 7 $GNGGA,082016.000,4424.22453,N,00855.47422,E,1,09,1.2,5.2,M,44.7,M,,*4E
4478 1658391617 0 3 2.708 4.979
4479 1658391618 0 4 2.588 1.631
4480 1658391618 0 5 0.89
4481 1658391618 0 6 0.10
4482 1658391618 0 8 4.997 9.907 9.63
4483 1658391618 0 1 3.336
4484 1658391618 0 0 25.27 8.21 141.8 67.43 134.6 8.59 20.2 0.0 326.0 6.99 45.91 1.3
4485 1658391619 0 7 $GNGGA,082017.000,4424.22458,N,00855.47410,E,1,09,1.2,5.2,M,44.7,M,,*45
4486 1658391619 0 7 $GNGGA,082018.000,4424.22464,N,00855.47398,E,1,09,1.2,5.1,M,44.7,M,,*41
4487 1658391620 0 7 $GNGGA,082019.000,4424.22477,N,00855.47360,E,1,09,1.2,5.1,M,44.7,M,,*45
4488 1658391620 0 3 2.710 4.979
4489 1658391620 0 4 2.593 1.634
4490 1658391620 0 5 0.89
4491 1658391621 0 6 0.10
4492 1658391621 0 8 4.997 9.888 9.67
4493 1658391621 0 1 3.322
4494 1658391621 0 0 25.25 8.21 141.7 67.37 134.7 8.60 20.2 0.0 321.9 7.15 45.87 1.3
4495 1658391621 0 7 $GNGGA,082020.000,4424.22501,N,00855.47322,E,1,09,1.2,5.2,M,44.7,M,,*4A
4496 1658391622 0 7 $GNGGA,082021.000,4424.22527,N,00855.47294,E,1,09,1.2,5.2,M,44.7,M,,*43
4497 1658391623 0 7 $GNGGA,082022.000,4424.22550,N,00855.47261,E,1,09,1.2,5.1,M,44.7,M,,*49
4498 1658391623 0 3 2.710 4.978
4499 1658391623 0 4 2.597 1.636
4500 1658391624 0 5 0.89
4501 1658391624 0 6 0.10
4502 1658391624 0 8 4.997 9.898 9.63
4503 1658391624 0 1 3.349
4504 1658391624 0 0 25.24 8.21 141.7 67.50 134.9 8.61 20.1 0.0 318.8 7.30 45.97 1.3
4505 1658391625 0 7 $GNGGA,082023.000,4424.22556,N,00855.47243,E,1,09,1.2,5.0,M,44.7,M,,*4F
4506 1658391625 0 7 $GNGGA,082024.000,4424.22562,N,00855.47225,E,1,09,1.2,5.0,M,44.7,M,,*4F
4507 1658391626 0 7 $GNGGA,082025.000,4424.22569,N,00855.47215,E,1,09,1.2,5.0,M,44.7,M,,*46
4508 1658391626 0 3 2.711 4.978
4509 1658391626 0 4 2.600 1.664
4510 1658391626 0 5 0.88
4511 1658391627 0 6 0.10
4512 1658391627 0 8 4.997 9.926 9.67
4513 1658391627 0 1 3.577
4514 1658391627 0 0 25.24 8.21 141.6 67.43 135.1 8.63 20.1 0.0 315.2 7.50 45.91 1.3
4515 1658391627 0 7 $GNGGA,082026.000,4424.22545,N,00855.47147,E,1,09,1.2,4.2,M,44.7,M,,*4C
4516 1658391628 0 7 $GNGGA,082027.000,4424.22531,N,00855.47081,E,1,09,1.2,3.6,M,44.7,M,,*46
4517 1658391629 0 7 $GNGGA,082028.000,4424.22546,N,00855.47041,E,1,09,1.2,3.2,M,44.7,M,,*41
4518 1658391629 0 3 2.712 4.979
4519 1658391629 0 4 2.605 1.654
4520 1658391630 0 5 0.88
4521 1658391630 0 6 0.10
4522 1658391630 0 8 4.997 9.888 9.63
4523 1658391630 0 1 3.343
4524 1658391630 0 0 25.24 8.21 141.5 67.38 135.2 8.63 20.0 0.0 311.5 7.72 45.88 1.3
4525 1658391631 0 7 $GNGGA,082029.000,4424.22572,N,00855.47019,E,1,09,1.2,2.9,M,44.7,M,,*40
4526 1658391631 0 7 $GNGGA,082030.000,4424.22587,N,00855.47017,E,1,09,1.2,2.8,M,44.7,M,,*4D
4527 1658391632 0 7 $GNGGA,082031.000,4424.22610,N,00855.47002,E,1,09,1.2,2.7,M,44.7,M,,*4A
4528 1658391632 0 3 2.713 4.978
4529 1658391632 0 4 2.609 1.659
4530 1658391632 0 5 0.88
4531 1658391633 0 6 0.10
4532 1658391633 0 8 4.997 9.926 9.63
4533 1658391633 0 1 3.973
4534 1658391633 0 0 25.24 8.21 141.5 67.34 135.5 8.65 20.0 0.0 307.9 7.90 45.85 1.3
4535 1658391633 0 7 $GNGGA,082032.000,4424.22625,N,00855.46995,E,1,09,1.2,2.7,M,44.7,M,,*49
4536 1658391634 0 7 $GNGGA,082033.000,4424.22636,N,00855.46986,E,1,09,1.2,2.6,M,44.7,M,,*49
4537 1658391635 0 7 $GNGGA,082034.000,4424.22647,N,00855.46976,E,1,09,1.2,2.5,M,44.7,M,,*44
4538 1658391635 0 3 2.713 4.978
4539 1658391635 0 4 2.614 1.659
4540 1658391636 0 5 0.89
4541 1658391636 0 6 0.10
4542 1658391636 0 8 4.997 9.907 9.63
4543 1658391636 0 1 3.293
4544 1658391636 0 0 25.11 8.21 141.5 67.45 135.4 8.66 20.0 0.0 310.1 8.09 45.93 1.3
4545 1658391637 0 7 $GNGGA,082035.000,4424.22671,N,00855.46955,E,1,09,1.2,2.1,M,44.7,M,,*45
4546 1658391637 0 7 $GNGGA,082036.000,4424.22682,N,00855.46948,E,1,09,1.2,2.0,M,44.7,M,,*47
4547 1658391638 0 7 $GNGGA,082037.000,4424.22693,N,00855.46940,E,1,09,1.2,2.0,M,44.7,M,,*4E
4548 1658391638 0 3 2.714 4.978
4549 1658391638 0 4 2.617 1.661
4550 1658391638 0 5 0.88
4551 1658391639 0 6 0.10
4552 1658391639 0 8 4.997 9.916 9.63
4553 1658391639 0 1 3.449
4554 1658391639 0 0 25.08 8.21 141.4 67.47 135.2 8.66 20.0 0.0 307.1 8.14 45.95 1.3
4555 1658391639 0 7 $GNGGA,082038.000,4424.22705,N,00855.46930,E,1,09,1.2,1.9,M,44.7,M,,*42
4556 1658391640 0 7 $GNGGA,082039.000,4424.22734,N,00855.46902,E,1,09,1.2,1.5,M,44.7,M,,*4C
4557 1658391641 0 7 $GNGGA,082040.000,4424.22752,N,00855.46892,E,1,09,1.2,1.5,M,44.7,M,,*4A
4558 1658391641 0 3 2.715 4.978
4559 1658391641 0 4 2.622 1.666
4560 1658391642 0 5 0.88
4561 1658391642 0 6 0.10
4562 1658391642 0 8 4.997 9.916 9.63
4563 1658391642 0 1 3.450
4564 1658391642 0 0 25.05 8.21 141.3 67.53 135.1 8.65 19.9 0.0 303.9 8.25 46.00 1.3
4565 1658391643 0 7 $GNGGA,082042.000,4424.22775,N,00855.46884,E,1,09,1.2,1.3,M,44.7,M,,*4C
4566 1658391644 0 7 $GNGGA,082043.000,4424.22775,N,00855.46869,E,1,09,1.2,1.3,M,44.7,M,,*4E
4567 1658391644 0 3 2.716 4.979
4568 1658391644 0 4 2.626 1.664
4569 1658391644 0 5 0.87
4570 1658391645 0 6 0.10
4571 1658391645 0 8 4.997 9.916 9.63
4572 1658391645 0 1 3.270
4573 1658391645 0 0 25.05 8.21 141.3 67.37 135.1 8.66 19.9 0.0 301.7 8.24 45.87 1.3
4574 1658391645 0 7 $GNGGA,082044.000,4424.22791,N,00855.46814,E,1,09,1.2,0.8,M,44.7,M,,*43
4575 1658391646 0 7 $GNGGA,082045.000,4424.22794,N,00855.46799,E,1,09,1.2,0.8,M,44.7,M,,*4D
4576 1658391647 0 7 $GNGGA,082046.000,4424.22808,N,00855.46783,E,1,09,1.2,0.8,M,44.7,M,,*4F
4577 1658391647 0 3 2.717 4.978
4578 1658391648 0 4 2.630 1.719
4579 1658391648 0 5 0.87
4580 1658391648 0 6 0.09
4581 1658391648 0 8 4.997 9.916 9.63
4582 1658391648 0 1 3.360
4583 1658391648 0 0 25.08 8.21 141.2 67.29 134.9 8.64 19.9 0.0 297.7 8.23 45.81 1.2
4584 1658391648 0 7 $GNGGA,082047.000,4424.22825,N,00855.46763,E,1,09,1.2,0.7,M,44.7,M,,*40
4585 1658391649 0 7 $GNGGA,082048.000,4424.22833,N,00855.46746,E,1,09,1.2,0.6,M,44.7,M,,*4E
4586 1658391650 0 7 $GNGGA,082049.000,4424.22842,N,00855.46731,E,1,09,1.2,0.5,M,44.7,M,,*4A
4587 1658391650 0 3 2.718 4.979
4588 1658391650 0 4 2.634 1.691
4589 1658391650 0 5 0.87
4590 1658391651 0 6 0.09
4591 1658391651 0 8 4.997 9.926 9.63
4592 1658391651 0 1 3.504
4593 1658391651 0 0 25.13 8.21 141.2 67.38 135.1 8.65 19.8 0.0 293.5 8.25 45.88 1.2
4594 1658391651 0 7 $GNGGA,082050.000,4424.22851,N,00855.46722,E,1,09,1.2,0.4,M,44.7,M,,*43
4595 1658391652 0 2 0.03190000 8.40480041 2.36080002 0.06470000 2.80469989 0.00360000 0.11190000 0.14120000 1.00000000 77.29100036
4596 1658391652 0 7 $GNGGA,082051.000,4424.22857,N,00855.46714,E,1,09,1.2,0.3,M,44.7,M,,*46
4597 1658391653 0 7 $GNGGA,082052.000,4424.22860,N,00855.46706,E,1,09,1.2,0.3,M,44.7,M,,*42
4598 1658391653 0 3 2.719 4.978
4599 1658391653 0 4 2.638 1.696
4600 1658391653 0 5 0.87
4601 1658391654 0 6 0.09
4602 1658391654 0 8 4.997 9.916 9.63
4603 1658391654 0 1 3.284
4604 1658391654 0 0 25.20 8.21 141.1 67.40 135.1 8.64 19.7 0.0 289.4 8.26 45.89 1.2
4605 1658391654 0 7 $GNGGA,082053.000,4424.22861,N,00855.46705,E,1,09,1.2,0.3,M,44.7,M,,*41
4606 1658391655 0 7 $GNGGA,082054.000,4424.22866,N,00855.46697,E,1,09,1.2,0.3,M,44.7,M,,*4B
4607 1658391656 0 7 $GNGGA,082055.000,4424.22872,N,00855.46689,E,1,09,1.2,0.4,M,44.7,M,,*47
4608 1658391656 0 3 2.719 4.979
4609 1658391656 0 4 2.641 1.701
4610 1658391657 0 5 0.87
4611 1658391657 0 6 0.09
4612 1658391657 0 8 4.997 9.916 9.63
4613 1658391657 0 1 3.440
4614 1658391657 0 0 25.19 8.21 141.1 67.47 135.1 8.63 19.7 0.0 287.9 8.25 45.95 1.3
4615 1658391657 0 7 $GNGGA,082056.000,4424.22888,N,00855.46651,E,1,09,1.2,-0.1,M,44.7,M,,*6C
4616 1658391658 0 7 $GNGGA,082057.000,4424.22916,N,00855.46617,E,1,09,1.2,-0.1,M,44.7,M,,*69
4617 1658391659 0 7 $GNGGA,082058.000,4424.22929,N,00855.46603,E,1,09,1.2,-0.1,M,44.7,M,,*6F
4618 1658391659 0 3 2.720 4.978
4619 1658391659 0 4 2.644 1.714
4620 1658391659 0 5 0.87
4621 1658391660 0 6 0.09
4622 1658391660 0 8 4.997 9.916 9.67
4623 1658391660 0 1 3.807
4624 1658391660 0 0 25.22 8.21 141.0 67.30 135.2 8.64 19.7 0.0 285.2 8.25 45.82 1.2
4625 1658391660 0 7 $GNGGA,082059.000,4424.22943,N,00855.46594,E,1,09,1.2,-0.1,M,44.7,M,,*6F
4626 1658391661 0 7 $GNGGA,082100.000,4424.22956,N,00855.46590,E,1,09,1.2,-0.2,M,44.7,M,,*61
4627 1658391662 0 7 $GNGGA,082101.000,4424.22965,N,00855.46585,E,1,10,1.1,-0.3,M,44.7,M,,*6E
4628 1658391662 0 3 2.721 4.978
4629 1658391662 0 4 2.649 1.714
4630 1658391662 0 5 0.87
4631 1658391663 0 6 0.09
4632 1658391663 0 8 4.997 9.916 9.63
4633 1658391663 0 1 3.393
4634 1658391663 0 0 25.19 8.21 140.9 67.42 135.2 8.64 19.7 0.0 284.8 8.25 45.91 1.2
4635 1658391663 0 7 $GNGGA,082102.000,4424.22970,N,00855.46587,E,1,10,1.1,-0.3,M,44.7,M,,*6B
4636 1658391664 0 7 $GNGGA,082103.000,4424.22997,N,00855.46570,E,1,10,1.1,-0.3,M,44.7,M,,*6B
4637 1658391665 0 7 $GNGGA,082104.000,4424.23009,N,00855.46571,E,1,10,1.1,-0.3,M,44.7,M,,*62
4638 1658391665 0 3 2.723 4.978
4639 1658391665 0 4 2.653 1.714
4640 1658391665 0 5 0.86
4641 1658391666 0 6 0.09
4642 1658391666 0 8 4.997 9.926 9.63
4643 1658391666 0 1 3.484
4644 1658391666 0 0 25.16 8.21 140.9 67.45 135.2 8.65 19.7 0.0 284.1 8.26 45.93 1.2
4645 1658391666 0 7 $GNGGA,082105.000,4424.23023,N,00855.46566,E,1,10,1.1,-0.3,M,44.7,M,,*6D
4646 1658391667 0 7 $GNGGA,082106.000,4424.23032,N,00855.46566,E,1,10,1.1,-0.4,M,44.7,M,,*69
4647 1658391668 0 7 $GNGGA,082107.000,4424.23035,N,00855.46563,E,1,10,1.1,-0.4,M,44.7,M,,*6A
4656 1658391670 0 7 $GNGGA,082109.000,4424.23050,N,00855.46565,E,1,10,1.1,-0.3,M,44.7,M,,*66
4657 1658391671 0 7 $GNGGA,082110.000,4424.23059,N,00855.46524,E,1,10,1.1,-0.5,M,44.7,M,,*64
4658 1658391671 0 3 2.725 4.978
4659 1658391671 0 4 2.661 1.729
4660 1658391672 0 5 0.93
4661 1658391672 0 6 0.09
4662 1658391672 0 8 4.997 9.916 9.63
4663 1658391672 0 1 3.355
4664 1658391672 0 0 25.07 8.21 140.7 67.49 135.1 8.65 19.7 0.0 282.6 8.25 45.96 1.2
4665 1658391672 0 7 $GNGGA,082111.000,4424.23080,N,00855.46490,E,1,10,1.1,-0.6,M,44.7,M,,*6C
4666 1658391673 0 7 $GNGGA,082112.000,4424.23116,N,00855.46494,E,1,10,1.1,-0.8,M,44.7,M,,*6B
4667 1658391674 0 7 $GNGGA,082113.000,4424.23126,N,00855.46492,E,1,10,1.1,-0.8,M,44.7,M,,*6F
4668 1658391674 0 3 2.728 4.979
4669 1658391674 0 4 2.665 1.744
4670 1658391675 0 5 0.87
4671 1658391675 0 6 0.09
4672 1658391675 0 8 4.997 9.916 9.63
4673 1658391675 0 1 3.332
4674 1658391675 0 0 25.09 8.21 140.6 67.34 135.1 8.65 19.6 0.0 279.6 8.27 45.85 1.2
4675 1658391675 0 7 $GNGGA,082114.000,4424.23133,N,00855.46486,E,1,10,1.1,-0.7,M,44.7,M,,*66
4676 1658391676 0 7 $GNGGA,082115.000,4424.23141,N,00855.46482,E,1,10,1.1,-0.7,M,44.7,M,,*66
4677 1658391677 0 7 $GNGGA,082116.000,4424.23148,N,00855.46479,E,1,10,1.1,-0.7,M,44.7,M,,*68
4678 1658391677 0 3 2.730 4.979
4679 1658391677 0 4 2.668 1.756
4680 1658391678 0 5 0.86
4681 1658391678 0 6 0.09
4682 1658391678 0 8 4.997 9.926 9.63
4683 1658391678 0 1 3.413
4684 1658391678 0 0 25.17 8.21 140.6 67.34 135.2 8.65 19.6 0.0 275.4 8.24 45.85 1.2
4685 1658391678 0 7 $GNGGA,082117.000,4424.23153,N,00855.46475,E,1,10,1.1,-0.7,M,44.7,M,,*6F
4686 1658391679 0 7 $GNGGA,082118.000,4424.23157,N,00855.46466,E,1,10,1.1,-0.8,M,44.7,M,,*69
4687 1658391680 0 7 $GNGGA,082119.000,4424.23162,N,00855.46459,E,1,10,1.1,-0.8,M,44.7,M,,*62
4688 1658391680 0 3 2.732 4.978
4689 1658391680 0 4 2.671 1.751
4690 1658391681 0 5 0.86
4691 1658391681 0 6 0.09
4692 1658391681 0 8 4.997 9.926 9.63
4693 1658391681 0 1 3.517
4694 1658391681 0 0 25.21 8.21 140.5 67.37 135.2 8.64 19.5 0.0 272.7 8.08 45.87 1.2
4695 1658391681 0 7 $GNGGA,082120.000,4424.23169,N,00855.46452,E,1,10,1.1,-0.8,M,44.7,M,,*68
4696 1658391682 0 7 $GNGGA,082121.000,4424.23177,N,00855.46444,E,1,10,1.1,-0.8,M,44.7,M,,*61
4697 1658391683 0 7 $GNGGA,082122.000,4424.23182,N,00855.46433,E,1,10,1.1,-0.8,M,44.7,M,,*68
4698 1658391683 0 3 2.734 4.978
4699 1658391683 0 4 2.675 1.756
4700 1658391684 0 5 0.86
4701 1658391684 0 6 0.09
4702 1658391684 0 8 4.997 9.916 9.63
4703 1658391684 0 1 3.268
4704 1658391684 0 0 25.32 8.21 140.3 67.24 135.1 8.63 19.5 0.0 271.0 7.83 45.77 1.2
4705 1658391684 0 7 $GNGGA,082123.000,4424.23199,N,00855.46396,E,1,10,1.1,-1.1,M,44.7,M,,*63
4706 1658391685 0 7 $GNGGA,082124.000,4424.23223,N,00855.46382,E,1,10,1.1,-1.3,M,44.7,M,,*61
4707 1658391686 0 7 $GNGGA,082125.000,4424.23245,N,00855.46378,E,1,10,1.1,-1.6,M,44.7,M,,*60
4708 1658391686 0 3 2.736 4.978
4709 1658391686 0 4 2.679 1.756
4710 1658391687 0 5 0.86
4711 1658391687 0 6 0.09
4712 1658391687 0 8 4.997 9.926 9.63
4713 1658391687 0 1 3.918
4714 1658391687 0 0 25.33 8.21 140.3 67.33 135.1 8.62 19.4 0.0 269.5 7.58 45.84 1.2
4715 1658391687 0 7 $GNGGA,082126.000,4424.23260,N,00855.46376,E,1,10,1.1,-2.2,M,44.7,M,,*6D
4716 1658391688 0 7 $GNGGA,082127.000,4424.23276,N,00855.46358,E,1,10,1.1,-2.7,M,44.7,M,,*62
4717 1658391689 0 7 $GNGGA,082128.000,4424.23308,N,00855.46325,E,1,10,1.1,-2.7,M,44.7,M,,*6F
4718 1658391689 0 3 2.738 4.979
4719 1658391689 0 4 2.681 1.759
4720 1658391690 0 5 0.86
4721 1658391690 0 6 0.09
4722 1658391690 0 8 4.997 9.916 9.67
4723 1658391690 0 1 3.467
4724 1658391690 0 0 25.34 8.21 140.2 67.40 135.2 8.62 19.4 0.0 269.6 7.33 45.88 1.2
4725 1658391690 0 7 $GNGGA,082129.000,4424.23333,N,00855.46302,E,1,10,1.1,-2.6,M,44.7,M,,*62
4726 1658391691 0 7 $GNGGA,082130.000,4424.23354,N,00855.46281,E,1,10,1.1,-2.5,M,44.7,M,,*62
4727 1658391692 0 7 $GNGGA,082131.000,4424.23385,N,00855.46270,E,1,10,1.1,-1.8,M,44.7,M,,*6F
4728 1658391692 0 3 2.740 4.978
4729 1658391692 0 4 2.683 1.756
4730 1658391693 0 5 0.85
4731 1658391693 0 6 0.09
4732 1658391693 0 8 4.997 9.907 9.63
4733 1658391693 0 1 3.238
4734 1658391693 0 0 25.36 8.21 140.2 67.33 135.1 8.62 19.4 0.0 267.8 7.07 45.84 1.2
4735 1658391693 0 7 $GNGGA,082132.000,4424.23412,N,00855.46270,E,1,10,1.1,-1.4,M,44.7,M,,*69
4736 1658391694 0 7 $GNGGA,082133.000,4424.23417,N,00855.46265,E,1,10,1.1,-1.4,M,44.7,M,,*69
4737 1658391695 0 7 $GNGGA,082134.000,4424.23423,N,00855.46260,E,1,10,1.1,-1.3,M,44.7,M,,*6B
4738 1658391695 0 3 2.741 4.979
4739 1658391695 0 4 2.686 1.761
4740 1658391696 0 5 0.85
4741 1658391696 0 6 0.09
4742 1658391696 0 8 4.997 9.916 9.63
4743 1658391696 0 1 3.322
4744 1658391696 0 0 25.39 8.21 140.1 67.37 135.2 8.61 19.4 0.0 265.8 6.83 45.86 1.2
4745 1658391696 0 7 $GNGGA,082135.000,4424.23428,N,00855.46255,E,1,10,1.1,-1.2,M,44.7,M,,*66
4746 1658391697 0 7 $GNGGA,082136.000,4424.23432,N,00855.46247,E,1,10,1.1,-1.2,M,44.7,M,,*6D
4747 1658391698 0 7 $GNGGA,082137.000,4424.23437,N,00855.46239,E,1,10,1.1,-1.1,M,44.7,M,,*63
4748 1658391698 0 3 2.742 4.978
4749 1658391698 0 4 2.689 1.764
4750 1658391699 0 5 0.85
4751 1658391699 0 6 0.09
4752 1658391699 0 8 4.997 9.916 9.63
4753 1658391699 0 1 3.175
4754 1658391699 0 0 25.40 8.21 139.9 67.32 135.2 8.62 19.4 0.0 265.3 6.59 45.83 1.2
4755 1658391699 0 7 $GNGGA,082138.000,4424.23441,N,00855.46228,E,1,10,1.1,-1.0,M,44.7,M,,*6C
4756 1658391700 0 7 $GNGGA,082139.000,4424.23446,N,00855.46222,E,1,10,1.1,-1.0,M,44.7,M,,*60
4757 1658391701 0 7 $GNGGA,082140.000,4424.23451,N,00855.46213,E,1,10,1.1,-0.9,M,44.7,M,,*62
4758 1658391701 0 3 2.733 4.979
4759 1658391701 0 4 2.690 1.766
4760 1658391702 0 5 0.85
4761 1658391702 0 6 0.09
4762 1658391702 0 8 4.997 9.907 9.63
4763 1658391702 0 1 3.090
4764 1658391702 0 0 25.41 8.21 139.9 67.39 135.2 8.61 19.4 0.0 264.3 6.32 45.88 1.2
4765 1658391702 0 7 $GNGGA,082141.000,4424.23454,N,00855.46166,E,1,10,1.1,-0.9,M,44.7,M,,*67
4766 1658391703 0 7 $GNGGA,082142.000,4424.23458,N,00855.46155,E,1,10,1.1,-0.9,M,44.7,M,,*68
4767 1658391704 0 7 $GNGGA,082143.000,4424.23461,N,00855.46145,E,1,10,1.1,-0.8,M,44.7,M,,*63
4768 1658391704 0 3 2.732 4.978
4769 1658391704 0 4 2.693 1.764
4770 1658391705 0 5 0.85
4771 1658391705 0 6 0.09
4772 1658391705 0 8 4.997 9.916 9.63
4773 1658391705 0 1 3.227
4776 1658391706 0 7 $GNGGA,082145.000,4424.23467,N,00855.46130,E,1,11,0.8,-0.7,M,44.7,M,,*67
4780 1658391708 0 5 0.85
4781 1658391708 0 6 0.09
4786 1658391709 0 7 $GNGGA,082148.000,4424.23503,N,00855.46084,E,1,11,0.8,-0.7,M,44.7,M,,*67
4787 1658391710 0 7 $GNGGA,082149.000,4424.23511,N,00855.46074,E,1,11,0.8,-0.6,M,44.7,M,,*6B
4788 1658391710 0 3 2.732 4.979
4789 1658391710 0 4 2.696 1.761
4790 1658391711 0 5 0.85
4795 1658391711 0 7 $GNGGA,082150.000,4424.23519,N,00855.46070,E,1,11,0.8,-0.6,M,44.7,M,,*6F
4796 1658391712 0 7 $GNGGA,082151.000,4424.23527,N,00855.46061,E,1,11,0.8,-0.5,M,44.7,M,,*60
4800 1658391714 0 5 0.85
4801 1658391714 0 6 0.09
4802 1658391714 0 8 4.997 9.634 9.56
4803 1658391714 0 1 3.711
4806 1658391715 0 7 $GNGGA,082154.000,4424.23549,N,00855.46042,E,1,11,0.8,-0.4,M,44.7,M,,*6D
4807 1658391716 0 7 $GNGGA,082155.000,4424.23557,N,00855.46035,E,1,11,0.8,-0.4,M,44.7,M,,*63
4808 1658391716 0 3 2.733 4.979
4809 1658391716 0 4 2.699 1.761
4813 1658391717 0 1 2.942
4814 1658391717 0 0 25.43 8.21 139.4 67.43 135.3 8.61 19.3 0.0 262.2 4.98 45.91 1.2
4818 1658391719 0 3 2.732 4.978
4819 1658391719 0 4 2.700 1.761
4820 1658391720 0 5 0.86
4825 1658391720 0 7 $GNGGA,082159.000,4424.23585,N,00855.46014,E,1,11,0.8,-0.3,M,44.7,M,,*64
4826 1658391721 0 7 $GNGGA,082200.000,4424.23588,N,00855.46010,E,1,11,0.8,-0.2,M,44.7,M,,*63
4827 1658391722 0 7 $GNGGA,082201.000,4424.23591,N,00855.46007,E,1,11,0.8,-0.2,M,44.7,M,,*6C
4828 1658391722 0 3 2.733 4.979
4836 1658391724 0 7 $GNGGA,082203.000,4424.23628,N,00855.46009,E,1,11,0.8,0.4,M,44.7,M,,*4A
4837 1658391725 0 7 $GNGGA,082204.000,4424.23635,N,00855.46005,E,1,11,0.8,0.4,M,44.7,M,,*4D
4838 1658391725 0 3 2.732 4.978
4843 1658391726 0 1 2.660
4844 1658391726 0 0 25.47 8.21 139.2 67.42 135.3 8.61 19.2 0.0 259.4 4.25 45.90 1.2
4845 1658391726 0 7 $GNGGA,082205.000,4424.23641,N,00855.46001,E,1,11,0.8,0.4,M,44.7,M,,*4B
4847 1658391728 0 7 $GNGGA,082207.000,4424.23655,N,00855.45997,E,1,11,0.8,0.5,M,44.7,M,,*48
4849 1658391728 0 4 2.702 1.761
4850 1658391729 0 5 0.85
4855 1658391729 0 7 $GNGGA,082208.000,4424.23662,N,00855.45994,E,1,11,0.8,0.5,M,44.7,M,,*40
4856 1658391730 0 7 $GNGGA,082209.000,4424.23670,N,00855.45994,E,1,11,0.8,0.6,M,44.7,M,,*41
4857 1658391731 0 7 $GNGGA,082210.000,4424.23676,N,00855.45993,E,1,11,0.8,0.6,M,44.7,M,,*48
4858 1658391731 0 3 2.733 4.979
4860 1658391732 0 5 0.85
4861 1658391732 0 6 0.09
4862 1658391732 0 8 4.997 9.605 9.56
4863 1658391732 0 1 2.489
4866 1658391733 0 7 $GNGGA,082212.000,4424.23697,N,00855.45975,E,1,11,0.8,0.5,M,44.7,M,,*4E
4867 1658391734 0 7 $GNGGA,082213.000,4424.23707,N,00855.45974,E,1,11,0.8,0.5,M,44.7,M,,*46
4873 1658391735 0 1 2.041
4874 1658391735 0 0 26.05 8.21 138.9 66.95 135.3 8.55 19.0 0.0 245.4 2.87 45.52 1.3
4875 1658391735 0 7 $GNGGA,082214.000,4424.23716,N,00855.45973,E,1,11,0.8,0.6,M,44.7,M,,*45
4876 1658391736 0 7 $GNGGA,082215.000,4424.23725,N,00855.45973,E,1,11,0.8,0.7,M,44.7,M,,*45
4877 1658391737 0 7 $GNGGA,082216.000,4424.23738,N,00855.45971,E,1,11,0.8,0.7,M,44.7,M,,*48
4879 1658391737 0 4 2.696 1.764
4880 1658391738 0 5 0.86
4958 1658391761 0 3 2.533 4.978
