/home/danielacabiddu/Devel/src/MATRAC/test/tuttomatrac/data/porto_grid.mesh
4959 1658391761 0 4 2.517 1.596
4960 1658391761 0 5 0.89
4961 1658391762 0 6 0.10
4962 1658391762 0 8 4.997 9.898 9.63
4963 1658391762 0 1 0.172
4964 1658391762 0 0 26.54 8.28 132.8 6.391 135.9 10.79 15.3 0.0 207.3 0.42 3.47 1.4
4965 1658391762 0 7 $GNGGA,082241.000,4424.24173,N,00855.45766,E,1,11,0.8,1.8,M,44.7,M,,*42
4966 1658391763 0 7 $GNGGA,082242.000,4424.24198,N,00855.45752,E,1,11,0.8,1.8,M,44.7,M,,*43
4967 1658391764 0 7 $GNGGA,082243.000,4424.24214,N,00855.45746,E,1,11,0.8,1.8,M,44.7,M,,*40
4968 1658391764 0 3 2.533 4.978
4969 1658391764 0 4 2.509 1.591
4970 1658391764 0 5 0.90
4971 1658391765 0 6 0.10
4972 1658391765 0 8 4.997 9.898 9.63
4973 1658391765 0 1 1.634
4974 1658391765 0 0 26.61 8.09 144.6 0.292 136.0 10.99 13.2 0.0 39.2 0.42 0.14 0.9
4975 1658391765 0 7 $GNGGA,082244.000,4424.24231,N,00855.45734,E,1,11,0.8,1.8,M,44.7,M,,*45
4976 1658391766 0 7 $GNGGA,082245.000,4424.24249,N,00855.45724,E,1,11,0.8,1.7,M,44.7,M,,*45
4977 1658391767 0 7 $GNGGA,082246.000,4424.24289,N,00855.45729,E,1,11,0.8,2.4,M,44.7,M,,*47
4978 1658391767 0 3 2.532 4.979
4979 1658391767 0 4 2.504 1.599
4980 1658391767 0 5 0.90
4981 1658391768 0 6 0.10
4982 1658391768 0 8 4.997 9.898 9.63
4983 1658391768 0 1 0.450
4984 1658391768 0 0 26.53 8.34 128.2 0.103 136.0 11.01 5.3 0.0 30.8 0.42 0.05 0.7
4985 1658391768 0 7 $GNGGA,082247.000,4424.24300,N,00855.45718,E,1,11,0.8,2.3,M,44.7,M,,*43
4986 1658391769 0 7 $GNGGA,082248.000,4424.24313,N,00855.45702,E,1,11,0.8,2.2,M,44.7,M,,*44
4987 1658391770 0 7 $GNGGA,082249.000,4424.24327,N,00855.45689,E,1,11,0.8,2.1,M,44.7,M,,*43
4988 1658391770 0 3 2.533 4.978
4989 1658391770 0 4 2.503 1.606
4990 1658391770 0 5 0.90
4991 1658391771 0 6 0.10
4992 1658391771 0 8 4.997 9.907 9.63
4993 1658391771 0 1 1.974
4994 1658391771 0 0 26.48 8.34 127.6 0.080 136.0 11.02 5.3 0.0 27.8 0.42 0.04 0.7
4995 1658391771 0 7 $GNGGA,082250.000,4424.24341,N,00855.45675,E,1,11,0.8,2.1,M,44.7,M,,*48
4996 1658391771 0 2 0.02530000 7.53579998 2.29929995 0.05800000 2.74009990 0.00410000 0.10400000 0.11200001 1.00000000 78.71299743
4997 1658391772 0 7 $GNGGA,082251.000,4424.24356,N,00855.45665,E,1,11,0.8,2.0,M,44.7,M,,*4F
4998 1658391773 0 7 $GNGGA,082252.000,4424.24371,N,00855.45656,E,1,11,0.8,2.0,M,44.7,M,,*49
4999 1658391773 0 3 2.534 4.978
5000 1658391773 0 4 2.501 1.584
5001 1658391773 0 5 0.92
5002 1658391774 0 6 0.10
5003 1658391774 0 8 4.997 9.907 9.63
5004 1658391774 0 1 0.550
5005 1658391774 0 0 26.43 8.36 126.0 0.068 136.0 11.03 4.6 0.0 14.1 0.42 0.03 0.6
5006 1658391774 0 7 $GNGGA,082253.000,4424.24392,N,00855.45645,E,1,11,0.8,2.0,M,44.7,M,,*47
5007 1658391775 0 7 $GNGGA,082254.000,4424.24407,N,00855.45634,E,1,11,0.8,2.0,M,44.7,M,,*4D
5008 1658391776 0 7 $GNGGA,082255.000,4424.24420,N,00855.45622,E,1,11,0.8,1.9,M,44.7,M,,*44
5009 1658391776 0 3 2.533 4.978
5010 1658391776 0 4 2.500 1.579
5011 1658391776 0 5 0.91
5012 1658391777 0 6 0.10
5013 1658391777 0 8 4.997 9.898 9.63
5014 1658391777 0 1 0.451
5015 1658391777 0 0 26.36 8.43 120.4 0.061 136.0 11.05 3.2 0.0 13.1 0.42 0.03 0.5
5016 1658391777 0 7 $GNGGA,082256.000,4424.24439,N,00855.45610,E,1,11,0.8,1.9,M,44.7,M,,*4E
5017 1658391778 0 7 $GNGGA,082257.000,4424.24451,N,00855.45606,E,1,11,0.8,1.9,M,44.7,M,,*46
5018 1658391779 0 7 $GNGGA,082258.000,4424.24471,N,00855.45596,E,1,11,0.8,1.9,M,44.7,M,,*41
5019 1658391779 0 3 2.534 4.978
5020 1658391779 0 4 2.500 1.576
5021 1658391779 0 5 0.91
5022 1658391780 0 6 0.10
5023 1658391780 0 8 4.997 9.898 9.63
5024 1658391780 0 1 0.138
5025 1658391780 0 0 26.33 8.45 118.5 0.056 136.0 11.05 2.8 0.0 11.6 0.42 0.03 0.4
5026 1658391780 0 7 $GNGGA,082259.000,4424.24484,N,00855.45593,E,1,11,0.8,2.0,M,44.7,M,,*45
5027 1658391781 0 7 $GNGGA,082300.000,4424.24494,N,00855.45589,E,1,11,0.8,2.0,M,44.7,M,,*42
5028 1658391782 0 7 $GNGGA,082301.000,4424.24505,N,00855.45585,E,1,11,0.8,2.0,M,44.7,M,,*46
5029 1658391782 0 3 2.534 4.978
5030 1658391782 0 4 2.500 1.574
5031 1658391782 0 5 0.92
5032 1658391783 0 6 0.11
5033 1658391783 0 8 4.997 9.898 9.60
5034 1658391783 0 1 0.113
5035 1658391783 0 0 26.30 8.43 120.5 0.053 136.0 11.06 3.3 0.0 14.1 0.42 0.03 0.5
5036 1658391783 0 7 $GNGGA,082302.000,4424.24540,N,00855.45561,E,1,11,0.8,2.0,M,44.7,M,,*4E
5037 1658391784 0 7 $GNGGA,082303.000,4424.24567,N,00855.45533,E,1,11,0.8,1.9,M,44.7,M,,*47
5038 1658391785 0 7 $GNGGA,082304.000,4424.24593,N,00855.45504,E,1,11,0.8,1.6,M,44.7,M,,*40
5039 1658391785 0 3 2.534 4.978
5040 1658391785 0 4 2.499 1.579
5041 1658391785 0 5 0.92
5042 1658391786 0 6 0.11
5043 1658391786 0 8 4.997 9.898 9.63
5044 1658391786 0 1 0.147
5045 1658391786 0 0 26.27 8.40 121.7 0.050 136.0 11.06 2.9 0.0 10.5 0.42 0.03 0.4
5046 1658391786 0 7 $GNGGA,082305.000,4424.24620,N,00855.45488,E,1,11,0.8,1.9,M,44.7,M,,*40
5047 1658391787 0 7 $GNGGA,082306.000,4424.24629,N,00855.45483,E,1,11,0.8,2.0,M,44.7,M,,*4B
5048 1658391788 0 7 $GNGGA,082307.000,4424.24644,N,00855.45477,E,1,11,0.8,2.0,M,44.7,M,,*4A
5049 1658391788 0 3 2.534 4.978
5050 1658391788 0 4 2.498 1.581
5051 1658391788 0 5 0.93
5052 1658391789 0 6 0.11
5053 1658391789 0 8 4.997 9.898 9.63
5054 1658391789 0 1 0.156
5055 1658391789 0 0 26.26 8.41 120.3 0.048 135.9 11.06 2.4 0.0 10.6 0.42 0.02 0.3
5056 1658391789 0 7 $GNGGA,082308.000,4424.24657,N,00855.45467,E,1,11,0.8,2.0,M,44.7,M,,*46
5057 1658391790 0 7 $GNGGA,082309.000,4424.24669,N,00855.45456,E,1,11,0.8,2.0,M,44.7,M,,*48
5058 1658391791 0 7 $GNGGA,082310.000,4424.24684,N,00855.45451,E,1,11,0.8,2.0,M,44.7,M,,*44
5059 1658391791 0 3 2.534 4.978
5060 1658391791 0 4 2.499 1.576
5061 1658391791 0 5 0.93
5062 1658391792 0 6 0.11
5063 1658391792 0 8 4.997 9.898 9.63
5064 1658391792 0 1 0.101
5065 1658391792 0 0 26.22 8.41 119.5 0.046 135.9 11.06 2.3 0.0 9.5 0.42 0.02 0.3
5066 1658391792 0 7 $GNGGA,082311.000,4424.24699,N,00855.45445,E,1,11,0.8,2.0,M,44.7,M,,*4C
5067 1658391793 0 7 $GNGGA,082312.000,4424.24709,N,00855.45433,E,1,11,0.8,2.0,M,44.7,M,,*46
5068 1658391794 0 7 $GNGGA,082313.000,4424.24718,N,00855.45425,E,1,11,0.8,2.0,M,44.7,M,,*40
5069 1658391794 0 3 2.534 4.978
5070 1658391794 0 4 2.498 1.576
5071 1658391794 0 5 0.93
5072 1658391795 0 6 0.11
5073 1658391795 0 8 4.997 9.907 9.63
5074 1658391795 0 1 0.671
5075 1658391795 0 0 26.20 8.41 120.5 0.044 135.9 11.06 2.2 0.0 9.2 0.42 0.02 0.3
5076 1658391795 0 7 $GNGGA,082314.000,4424.24762,N,00855.45416,E,1,11,0.8,2.4,M,44.7,M,,*4E
5077 1658391796 0 7 $GNGGA,082315.000,4424.24796,N,00855.45398,E,1,11,0.8,2.5,M,44.7,M,,*44
5078 1658391797 0 7 $GNGGA,082316.000,4424.24824,N,00855.45366,E,1,11,0.8,2.5,M,44.7,M,,*40
5079 1658391797 0 3 2.534 4.978
5080 1658391797 0 4 2.499 1.576
5081 1658391797 0 5 0.93
5082 1658391798 0 6 0.11
5083 1658391798 0 8 4.997 9.898 9.63
5084 1658391798 0 1 0.444
5085 1658391798 0 0 26.18 8.40 121.9 0.043 135.8 11.07 2.6 0.0 9.9 0.42 0.02 0.4
5086 1658391798 0 7 $GNGGA,082317.000,4424.24863,N,00855.45319,E,1,11,0.8,2.1,M,44.7,M,,*4E
5087 1658391799 0 7 $GNGGA,082318.000,4424.24876,N,00855.45303,E,1,11,0.8,2.1,M,44.7,M,,*4E
5088 1658391800 0 7 $GNGGA,082319.000,4424.24898,N,00855.45284,E,1,11,0.8,2.0,M,44.7,M,,*40
5089 1658391800 0 3 2.534 4.978
5090 1658391800 0 4 2.499 1.549
5091 1658391800 0 5 0.94
5092 1658391801 0 6 0.11
5093 1658391801 0 8 4.997 9.898 9.63
5094 1658391801 0 1 -0.139
5095 1658391801 0 0 26.16 8.41 121.6 0.041 135.8 11.07 2.3 0.0 8.0 0.42 0.02 0.3
5096 1658391801 0 7 $GNGGA,082320.000,4424.24917,N,00855.45269,E,1,11,0.8,2.0,M,44.7,M,,*4F
5097 1658391802 0 7 $GNGGA,082321.000,4424.24934,N,00855.45260,E,1,11,0.8,2.0,M,44.7,M,,*46
5098 1658391803 0 7 $GNGGA,082322.000,4424.24960,N,00855.45230,E,1,11,0.8,2.0,M,44.7,M,,*41
5099 1658391803 0 3 2.534 4.978
5107 1658391805 0 7 $GNGGA,082324.000,4424.25008,N,00855.45197,E,1,11,0.8,2.4,M,44.7,M,,*4B
5108 1658391806 0 7 $GNGGA,082325.000,4424.25024,N,00855.45193,E,1,11,0.8,2.4,M,44.7,M,,*40
5109 1658391806 0 3 2.534 4.978
5110 1658391806 0 4 2.498 1.551
5111 1658391806 0 5 0.94
5112 1658391807 0 6 0.12
5113 1658391807 0 8 4.997 9.888 9.60
5114 1658391807 0 1 0.358
5115 1658391807 0 0 26.13 8.41 122.0 0.039 135.7 11.06 2.1 0.0 7.9 0.41 0.02 0.3
5116 1658391807 0 7 $GNGGA,082326.000,4424.25031,N,00855.45190,E,1,11,0.8,2.4,M,44.7,M,,*44
5117 1658391808 0 7 $GNGGA,082327.000,4424.25133,N,00855.45174,E,1,11,0.8,4.1,M,44.7,M,,*4F
5118 1658391809 0 7 $GNGGA,082328.000,4424.25167,N,00855.45141,E,1,11,0.8,3.4,M,44.7,M,,*45
5119 1658391809 0 3 2.534 4.978
5120 1658391809 0 4 2.496 1.519
5121 1658391809 0 5 0.94
5122 1658391810 0 6 0.11
5123 1658391810 0 8 4.997 9.898 9.60
5124 1658391810 0 1 0.055
5125 1658391810 0 0 26.12 8.42 123.2 0.038 135.7 11.07 2.2 0.0 9.9 0.42 0.02 0.3
5126 1658391810 0 7 $GNGGA,082329.000,4424.25202,N,00855.45124,E,1,11,0.8,3.1,M,44.7,M,,*42
5127 1658391811 0 7 $GNGGA,082330.000,4424.25233,N,00855.45102,E,1,11,0.8,2.9,M,44.7,M,,*45
5128 1658391812 0 7 $GNGGA,082331.000,4424.25247,N,00855.45075,E,1,11,0.8,2.6,M,44.7,M,,*49
5129 1658391812 0 3 2.534 4.978
5130 1658391812 0 4 2.495 1.494
5131 1658391812 0 5 0.95
5132 1658391813 0 6 0.12
5133 1658391813 0 8 4.997 9.898 9.63
5134 1658391813 0 1 0.080
5137 1658391814 0 7 $GNGGA,082333.000,4424.25283,N,00855.45030,E,1,11,0.8,2.2,M,44.7,M,,*46
5138 1658391815 0 7 $GNGGA,082334.000,4424.25305,N,00855.45033,E,1,11,0.8,2.2,M,44.7,M,,*4D
5139 1658391815 0 3 2.535 4.978
5143 1658391816 0 8 4.997 9.898 9.60
5144 1658391816 0 1 0.098
5145 1658391816 0 0 26.13 8.40 124.4 0.037 135.4 11.04 2.1 0.0 6.4 0.41 0.02 0.3
5147 1658391817 0 7 $GNGGA,082336.000,4424.25344,N,00855.45031,E,1,11,0.8,2.1,M,44.7,M,,*4B
5148 1658391818 0 7 $GNGGA,082337.000,4424.25379,N,00855.45003,E,1,11,0.8,2.0,M,44.7,M,,*44
5149 1658391818 0 3 2.535 4.978
5150 1658391818 0 4 2.495 1.491
5155 1658391819 0 0 26.13 8.38 126.8 0.036 135.1 11.02 2.2 0.0 8.0 0.41 0.02 0.3
5156 1658391819 0 7 $GNGGA,082338.000,4424.25412,N,00855.44979,E,1,11,0.8,2.0,M,44.7,M,,*44
5157 1658391820 0 7 $GNGGA,082339.000,4424.25421,N,00855.44980,E,1,11,0.8,2.0,M,44.7,M,,*43
5158 1658391821 0 7 $GNGGA,082340.000,4424.25435,N,00855.44968,E,1,11,0.8,1.8,M,44.7,M,,*45
5159 1658391821 0 3 2.535 4.978
5160 1658391821 0 4 2.495 1.491
5161 1658391821 0 5 0.95
5162 1658391822 0 6 0.12
5163 1658391822 0 8 4.997 9.888 9.63
5168 1658391824 0 7 $GNGGA,082343.000,4424.25501,N,00855.44912,E,1,11,0.8,1.3,M,44.7,M,,*46
5173 1658391825 0 8 4.997 9.898 9.63
5174 1658391825 0 1 0.115
5175 1658391825 0 0 26.13 8.36 129.7 0.035 134.5 10.97 2.2 0.0 5.1 0.41 0.02 0.3
5177 1658391826 0 7 $GNGGA,082345.000,4424.25528,N,00855.44873,E,1,11,0.8,0.6,M,44.7,M,,*49
5178 1658391827 0 7 $GNGGA,082346.000,4424.25538,N,00855.44876,E,1,11,0.8,0.4,M,44.7,M,,*4C
5179 1658391827 0 3 2.536 4.978
5180 1658391827 0 4 2.495 1.496
5185 1658391828 0 0 26.15 8.34 130.7 0.034 134.2 10.94 1.8 0.0 7.1 0.41 0.02 0.2
5186 1658391828 0 7 $GNGGA,082347.000,4424.25547,N,00855.44872,E,1,11,0.8,0.3,M,44.7,M,,*46
5187 1658391829 0 7 $GNGGA,082348.000,4424.25551,N,00855.44873,E,1,11,0.8,0.3,M,44.7,M,,*4F
5188 1658391830 0 7 $GNGGA,082349.000,4424.25555,N,00855.44874,E,1,11,0.8,0.2,M,44.7,M,,*4C
5189 1658391830 0 3 2.535 4.978
5190 1658391830 0 4 2.496 1.496
5191 1658391830 0 5 0.96
5192 1658391831 0 6 0.12
5193 1658391831 0 8 4.997 9.898 9.63
5197 1658391832 0 7 $GNGGA,082351.000,4424.25561,N,00855.44872,E,1,11,0.8,0.2,M,44.7,M,,*44
5198 1658391833 0 7 $GNGGA,082352.000,4424.25564,N,00855.44867,E,1,11,0.8,0.1,M,44.7,M,,*45
5199 1658391833 0 3 2.536 4.979
5203 1658391834 0 8 4.994 9.605 9.56
5204 1658391834 0 1 0.128
5205 1658391834 0 0 26.13 8.39 128.5 0.033 133.8 10.91 1.4 0.0 4.8 0.41 0.02 0.2
5206 1658391834 0 7 $GNGGA,082353.000,4424.25568,N,00855.44862,E,1,11,0.8,0.0,M,44.7,M,,*4C
5207 1658391835 0 7 $GNGGA,082354.000,4424.25575,N,00855.44859,E,1,11,0.8,-0.0,M,44.7,M,,*62
5208 1658391836 0 7 $GNGGA,082355.000,4424.25581,N,00855.44855,E,1,11,0.8,0.0,M,44.7,M,,*49
5209 1658391836 0 3 2.535 4.978
5210 1658391836 0 4 2.495 1.501
5215 1658391837 0 0 26.14 8.36 132.7 0.033 133.6 10.89 1.8 0.0 4.1 0.41 0.02 0.2
5216 1658391837 0 7 $GNGGA,082356.000,4424.25616,N,00855.44841,E,1,11,0.8,-0.1,M,44.7,M,,*6E
5217 1658391838 0 7 $GNGGA,082357.000,4424.25647,N,00855.44850,E,1,11,0.8,0.3,M,44.7,M,,*44
5218 1658391839 0 7 $GNGGA,082358.000,4424.25675,N,00855.44854,E,1,11,0.8,0.6,M,44.7,M,,*4B
5219 1658391839 0 3 2.535 4.978
5220 1658391839 0 4 2.495 1.501
5221 1658391839 0 5 0.99
5222 1658391840 0 6 0.12
5223 1658391840 0 8 4.997 9.869 9.63
5227 1658391841 0 7 $GNGGA,082400.000,4424.25709,N,00855.44846,E,1,11,0.8,0.6,M,44.7,M,,*48
5228 1658391842 0 7 $GNGGA,082401.000,4424.25720,N,00855.44836,E,1,11,0.8,0.5,M,44.7,M,,*46
5229 1658391842 0 3 2.536 4.979
5233 1658391843 0 8 4.994 9.587 9.56
5234 1658391843 0 1 0.229
5235 1658391843 0 0 26.13 8.34 134.5 0.032 133.2 10.86 1.3 0.0 3.3 0.41 0.02 0.1
5237 1658391844 0 7 $GNGGA,082403.000,4424.25745,N,00855.44824,E,1,11,0.8,0.5,M,44.7,M,,*44
5238 1658391845 0 7 $GNGGA,082404.000,4424.25800,N,00855.44804,E,1,11,0.8,0.8,M,44.7,M,,*42
5239 1658391845 0 3 2.536 4.978
5240 1658391845 0 4 2.495 1.501
5245 1658391846 0 0 26.12 8.37 134.3 0.032 132.9 10.84 1.6 0.0 2.9 0.41 0.02 0.2
5246 1658391846 0 7 $GNGGA,082405.000,4424.25857,N,00855.44778,E,1,11,0.8,1.1,M,44.7,M,,*4D
5247 1658391847 0 7 $GNGGA,082406.000,4424.25908,N,00855.44752,E,1,10,1.0,1.1,M,44.7,M,,*45
5248 1658391848 0 7 $GNGGA,082407.000,4424.25958,N,00855.44725,E,1,10,1.0,0.9,M,44.7,M,,*48
5249 1658391848 0 3 2.536 4.978
5250 1658391848 0 4 2.495 1.501
5251 1658391848 0 5 0.97
5252 1658391849 0 6 0.12
5253 1658391849 0 8 4.997 9.436 9.56
5254 1658391849 0 1 0.564
5257 1658391850 0 7 $GNGGA,082409.000,4424.26045,N,00855.44651,E,1,10,1.0,1.2,M,44.7,M,,*48
5258 1658391851 0 7 $GNGGA,082410.000,4424.26086,N,00855.44599,E,1,10,1.0,1.2,M,44.7,M,,*48
5259 1658391851 0 3 2.536 4.979
5263 1658391852 0 8 4.997 9.587 9.56
5264 1658391852 0 1 0.650
5265 1658391852 0 0 26.06 8.41 132.1 0.031 132.5 10.81 1.1 0.0 2.6 0.41 0.02 0.1
5266 1658391852 0 7 $GNGGA,082411.000,4424.26132,N,00855.44575,E,1,10,1.0,1.2,M,44.7,M,,*45
5267 1658391853 0 7 $GNGGA,082412.000,4424.26189,N,00855.44536,E,1,10,1.0,0.9,M,44.7,M,,*4B
5268 1658391854 0 7 $GNGGA,082413.000,4424.26232,N,00855.44499,E,1,10,1.0,0.9,M,44.7,M,,*4D
5276 1658391855 0 7 $GNGGA,082414.000,4424.26274,N,00855.44453,E,1,10,1.0,0.9,M,44.7,M,,*4E
5277 1658391856 0 7 $GNGGA,082415.000,4424.26315,N,00855.44408,E,1,10,1.0,0.8,M,44.7,M,,*46
5278 1658391857 0 7 $GNGGA,082416.000,4424.26359,N,00855.44346,E,1,10,1.0,0.7,M,44.7,M,,*4F
5279 1658391857 0 3 2.536 4.979
5280 1658391857 0 4 2.494 1.504
5281 1658391857 0 5 0.97
5282 1658391858 0 6 0.11
5283 1658391858 0 8 4.997 9.879 9.63
5287 1658391859 0 7 $GNGGA,082418.000,4424.26455,N,00855.44261,E,1,10,1.0,0.5,M,44.7,M,,*4C
5288 1658391860 0 7 $GNGGA,082419.000,4424.26503,N,00855.44214,E,1,10,1.0,0.6,M,44.7,M,,*4E
5289 1658391860 0 3 2.536 4.978
5293 1658391861 0 8 4.997 9.898 9.63
5294 1658391861 0 1 0.064
5295 1658391861 0 0 26.01 8.34 142.1 0.030 131.9 10.78 1.2 0.0 3.5 0.41 0.02 0.1
5297 1658391862 0 7 $GNGGA,082421.000,4424.26595,N,00855.44127,E,1,10,1.0,0.4,M,44.7,M,,*4B
5298 1658391863 0 7 $GNGGA,082422.000,4424.26645,N,00855.44076,E,1,10,1.0,0.4,M,44.7,M,,*43
5299 1658391863 0 3 2.536 4.978
5300 1658391863 0 4 2.493 1.509
5307 1658391865 0 7 $GNGGA,082424.000,4424.26751,N,00855.43970,E,1,10,1.0,0.5,M,44.7,M,,*48
6396 1658392193 0 4 2.495 1.323
6397 1658392194 0 5 1.07
6398 1658392194 0 6 0.12
6399 1658392194 0 8 4.994 9.558 9.54
6400 1658392194 0 1 2.844
6401 1658392194 0 0 26.67 8.20 148.6 67.46 123.6 7.71 18.8 0.0 330.5 0.40 45.90 1.3
6402 1658392194 0 7 $GNGGA,082953.000,4424.38865,N,00855.15894,E,1,09,1.2,2.3,M,44.7,M,,*44
6403 1658392195 0 7 $GNGGA,082954.000,4424.38893,N,00855.15894,E,1,09,1.2,2.4,M,44.7,M,,*4D
6404 1658392196 0 7 $GNGGA,082955.000,4424.38911,N,00855.15907,E,1,09,1.2,2.1,M,44.7,M,,*49
6405 1658392196 0 3 2.537 4.979
6406 1658392196 0 4 2.499 1.327
6407 1658392197 0 5 1.07
6408 1658392197 0 6 0.12
6409 1658392197 0 8 4.997 9.850 9.58
6410 1658392197 0 1 5.755
6411 1658392197 0 0 26.66 8.20 148.2 46.42 126.0 8.60 19.1 0.0 331.6 0.40 30.08 1.3
6412 1658392197 0 7 $GNGGA,082956.000,4424.38949,N,00855.15889,E,1,09,1.2,1.9,M,44.7,M,,*4B
6413 1658392198 0 7 $GNGGA,082957.000,4424.38961,N,00855.15873,E,1,09,1.2,1.6,M,44.7,M,,*4A
6414 1658392199 0 7 $GNGGA,082958.000,4424.38963,N,00855.15840,E,1,09,1.2,1.4,M,44.7,M,,*45
6415 1658392199 0 3 2.540 4.979
6416 1658392199 0 4 2.520 1.335
6417 1658392200 0 5 1.07
6418 1658392200 0 6 0.12
6419 1658392200 0 8 4.997 9.832 9.58
6420 1658392200 0 1 2.035
6421 1658392200 0 0 26.58 8.21 147.7 67.55 126.0 7.87 18.9 0.0 335.1 0.53 45.97 1.3
6422 1658392200 0 7 $GNGGA,082959.000,4424.38960,N,00855.15813,E,1,09,1.2,1.3,M,44.7,M,,*46
6423 1658392201 0 7 $GNGGA,083000.000,4424.38963,N,00855.15765,E,1,09,1.2,0.9,M,44.7,M,,*44
6424 1658392202 0 7 $GNGGA,083001.000,4424.38972,N,00855.15723,E,1,09,1.2,0.8,M,44.7,M,,*46
6425 1658392202 0 3 2.540 4.979
6426 1658392202 0 4 2.518 1.355
6427 1658392203 0 5 1.06
6428 1658392203 0 6 0.12
6429 1658392203 0 8 4.997 9.803 9.58
6430 1658392203 0 1 1.431
6431 1658392203 0 0 26.59 8.20 147.2 67.41 127.4 7.96 18.9 0.0 335.1 0.53 45.86 1.3
6432 1658392203 0 7 $GNGGA,083002.000,4424.38979,N,00855.15676,E,1,09,1.2,0.7,M,44.7,M,,*40
6433 1658392204 0 7 $GNGGA,083003.000,4424.38979,N,00855.15651,E,1,09,1.2,0.5,M,44.7,M,,*46
6434 1658392205 0 7 $GNGGA,083004.000,4424.38994,N,00855.15619,E,1,09,1.2,0.2,M,44.7,M,,*49
6435 1658392205 0 3 2.541 4.979
6436 1658392205 0 4 2.521 1.359
6437 1658392206 0 5 1.06
6438 1658392206 0 6 0.12
6439 1658392206 0 8 4.997 9.813 9.58
6440 1658392206 0 1 1.474
6441 1658392206 0 0 26.68 8.20 146.8 67.44 128.1 7.99 18.8 0.0 332.5 0.54 45.88 1.3
6442 1658392206 0 7 $GNGGA,083005.000,4424.38990,N,00855.15618,E,1,09,1.2,0.2,M,44.7,M,,*4D
6443 1658392207 0 7 $GNGGA,083006.000,4424.38984,N,00855.15591,E,1,09,1.2,0.1,M,44.7,M,,*4A
6444 1658392208 0 7 $GNGGA,083007.000,4424.38989,N,00855.15576,E,1,09,1.2,-0.0,M,44.7,M,,*63
6445 1658392208 0 3 2.541 4.979
6446 1658392208 0 4 2.519 1.377
6447 1658392209 0 5 1.05
6448 1658392209 0 6 0.12
6449 1658392209 0 8 4.997 9.784 9.58
6450 1658392209 0 1 1.390
6451 1658392209 0 0 26.69 8.20 146.5 67.50 128.8 8.03 18.8 0.0 333.6 0.52 45.93 1.3
6452 1658392209 0 7 $GNGGA,083008.000,4424.38987,N,00855.15502,E,1,09,1.2,-0.2,M,44.7,M,,*63
6453 1658392210 0 7 $GNGGA,083009.000,4424.38995,N,00855.15449,E,1,10,1.0,-0.5,M,44.7,M,,*62
6454 1658392211 0 7 $GNGGA,083010.000,4424.39003,N,00855.15395,E,1,10,1.0,-0.8,M,44.7,M,,*66
6455 1658392211 0 3 2.541 4.979
6457 1658392212 0 5 1.05
6458 1658392212 0 6 0.12
6459 1658392212 0 8 4.997 9.766 9.58
6460 1658392212 0 1 1.413
6461 1658392212 0 0 26.71 8.20 146.2 67.43 129.1 8.05 18.8 0.0 334.2 0.55 45.87 1.3
6462 1658392212 0 7 $GNGGA,083011.000,4424.39024,N,00855.15361,E,1,10,1.0,-0.8,M,44.7,M,,*69
6463 1658392213 0 7 $GNGGA,083012.000,4424.39040,N,00855.15328,E,1,10,1.0,-0.9,M,44.7,M,,*64
6464 1658392214 0 7 $GNGGA,083013.000,4424.39043,N,00855.15305,E,1,10,1.0,-1.0,M,44.7,M,,*61
6465 1658392214 0 3 2.541 4.979
6466 1658392214 0 4 2.517 1.369
6467 1658392215 0 5 1.05
6468 1658392215 0 6 0.11
6469 1658392215 0 8 4.997 9.756 9.63
6470 1658392215 0 1 1.226
6471 1658392215 0 0 26.70 8.20 145.9 67.50 129.2 8.05 18.8 0.0 333.8 0.51 45.93 1.3
6472 1658392215 0 7 $GNGGA,083014.000,4424.39053,N,00855.15303,E,1,10,1.0,-1.0,M,44.7,M,,*61
6473 1658392216 0 7 $GNGGA,083015.000,4424.39068,N,00855.15306,E,1,10,1.0,-1.0,M,44.7,M,,*6D
6474 1658392217 0 7 $GNGGA,083016.000,4424.39086,N,00855.15268,E,1,10,1.0,-0.9,M,44.7,M,,*6F
6475 1658392217 0 3 2.540 4.978
6476 1658392217 0 4 2.514 1.379
6477 1658392218 0 5 1.04
6478 1658392218 0 6 0.11
6479 1658392218 0 8 4.997 9.756 9.58
6480 1658392218 0 1 1.230
6481 1658392218 0 0 26.71 8.20 145.5 67.53 129.3 8.06 18.8 0.0 333.3 0.48 45.95 1.3
6482 1658392218 0 7 $GNGGA,083017.000,4424.39095,N,00855.15230,E,1,10,1.0,-1.0,M,44.7,M,,*69
6483 1658392219 0 7 $GNGGA,083018.000,4424.39107,N,00855.15179,E,1,10,1.0,-1.0,M,44.7,M,,*62
6484 1658392220 0 7 $GNGGA,083019.000,4424.39119,N,00855.15136,E,1,10,1.0,-1.1,M,44.7,M,,*66
6485 1658392220 0 3 2.542 4.979
6486 1658392220 0 4 2.517 1.414
6487 1658392221 0 5 1.04
6488 1658392221 0 6 0.11
6489 1658392221 0 8 4.997 9.756 9.60
6490 1658392221 0 1 1.563
6491 1658392221 0 2 nan 184.08999633 12.02200031 1.41610002 2.18530011 0.00820000 1.65649995 nan 1.00000000 2.20539999
6492 1658392222 0 7 $GNGGA,083020.000,4424.39122,N,00855.15095,E,1,10,1.0,-1.3,M,44.7,M,,*6E
6493 1658392222 0 7 $GNGGA,083021.000,4424.39122,N,00855.15062,E,1,10,1.0,-1.6,M,44.7,M,,*62
6494 1658392223 0 7 $GNGGA,083022.000,4424.39131,N,00855.15018,E,1,10,1.0,-1.5,M,44.7,M,,*6D
6495 1658392223 0 3 2.542 4.979
6496 1658392223 0 4 2.522 1.427
6497 1658392224 0 5 1.03
6498 1658392224 0 6 0.11
6499 1658392224 0 8 4.997 9.756 9.58
6500 1658392224 0 1 1.389
6501 1658392224 0 0 26.73 8.20 144.9 67.46 129.7 8.08 18.8 0.0 332.1 0.53 45.89 1.3
6502 1658392224 0 7 $GNGGA,083023.000,4424.39140,N,00855.14967,E,1,10,1.0,-1.5,M,44.7,M,,*6A
6503 1658392225 0 7 $GNGGA,083024.000,4424.39159,N,00855.14938,E,1,10,1.0,-1.5,M,44.7,M,,*6F
6504 1658392226 0 7 $GNGGA,083025.000,4424.39178,N,00855.14920,E,1,10,1.0,-1.5,M,44.7,M,,*64
6505 1658392226 0 3 2.542 4.979
6506 1658392226 0 4 2.515 1.422
6507 1658392227 0 5 1.03
6508 1658392227 0 6 0.11
6509 1658392227 0 8 4.997 9.756 9.58
6510 1658392227 0 1 1.929
6511 1658392227 0 0 26.73 8.20 144.6 67.51 129.8 8.09 18.8 0.0 331.9 0.51 45.94 1.3
6512 1658392227 0 7 $GNGGA,083026.000,4424.39190,N,00855.14903,E,1,10,1.0,-1.4,M,44.7,M,,*61
6513 1658392228 0 7 $GNGGA,083027.000,4424.39201,N,00855.14882,E,1,10,1.0,-1.4,M,44.7,M,,*63
6514 1658392229 0 7 $GNGGA,083028.000,4424.39219,N,00855.14864,E,1,10,1.0,-1.3,M,44.7,M,,*6A
6515 1658392229 0 3 2.542 4.979
6516 1658392229 0 4 2.518 1.429
6517 1658392230 0 5 1.02
6518 1658392230 0 6 0.11
6519 1658392230 0 8 4.997 9.756 9.58
6520 1658392230 0 1 1.315
6521 1658392230 0 0 26.70 8.20 144.4 67.54 129.9 8.10 18.8 0.0 332.4 0.52 45.96 1.3
6522 1658392231 0 7 $GNGGA,083029.000,4424.39234,N,00855.14849,E,1,10,1.0,-1.1,M,44.7,M,,*69
6523 1658392231 0 7 $GNGGA,083030.000,4424.39244,N,00855.14838,E,1,10,1.0,-0.9,M,44.7,M,,*69
6524 1658392232 0 7 $GNGGA,083031.000,4424.39264,N,00855.14825,E,1,10,1.0,-0.9,M,44.7,M,,*66
6525 1658392232 0 3 2.543 4.979
6526 1658392232 0 4 2.518 1.424
6527 1658392233 0 5 1.02
6528 1658392233 0 6 0.11
6529 1658392233 0 8 4.994 9.766 9.60
6530 1658392233 0 1 1.366
6531 1658392233 0 0 26.68 8.20 144.1 67.46 130.1 8.11 18.8 0.0 332.8 0.55 45.90 1.3
6532 1658392233 0 7 $GNGGA,083032.000,4424.39287,N,00855.14806,E,1,10,1.0,-0.8,M,44.7,M,,*68
6533 1658392234 0 7 $GNGGA,083033.000,4424.39308,N,00855.14777,E,1,10,1.0,-0.8,M,44.7,M,,*66
6534 1658392235 0 7 $GNGGA,083034.000,4424.39309,N,00855.14779,E,1,10,1.0,-0.7,M,44.7,M,,*61
6535 1658392235 0 3 2.542 4.979
6536 1658392235 0 4 2.518 1.437
6537 1658392236 0 5 1.02
6538 1658392236 0 6 0.11
6539 1658392236 0 8 4.997 9.766 9.60
6540 1658392236 0 1 1.257
6541 1658392236 0 0 26.68 8.20 143.8 67.58 130.4 8.13 18.8 0.0 331.9 0.52 45.99 1.3
6542 1658392237 0 7 $GNGGA,083035.000,4424.39311,N,00855.14782,E,1,10,1.0,-0.7,M,44.7,M,,*6D
6543 1658392238 0 7 $GNGGA,083037.000,4424.39315,N,00855.14781,E,1,10,1.0,-0.7,M,44.7,M,,*68
6544 1658392238 0 3 2.542 4.978
6545 1658392238 0 4 2.517 1.437
6546 1658392239 0 5 1.01
6547 1658392239 0 6 0.11
6548 1658392239 0 8 4.994 9.756 9.60
6549 1658392239 0 1 1.273
6550 1658392239 0 0 26.68 8.20 143.6 67.59 130.7 8.15 18.8 0.0 332.0 0.51 46.00 1.3
6551 1658392239 0 7 $GNGGA,083038.000,4424.39319,N,00855.14780,E,1,10,1.0,-0.7,M,44.7,M,,*6A
6552 1658392240 0 7 $GNGGA,083039.000,4424.39322,N,00855.14779,E,1,10,1.0,-0.6,M,44.7,M,,*64
6553 1658392241 0 7 $GNGGA,083040.000,4424.39344,N,00855.14759,E,1,10,1.0,-0.8,M,44.7,M,,*66
6554 1658392241 0 3 2.542 4.979
6555 1658392241 0 4 2.517 1.442
6556 1658392242 0 5 1.01
6557 1658392242 0 6 0.11
6558 1658392242 0 8 4.997 9.756 9.60
6559 1658392242 0 1 1.256
6560 1658392242 0 0 26.68 8.20 143.5 67.47 130.8 8.16 18.8 0.0 331.2 0.53 45.91 1.3
6561 1658392242 0 7 $GNGGA,083041.000,4424.39370,N,00855.14739,E,1,10,1.0,-0.9,M,44.7,M,,*67
6562 1658392243 0 7 $GNGGA,083042.000,4424.39373,N,00855.14733,E,1,10,1.0,-0.9,M,44.7,M,,*6D
6563 1658392244 0 7 $GNGGA,083043.000,4424.39377,N,00855.14730,E,1,10,1.0,-0.8,M,44.7,M,,*6A
6564 1658392244 0 3 2.552 4.979
6565 1658392245 0 4 2.556 1.432
6566 1658392245 0 5 1.01
6567 1658392245 0 6 0.11
6568 1658392245 0 8 4.997 9.756 9.58
6569 1658392245 0 1 1.403
6570 1658392245 0 0 26.68 8.20 143.3 67.49 131.1 8.18 18.8 0.0 330.4 0.74 45.92 1.3
6571 1658392245 0 7 $GNGGA,083044.000,4424.39381,N,00855.14727,E,1,10,1.0,-0.8,M,44.7,M,,*62
6572 1658392246 0 7 $GNGGA,083045.000,4424.39385,N,00855.14724,E,1,10,1.0,-0.7,M,44.7,M,,*6B
6573 1658392247 0 7 $GNGGA,083046.000,4424.39408,N,00855.14697,E,1,10,1.0,-0.8,M,44.7,M,,*6C
6574 1658392247 0 3 2.575 4.979
6575 1658392248 0 4 2.614 1.459
6576 1658392248 0 5 1.00
6577 1658392248 0 6 0.11
6580 1658392248 0 0 26.62 8.20 143.1 67.66 131.3 8.19 18.8 0.0 331.1 1.09 46.06 1.3
6581 1658392248 0 7 $GNGGA,083047.000,4424.39424,N,00855.14671,E,1,10,1.0,-0.7,M,44.7,M,,*64
6583 1658392250 0 7 $GNGGA,083049.000,4424.39461,N,00855.14621,E,1,10,1.0,-0.7,M,44.7,M,,*6E
6584 1658392250 0 3 2.670 4.979
6585 1658392251 0 4 2.641 1.504
6586 1658392251 0 5 1.00
6587 1658392251 0 6 0.11
6588 1658392251 0 8 4.997 9.766 9.60
6589 1658392251 0 1 1.590
6590 1658392251 0 0 26.59 8.20 142.9 67.61 131.5 8.21 18.8 0.0 332.4 1.45 46.02 1.3
6591 1658392251 0 7 $GNGGA,083050.000,4424.39473,N,00855.14620,E,1,10,1.0,-0.6,M,44.7,M,,*65
6592 1658392252 0 7 $GNGGA,083051.000,4424.39484,N,00855.14617,E,1,10,1.0,-0.6,M,44.7,M,,*68
6594 1658392253 0 3 2.710 4.979
6597 1658392254 0 6 0.11
6598 1658392254 0 8 4.997 9.766 9.58
6599 1658392254 0 1 2.376
6603 1658392256 0 7 $GNGGA,083055.000,4424.39545,N,00855.14579,E,1,10,1.0,-0.1,M,44.7,M,,*6C
6604 1658392256 0 3 2.714 4.979
6606 1658392257 0 5 1.00
6609 1658392257 0 1 1.728
6610 1658392257 0 0 26.44 8.20 142.5 67.71 131.7 8.24 18.8 0.0 338.6 2.05 46.10 1.3
6611 1658392257 0 7 $GNGGA,083056.000,4424.39582,N,00855.14543,E,1,10,1.0,0.1,M,44.7,M,,*40
6613 1658392259 0 7 $GNGGA,083058.000,4424.39625,N,00855.14506,E,1,10,1.0,-0.0,M,44.7,M,,*6D
6614 1658392259 0 3 2.716 4.979
6615 1658392260 0 4 2.651 1.574
6616 1658392260 0 5 1.01
6617 1658392260 0 6 0.11
6618 1658392260 0 8 4.997 9.766 9.58
6621 1658392260 0 7 $GNGGA,083059.000,4424.39633,N,00855.14505,E,1,10,1.0,0.0,M,44.7,M,,*45
6623 1658392262 0 7 $GNGGA,083101.000,4424.39647,N,00855.14493,E,1,10,1.0,0.1,M,44.7,M,,*45
6627 1658392263 0 6 0.11
6632 1658392264 0 7 $GNGGA,083103.000,4424.39677,N,00855.14460,E,1,10,1.0,0.3,M,44.7,M,,*4A
6633 1658392265 0 7 $GNGGA,083104.000,4424.39680,N,00855.14454,E,1,10,1.0,0.3,M,44.7,M,,*42
6634 1658392265 0 3 2.717 4.979
6635 1658392266 0 4 2.655 1.569
6639 1658392266 0 1 1.928
6640 1658392266 0 0 26.28 8.20 142.1 67.48 132.2 8.30 18.8 0.0 332.7 2.52 45.92 1.3
6643 1658392268 0 7 $GNGGA,083107.000,4424.39706,N,00855.14399,E,1,10,1.0,-0.1,M,44.7,M,,*67
6645 1658392269 0 4 2.655 1.569
6646 1658392269 0 5 0.99
6650 1658392269 0 0 26.26 8.20 142.0 67.48 132.2 8.31 18.8 0.0 332.1 2.63 45.92 1.3
6651 1658392269 0 7 $GNGGA,083108.000,4424.39732,N,00855.14379,E,1,10,1.0,-0.4,M,44.7,M,,*64
6652 1658392270 0 7 $GNGGA,083109.000,4424.39734,N,00855.14366,E,1,10,1.0,-0.4,M,44.7,M,,*6D
6653 1658392271 0 7 $GNGGA,083110.000,4424.39742,N,00855.14345,E,1,10,1.0,-0.4,M,44.7,M,,*65
6654 1658392271 0 3 2.718 4.979
6655 1658392272 0 4 2.656 1.577
6657 1658392272 0 6 0.11
6659 1658392272 0 1 2.078
6660 1658392272 0 0 26.23 8.21 141.9 67.55 132.4 8.32 18.8 0.0 331.4 2.77 45.98 1.3
6662 1658392273 0 7 $GNGGA,083112.000,4424.39757,N,00855.14303,E,1,10,1.0,-0.4,M,44.7,M,,*61
6663 1658392274 0 7 $GNGGA,083113.000,4424.39767,N,00855.14288,E,1,10,1.0,-0.4,M,44.7,M,,*61
6664 1658392274 0 3 2.720 4.978
6666 1658392275 0 5 0.98
6673 1658392277 0 7 $GNGGA,083116.000,4424.39813,N,00855.14222,E,1,10,1.0,-0.3,M,44.7,M,,*6F
6674 1658392277 0 3 2.720 4.979
6681 1658392278 0 7 $GNGGA,083117.000,4424.39820,N,00855.14210,E,1,10,1.0,-0.2,M,44.7,M,,*6E
6683 1658392280 0 7 $GNGGA,083119.000,4424.39843,N,00855.14181,E,1,10,1.0,-0.2,M,44.7,M,,*6E
6684 1658392280 0 3 2.722 4.978
6687 1658392281 0 6 0.11
6688 1658392281 0 8 4.997 9.756 9.58
6689 1658392281 0 1 2.756
6690 1658392281 0 0 26.23 8.21 141.4 67.52 133.0 8.36 18.7 0.0 327.6 3.30 45.96 1.3
6692 1658392282 0 7 $GNGGA,083121.000,4424.39861,N,00855.14167,E,1,10,1.0,-0.2,M,44.7,M,,*6D
6693 1658392283 0 7 $GNGGA,083122.000,4424.39871,N,00855.14156,E,1,10,1.0,-0.2,M,44.7,M,,*6D
6694 1658392283 0 3 2.723 4.979
6695 1658392284 0 4 2.663 1.644
6696 1658392284 0 5 0.97
6700 1658392284 0 0 26.21 8.21 141.4 67.47 133.1 8.37 18.7 0.0 326.8 3.49 45.92 1.3
6701 1658392284 0 7 $GNGGA,083123.000,4424.39876,N,00855.14155,E,1,10,1.0,-0.2,M,44.7,M,,*68
6702 1658392285 0 7 $GNGGA,083124.000,4424.39891,N,00855.14141,E,1,10,1.0,-0.2,M,44.7,M,,*63
6703 1658392286 0 7 $GNGGA,083125.000,4424.39901,N,00855.14127,E,1,10,1.0,-0.2,M,44.7,M,,*6A
6704 1658392286 0 3 2.724 4.979
6708 1658392287 0 8 4.994 9.756 9.58
6711 1658392287 0 7 $GNGGA,083126.000,4424.39910,N,00855.14118,E,1,10,1.0,-0.2,M,44.7,M,,*65
6712 1658392288 0 7 $GNGGA,083127.000,4424.39919,N,00855.14109,E,1,10,1.0,-0.2,M,44.7,M,,*6D
6713 1658392289 0 7 $GNGGA,083128.000,4424.39924,N,00855.14100,E,1,10,1.0,-0.3,M,44.7,M,,*64
6714 1658392289 0 3 2.725 4.979
6717 1658392290 0 6 0.11
6718 1658392290 0 8 4.997 9.756 9.58
6719 1658392290 0 1 2.201
6720 1658392290 0 0 26.17 8.21 141.2 67.52 133.4 8.39 18.7 0.0 325.1 3.90 45.96 1.3
6721 1658392290 0 7 $GNGGA,083129.000,4424.39933,N,00855.14088,E,1,10,1.0,-0.3,M,44.7,M,,*62
6722 1658392291 0 7 $GNGGA,083130.000,4424.39941,N,00855.14077,E,1,10,1.0,-0.3,M,44.7,M,,*6F
6723 1658392292 0 7 $GNGGA,083131.000,4424.39945,N,00855.14071,E,1,10,1.0,-0.3,M,44.7,M,,*6C
6724 1658392292 0 3 2.728 4.978
6728 1658392293 0 8 4.994 9.756 9.58
6729 1658392293 0 1 2.225
6730 1658392293 0 0 26.17 8.21 141.1 67.53 133.7 8.41 18.7 0.0 324.1 4.09 45.97 1.3
6732 1658392294 0 7 $GNGGA,083133.000,4424.39957,N,00855.14062,E,1,10,1.0,-0.3,M,44.7,M,,*6F
6733 1658392295 0 7 $GNGGA,083134.000,4424.39965,N,00855.14053,E,1,10,1.0,-0.3,M,44.7,M,,*6B
6735 1658392296 0 4 2.670 1.654
6736 1658392296 0 5 0.98
6737 1658392296 0 6 0.11
6740 1658392296 0 0 26.16 8.21 141.1 67.41 133.9 8.42 18.7 0.0 322.9 4.28 45.88 1.3
6741 1658392296 0 7 $GNGGA,083135.000,4424.39972,N,00855.14043,E,1,10,1.0,-0.3,M,44.7,M,,*6D
6744 1658392298 0 3 2.730 4.979
6746 1658392299 0 5 0.97
6747 1658392299 0 6 0.10
6748 1658392299 0 8 4.997 9.747 9.58
6749 1658392299 0 1 2.242
6752 1658392300 0 7 $GNGGA,083139.000,4424.39996,N,00855.14011,E,1,10,1.0,-0.4,M,44.7,M,,*6B
6753 1658392301 0 7 $GNGGA,083140.000,4424.40000,N,00855.14003,E,1,10,1.0,-0.4,M,44.7,M,,*6E
6754 1658392301 0 3 2.731 4.978
6756 1658392302 0 5 0.97
6758 1658392302 0 8 4.997 9.747 9.58
6759 1658392302 0 1 2.567
6760 1658392302 0 0 26.06 8.21 140.8 67.50 134.2 8.46 18.7 0.0 323.1 4.69 45.95 1.3
6762 1658392303 0 7 $GNGGA,083142.000,4424.40008,N,00855.13991,E,1,10,1.0,-0.4,M,44.7,M,,*61
6763 1658392304 0 7 $GNGGA,083143.000,4424.40012,N,00855.13988,E,1,10,1.0,-0.4,M,44.7,M,,*63
6765 1658392305 0 4 2.677 1.649
6766 1658392305 0 5 0.97
6767 1658392305 0 6 0.10
6770 1658392305 0 0 26.00 8.21 140.8 67.36 134.3 8.47 18.7 0.0 325.0 4.99 45.84 1.3
6771 1658392305 0 7 $GNGGA,083144.000,4424.40014,N,00855.13980,E,1,10,1.0,-0.3,M,44.7,M,,*6D
6773 1658392307 0 7 $GNGGA,083146.000,4424.40016,N,00855.13966,E,1,09,1.2,-0.2,M,44.7,M,,*6E
6774 1658392307 0 3 2.735 4.978
6775 1658392308 0 4 2.680 1.644
6776 1658392308 0 5 0.97
6777 1658392308 0 6 0.10
6778 1658392308 0 8 4.997 9.832 9.58
6779 1658392308 0 1 3.307
6780 1658392308 0 0 25.96 8.21 140.7 67.35 134.4 8.49 18.7 0.0 321.5 5.26 45.83 1.3
6781 1658392308 0 7 $GNGGA,083147.000,4424.40018,N,00855.13959,E,1,09,1.2,-0.2,M,44.7,M,,*6D
6782 1658392309 0 7 $GNGGA,083148.000,4424.40019,N,00855.13949,E,1,09,1.2,-0.2,M,44.7,M,,*62
6783 1658392310 0 7 $GNGGA,083149.000,4424.40021,N,00855.13939,E,1,09,1.2,-0.2,M,44.7,M,,*6F
6784 1658392310 0 3 2.738 4.979
6785 1658392311 0 4 2.682 1.646
6786 1658392311 0 5 0.97
6787 1658392311 0 6 0.10
6788 1658392311 0 8 4.994 9.822 9.58
6789 1658392311 0 1 2.672
6790 1658392311 0 0 25.94 8.21 140.6 67.42 134.6 8.50 18.7 0.0 320.0 5.43 45.89 1.2
6791 1658392311 0 7 $GNGGA,083150.000,4424.40022,N,00855.13933,E,1,09,1.2,-0.1,M,44.7,M,,*6D
6792 1658392312 0 7 $GNGGA,083151.000,4424.40024,N,00855.13930,E,1,09,1.2,-0.1,M,44.7,M,,*69
6793 1658392313 0 7 $GNGGA,083152.000,4424.40024,N,00855.13921,E,1,09,1.2,-0.1,M,44.7,M,,*6A
6794 1658392313 0 3 2.740 4.979
6795 1658392314 0 4 2.685 1.649
6796 1658392314 0 5 0.97
6797 1658392314 0 6 0.10
6798 1658392314 0 8 4.997 9.511 9.54
6799 1658392314 0 1 2.682
6800 1658392314 0 0 25.94 8.21 140.6 67.37 134.8 8.51 18.6 0.0 318.8 5.59 45.85 1.2
6801 1658392314 0 7 $GNGGA,083153.000,4424.40025,N,00855.13913,E,1,09,1.2,-0.1,M,44.7,M,,*6B
6802 1658392315 0 7 $GNGGA,083154.000,4424.40026,N,00855.13905,E,1,09,1.2,-0.1,M,44.7,M,,*68
6803 1658392316 0 7 $GNGGA,083155.000,4424.40026,N,00855.13898,E,1,09,1.2,-0.1,M,44.7,M,,*6C
6804 1658392316 0 3 2.742 4.979
6805 1658392317 0 4 2.687 1.652
6806 1658392317 0 5 0.96
6807 1658392317 0 6 0.10
6808 1658392317 0 8 4.994 9.445 9.54
6809 1658392317 0 1 2.709
6810 1658392317 0 0 25.94 8.21 140.5 67.46 135.0 8.52 18.6 0.0 316.6 5.68 45.92 1.2
6811 1658392317 0 7 $GNGGA,083156.000,4424.40027,N,00855.13889,E,1,09,1.2,-0.1,M,44.7,M,,*6E
6812 1658392318 0 7 $GNGGA,083157.000,4424.40029,N,00855.13879,E,1,09,1.2,-0.1,M,44.7,M,,*6E
6813 1658392319 0 7 $GNGGA,083158.000,4424.40030,N,00855.13870,E,1,09,1.2,-0.1,M,44.7,M,,*60
6814 1658392319 0 3 2.744 4.979
6815 1658392320 0 4 2.689 1.674
6816 1658392320 0 5 0.96
6817 1658392320 0 6 0.10
6818 1658392320 0 8 4.997 9.483 9.58
6819 1658392320 0 1 2.756
6820 1658392320 0 0 25.93 8.21 140.5 67.50 135.2 8.54 18.6 0.0 315.4 5.75 45.95 1.2
6821 1658392320 0 7 $GNGGA,083159.000,4424.40032,N,00855.13867,E,1,09,1.2,-0.1,M,44.7,M,,*65
6822 1658392321 0 7 $GNGGA,083200.000,4424.40034,N,00855.13864,E,1,09,1.2,-0.1,M,44.7,M,,*6F
6823 1658392322 0 7 $GNGGA,083201.000,4424.40038,N,00855.13860,E,1,09,1.2,-0.1,M,44.7,M,,*66
6824 1658392322 0 3 2.745 4.979
6825 1658392323 0 4 2.691 1.681
6826 1658392323 0 5 0.96
6827 1658392323 0 6 0.10
6828 1658392323 0 8 4.997 9.737 9.58
6829 1658392323 0 1 2.691
6830 1658392323 0 0 25.91 8.21 140.4 67.44 135.2 8.54 18.6 0.0 314.4 5.94 45.90 1.2
6831 1658392323 0 7 $GNGGA,083202.000,4424.40041,N,00855.13857,E,1,09,1.2,-0.1,M,44.7,M,,*6F
6832 1658392324 0 7 $GNGGA,083203.000,4424.40043,N,00855.13853,E,1,09,1.2,-0.1,M,44.7,M,,*68
6833 1658392325 0 7 $GNGGA,083204.000,4424.40047,N,00855.13849,E,1,09,1.2,-0.1,M,44.7,M,,*60
6834 1658392325 0 3 2.749 4.979
6835 1658392326 0 4 2.693 1.681
6836 1658392326 0 5 0.96
6837 1658392326 0 6 0.10
6838 1658392326 0 8 4.994 9.407 9.54
6839 1658392326 0 1 2.671
6840 1658392326 0 0 25.89 8.21 140.4 67.48 135.3 8.55 18.6 0.0 313.4 6.13 45.94 1.2
6841 1658392326 0 7 $GNGGA,083205.000,4424.40052,N,00855.13844,E,1,09,1.2,-0.1,M,44.7,M,,*68
6842 1658392327 0 7 $GNGGA,083206.000,4424.40057,N,00855.13841,E,1,09,1.2,-0.1,M,44.7,M,,*6B
6843 1658392328 0 7 $GNGGA,083207.000,4424.40063,N,00855.13837,E,1,09,1.2,-0.2,M,44.7,M,,*6F
6844 1658392328 0 3 2.751 4.979
6845 1658392329 0 4 2.697 1.681
6846 1658392329 0 5 0.96
6847 1658392329 0 6 0.10
6848 1658392329 0 8 4.994 9.850 9.58
6849 1658392329 0 1 2.848
6850 1658392329 0 0 25.88 8.21 140.3 67.48 135.4 8.56 18.5 0.0 312.6 6.30 45.94 1.2
6851 1658392329 0 7 $GNGGA,083208.000,4424.40067,N,00855.13835,E,1,09,1.2,-0.2,M,44.7,M,,*66
6852 1658392330 0 7 $GNGGA,083209.000,4424.40073,N,00855.13831,E,1,09,1.2,-0.2,M,44.7,M,,*66
6853 1658392331 0 7 $GNGGA,083210.000,4424.40076,N,00855.13828,E,1,09,1.2,-0.2,M,44.7,M,,*63
6854 1658392331 0 3 2.754 4.978
6855 1658392332 0 4 2.699 1.701
6856 1658392332 0 5 0.98
6857 1658392332 0 6 0.10
6858 1658392332 0 8 4.997 9.841 9.54
6859 1658392332 0 1 2.615
6860 1658392332 0 0 25.83 8.21 140.2 67.47 135.6 8.58 18.6 0.0 313.5 6.49 45.93 1.2
6861 1658392332 0 7 $GNGGA,083211.000,4424.40080,N,00855.13829,E,1,09,1.2,-0.1,M,44.7,M,,*69
6862 1658392333 0 7 $GNGGA,083212.000,4424.40084,N,00855.13831,E,1,09,1.2,-0.1,M,44.7,M,,*67
6863 1658392334 0 7 $GNGGA,083213.000,4424.40088,N,00855.13831,E,1,09,1.2,-0.1,M,44.7,M,,*6A
6864 1658392334 0 3 2.756 4.979
6865 1658392335 0 4 2.701 1.726
6866 1658392335 0 5 0.97
6867 1658392335 0 6 0.10
6868 1658392335 0 8 4.994 9.521 9.54
6869 1658392335 0 1 3.643
6870 1658392335 0 0 25.76 8.21 140.2 67.46 135.8 8.60 18.6 0.0 311.5 6.66 45.92 1.2
6871 1658392335 0 7 $GNGGA,083214.000,4424.40086,N,00855.13842,E,1,09,1.2,0.2,M,44.7,M,,*49
6872 1658392336 0 7 $GNGGA,083215.000,4424.40092,N,00855.13840,E,1,09,1.2,0.1,M,44.7,M,,*4C
6873 1658392337 0 7 $GNGGA,083216.000,4424.40098,N,00855.13834,E,1,09,1.2,0.0,M,44.7,M,,*47
6874 1658392337 0 3 2.759 4.978
6875 1658392338 0 4 2.703 1.726
6876 1658392338 0 5 0.97
6877 1658392338 0 6 0.10
6878 1658392338 0 8 4.994 9.841 9.58
6879 1658392338 0 1 3.297
6880 1658392338 0 0 25.56 8.21 140.1 67.47 135.9 8.63 18.6 0.0 325.0 6.84 45.93 1.2
6881 1658392338 0 7 $GNGGA,083217.000,4424.40100,N,00855.13830,E,1,09,1.2,0.0,M,44.7,M,,*42
6882 1658392339 0 7 $GNGGA,083218.000,4424.40105,N,00855.13824,E,1,09,1.2,0.0,M,44.7,M,,*4D
6883 1658392340 0 7 $GNGGA,083219.000,4424.40106,N,00855.13819,E,1,09,1.2,0.0,M,44.7,M,,*41
6884 1658392340 0 3 2.762 4.978
6885 1658392341 0 4 2.707 1.724
6886 1658392341 0 5 0.97
6887 1658392341 0 6 0.10
6888 1658392341 0 8 4.997 9.832 9.58
6889 1658392341 0 1 3.120
6890 1658392341 0 0 25.37 8.21 140.0 67.32 135.9 8.67 18.7 0.0 319.8 7.03 45.83 1.2
6891 1658392341 0 7 $GNGGA,083220.000,4424.40110,N,00855.13816,E,1,09,1.2,-0.0,M,44.7,M,,*6E
6892 1658392342 0 7 $GNGGA,083221.000,4424.40112,N,00855.13812,E,1,09,1.2,-0.0,M,44.7,M,,*69
6893 1658392343 0 7 $GNGGA,083222.000,4424.40115,N,00855.13805,E,1,09,1.2,-0.1,M,44.7,M,,*6A
6894 1658392343 0 3 2.765 4.978
6895 1658392344 0 4 2.709 1.726
6896 1658392344 0 5 0.96
6897 1658392344 0 6 0.10
6898 1658392344 0 8 4.997 9.832 9.58
6899 1658392344 0 1 3.063
6900 1658392344 0 0 25.18 8.21 140.0 67.42 136.0 8.70 18.7 0.0 323.0 7.28 45.91 1.2
6901 1658392344 0 7 $GNGGA,083223.000,4424.40120,N,00855.13799,E,1,09,1.2,-0.1,M,44.7,M,,*67
6902 1658392345 0 7 $GNGGA,083224.000,4424.40123,N,00855.13798,E,1,09,1.2,-0.1,M,44.7,M,,*62
6903 1658392346 0 7 $GNGGA,083225.000,4424.40125,N,00855.13796,E,1,09,1.2,-0.1,M,44.7,M,,*6B
6904 1658392346 0 3 2.768 4.978
6905 1658392346 0 4 2.712 1.729
6906 1658392347 0 5 0.95
6907 1658392347 0 6 0.10
6908 1658392347 0 8 4.997 9.766 9.58
6909 1658392347 0 1 3.310
6910 1658392347 0 0 25.01 8.21 139.9 67.38 135.9 8.72 18.7 0.0 322.9 7.55 45.88 1.2
6911 1658392347 0 7 $GNGGA,083226.000,4424.40129,N,00855.13791,E,1,09,1.2,-0.2,M,44.7,M,,*60
6912 1658392348 0 7 $GNGGA,083227.000,4424.40133,N,00855.13786,E,1,09,1.2,-0.2,M,44.7,M,,*6C
6913 1658392349 0 7 $GNGGA,083228.000,4424.40136,N,00855.13783,E,1,09,1.2,-0.2,M,44.7,M,,*63
6914 1658392349 0 3 2.771 4.978
6915 1658392349 0 4 2.715 1.734
6916 1658392350 0 5 0.95
6917 1658392350 0 6 0.10
6918 1658392350 0 8 4.994 9.747 9.58
6919 1658392350 0 1 3.281
6920 1658392350 0 0 24.94 8.21 139.9 67.37 136.0 8.73 18.6 0.0 319.7 7.81 45.87 1.2
6921 1658392350 0 7 $GNGGA,083229.000,4424.40142,N,00855.13777,E,1,09,1.2,-0.3,M,44.7,M,,*6B
6922 1658392351 0 7 $GNGGA,083230.000,4424.40142,N,00855.13771,E,1,09,1.2,-0.3,M,44.7,M,,*65
6923 1658392352 0 7 $GNGGA,083231.000,4424.40141,N,00855.13766,E,1,09,1.2,-0.2,M,44.7,M,,*60
6924 1658392352 0 3 2.774 4.979
6925 1658392352 0 4 2.717 1.739
6926 1658392353 0 5 0.95
6927 1658392353 0 6 0.10
6928 1658392353 0 8 4.994 9.766 9.58
6929 1658392353 0 1 4.046
6930 1658392353 0 0 24.89 8.21 139.8 67.23 135.8 8.73 18.6 0.0 318.4 8.08 45.76 1.2
6931 1658392353 0 7 $GNGGA,083232.000,4424.40139,N,00855.13765,E,1,09,1.2,-0.2,M,44.7,M,,*6F
6932 1658392354 0 7 $GNGGA,083233.000,4424.40139,N,00855.13761,E,1,09,1.2,-0.2,M,44.7,M,,*6A
6933 1658392355 0 7 $GNGGA,083234.000,4424.40139,N,00855.13759,E,1,09,1.2,-0.2,M,44.7,M,,*66
6934 1658392355 0 3 2.778 4.979
6935 1658392355 0 4 2.720 1.759
6936 1658392356 0 5 0.94
6937 1658392356 0 6 0.10
6938 1658392356 0 8 4.997 9.766 9.58
6939 1658392356 0 1 3.485
6940 1658392356 0 0 24.85 8.21 139.7 67.26 135.7 8.73 18.6 0.0 314.8 8.32 45.79 1.1
6941 1658392356 0 7 $GNGGA,083235.000,4424.40139,N,00855.13757,E,1,09,1.2,-0.2,M,44.7,M,,*69
6942 1658392357 0 7 $GNGGA,083236.000,4424.40137,N,00855.13756,E,1,09,1.2,-0.2,M,44.7,M,,*65
6943 1658392358 0 7 $GNGGA,083237.000,4424.40137,N,00855.13754,E,1,09,1.2,-0.2,M,44.7,M,,*66
6944 1658392358 0 3 2.782 4.979
6945 1658392358 0 4 2.723 1.759
6946 1658392359 0 5 0.94
6947 1658392359 0 6 0.10
6948 1658392359 0 8 4.997 9.756 9.58
6949 1658392359 0 1 3.525
6950 1658392359 0 0 24.83 8.21 139.7 67.33 135.7 8.73 18.5 0.0 312.5 8.50 45.84 1.1
6951 1658392359 0 7 $GNGGA,083238.000,4424.40135,N,00855.13756,E,1,09,1.2,-0.2,M,44.7,M,,*69
6952 1658392360 0 7 $GNGGA,083239.000,4424.40135,N,00855.13751,E,1,09,1.2,-0.2,M,44.7,M,,*6F
6953 1658392361 0 7 $GNGGA,083240.000,4424.40134,N,00855.13752,E,1,09,1.2,-0.2,M,44.7,M,,*63
6954 1658392361 0 3 2.784 4.979
6955 1658392361 0 4 2.725 1.756
6956 1658392362 0 5 0.94
6957 1658392362 0 6 0.10
6958 1658392362 0 8 4.994 9.756 9.58
6959 1658392362 0 1 4.148
6960 1658392362 0 0 24.80 8.21 139.6 67.32 135.7 8.74 18.5 0.0 309.3 8.69 45.84 1.1
6961 1658392362 0 7 $GNGGA,083241.000,4424.40134,N,00855.13755,E,1,10,1.0,-0.2,M,44.7,M,,*6F
6962 1658392363 0 7 $GNGGA,083242.000,4424.40135,N,00855.13750,E,1,10,1.0,-0.2,M,44.7,M,,*68
6963 1658392364 0 7 $GNGGA,083243.000,4424.40135,N,00855.13749,E,1,10,1.0,-0.2,M,44.7,M,,*61
6964 1658392364 0 3 2.789 4.979
6965 1658392364 0 4 2.729 1.759
6966 1658392365 0 5 0.93
6967 1658392365 0 6 0.10
6968 1658392365 0 8 4.994 9.747 9.58
6969 1658392365 0 1 3.769
6970 1658392365 0 0 24.75 8.21 139.4 67.25 135.8 8.75 18.5 0.0 311.7 8.91 45.79 1.1
6971 1658392365 0 7 $GNGGA,083244.000,4424.40136,N,00855.13750,E,1,10,1.0,-0.2,M,44.7,M,,*6D
6972 1658392366 0 7 $GNGGA,083245.000,4424.40138,N,00855.13751,E,1,10,1.0,-0.2,M,44.7,M,,*63
6973 1658392367 0 7 $GNGGA,083246.000,4424.40141,N,00855.13752,E,1,10,1.0,-0.1,M,44.7,M,,*6E
6974 1658392367 0 3 2.794 4.979
6975 1658392367 0 4 2.731 1.756
6976 1658392368 0 5 0.93
6977 1658392368 0 6 0.09
6978 1658392368 0 8 4.994 9.756 9.58
6979 1658392368 0 1 3.841
6980 1658392368 0 0 24.77 8.21 139.4 67.26 135.8 8.74 18.5 0.0 303.1 8.92 45.80 1.1
6981 1658392368 0 7 $GNGGA,083247.000,4424.40140,N,00855.13752,E,1,10,1.0,-0.1,M,44.7,M,,*6E
6982 1658392369 0 7 $GNGGA,083248.000,4424.40140,N,00855.13752,E,1,10,1.0,-0.1,M,44.7,M,,*61
6983 1658392370 0 7 $GNGGA,083249.000,4424.40140,N,00855.13753,E,1,10,1.0,-0.2,M,44.7,M,,*62
6984 1658392370 0 3 2.798 4.979
6985 1658392370 0 4 2.732 1.754
6986 1658392371 0 5 0.93
6987 1658392371 0 6 0.09
6988 1658392371 0 8 4.997 9.747 9.58
6989 1658392371 0 1 3.900
6990 1658392371 0 2 0.04720000 7.83769989 2.27360010 0.06030000 2.80929994 0.00420000 0.10580000 0.20909998 1.00000000 78.38600158
6991 1658392371 0 7 $GNGGA,083250.000,4424.40141,N,00855.13752,E,1,10,1.0,-0.2,M,44.7,M,,*6A
6992 1658392372 0 7 $GNGGA,083251.000,4424.40164,N,00855.13762,E,1,10,1.0,-0.2,M,44.7,M,,*6F
6993 1658392373 0 7 $GNGGA,083252.000,4424.40186,N,00855.13804,E,1,10,1.0,0.3,M,44.7,M,,*43
6994 1658392373 0 3 2.802 4.979
6995 1658392373 0 4 2.734 1.751
6996 1658392374 0 5 0.93
6997 1658392374 0 6 0.09
6998 1658392374 0 8 4.994 9.747 9.58
6999 1658392374 0 1 4.035
7000 1658392374 0 0 24.72 8.21 139.4 67.28 135.9 8.76 18.4 0.0 297.7 8.92 45.81 1.1
7001 1658392374 0 7 $GNGGA,083253.000,4424.40187,N,00855.13799,E,1,10,1.0,0.3,M,44.7,M,,*48
7002 1658392375 0 7 $GNGGA,083254.000,4424.40189,N,00855.13799,E,1,10,1.0,0.2,M,44.7,M,,*40
7004 1658392376 0 3 2.805 4.979
7007 1658392377 0 6 0.09
7008 1658392377 0 8 4.994 9.747 9.58
7009 1658392377 0 1 4.019
7010 1658392377 0 0 24.74 8.21 139.4 67.27 135.9 8.76 18.3 0.0 294.4 8.92 45.80 1.1
7011 1658392377 0 7 $GNGGA,083256.000,4424.40193,N,00855.13801,E,1,10,1.0,0.2,M,44.7,M,,*47
7012 1658392378 0 7 $GNGGA,083257.000,4424.40194,N,00855.13800,E,1,10,1.0,0.2,M,44.7,M,,*40
7013 1658392379 0 7 $GNGGA,083258.000,4424.40196,N,00855.13803,E,1,10,1.0,0.2,M,44.7,M,,*4E
7014 1658392379 0 3 2.809 4.979
7015 1658392379 0 4 2.739 1.759
7016 1658392380 0 5 0.92
7024 1658392382 0 3 2.812 4.978
7025 1658392382 0 4 2.742 1.759
7026 1658392383 0 5 0.92
7027 1658392383 0 6 0.09
7028 1658392383 0 8 4.997 9.747 9.58
7031 1658392383 0 7 $GNGGA,083302.000,4424.40217,N,00855.13809,E,1,10,1.0,0.2,M,44.7,M,,*40
7032 1658392384 0 7 $GNGGA,083303.000,4424.40221,N,00855.13811,E,1,10,1.0,0.2,M,44.7,M,,*4D
7033 1658392385 0 7 $GNGGA,083304.000,4424.40226,N,00855.13813,E,1,10,1.0,0.2,M,44.7,M,,*4F
7034 1658392385 0 3 2.816 4.978
7037 1658392386 0 6 0.09
7038 1658392386 0 8 4.994 9.747 9.58
7039 1658392386 0 1 4.051
7040 1658392386 0 0 24.77 8.21 139.4 67.32 136.0 8.76 18.3 0.0 287.9 8.91 45.84 1.1
7041 1658392386 0 7 $GNGGA,083305.000,4424.40229,N,00855.13816,E,1,10,1.0,0.2,M,44.7,M,,*44
7042 1658392387 0 7 $GNGGA,083306.000,4424.40232,N,00855.13818,E,1,10,1.0,0.2,M,44.7,M,,*43
7043 1658392388 0 7 $GNGGA,083307.000,4424.40239,N,00855.13822,E,1,10,1.0,0.2,M,44.7,M,,*40
7050 1658392389 0 0 24.78 8.21 139.3 67.24 136.1 8.76 18.2 0.0 286.3 8.92 45.78 1.1
7051 1658392389 0 7 $GNGGA,083308.000,4424.40241,N,00855.13822,E,1,10,1.0,0.3,M,44.7,M,,*41
7054 1658392391 0 3 2.823 4.978
7055 1658392391 0 4 2.748 1.761
7056 1658392392 0 5 0.91
7057 1658392392 0 6 0.09
7058 1658392392 0 8 4.997 9.747 9.58
7059 1658392392 0 1 4.086
7061 1658392392 0 7 $GNGGA,083311.000,4424.40296,N,00855.13786,E,1,10,1.0,0.0,M,44.7,M,,*41
7062 1658392393 0 7 $GNGGA,083312.000,4424.40314,N,00855.13782,E,1,10,1.0,-0.1,M,44.7,M,,*61
7063 1658392394 0 7 $GNGGA,083313.000,4424.40323,N,00855.13785,E,1,10,1.0,0.0,M,44.7,M,,*4F
7064 1658392394 0 3 2.825 4.979
7071 1658392395 0 7 $GNGGA,083314.000,4424.40326,N,00855.13785,E,1,10,1.0,0.1,M,44.7,M,,*4C
7072 1658392396 0 7 $GNGGA,083315.000,4424.40330,N,00855.13786,E,1,10,1.0,0.1,M,44.7,M,,*49
7073 1658392397 0 7 $GNGGA,083316.000,4424.40335,N,00855.13786,E,1,10,1.0,0.1,M,44.7,M,,*4F
7075 1658392397 0 4 2.751 1.769
7076 1658392398 0 5 0.91
7077 1658392398 0 6 0.09
7078 1658392398 0 8 4.997 9.747 9.58
7079 1658392398 0 1 3.772
7080 1658392398 0 0 24.71 8.21 139.2 67.35 136.3 8.78 18.2 0.0 280.7 8.90 45.86 1.1
7081 1658392398 0 7 $GNGGA,083317.000,4424.40338,N,00855.13785,E,1,10,1.0,0.1,M,44.7,M,,*40
7082 1658392399 0 7 $GNGGA,083318.000,4424.40360,N,00855.13769,E,1,10,1.0,-0.1,M,44.7,M,,*6D
7083 1658392400 0 7 $GNGGA,083319.000,4424.40386,N,00855.13747,E,1,10,1.0,-0.3,M,44.7,M,,*6A
7084 1658392400 0 3 2.831 4.979
7085 1658392400 0 4 2.753 1.796
7086 1658392401 0 5 0.90
7087 1658392401 0 6 0.09
7088 1658392401 0 8 4.994 9.860 9.58
7089 1658392401 0 1 3.279
7090 1658392401 0 0 24.73 8.21 139.1 67.41 136.4 8.78 18.2 0.0 274.2 8.95 45.91 1.1
7091 1658392401 0 7 $GNGGA,083320.000,4424.40391,N,00855.13748,E,1,10,1.0,-0.2,M,44.7,M,,*68
7092 1658392402 0 7 $GNGGA,083321.000,4424.40397,N,00855.13752,E,1,10,1.0,-0.2,M,44.7,M,,*64
7093 1658392403 0 7 $GNGGA,083322.000,4424.40403,N,00855.13753,E,1,10,1.0,-0.2,M,44.7,M,,*6C
7094 1658392403 0 3 2.833 4.979
7095 1658392403 0 4 2.754 1.801
7096 1658392404 0 5 0.89
7097 1658392404 0 6 0.09
7098 1658392404 0 8 4.997 9.841 9.58
7099 1658392404 0 1 3.911
7100 1658392404 0 0 24.71 8.21 139.0 67.30 136.4 8.79 18.2 0.0 278.0 8.88 45.83 1.1
7101 1658392404 0 7 $GNGGA,083323.000,4424.40438,N,00855.13743,E,1,10,1.0,-0.4,M,44.7,M,,*62
7102 1658392406 0 7 $GNGGA,083325.000,4424.40478,N,00855.13737,E,1,10,1.0,-0.5,M,44.7,M,,*62
7103 1658392406 0 3 2.834 4.979
7104 1658392406 0 4 2.755 1.804
7105 1658392407 0 5 0.90
7106 1658392407 0 6 0.09
7107 1658392407 0 8 4.994 9.832 9.58
7108 1658392407 0 1 3.059
7109 1658392407 0 0 24.66 8.21 138.7 67.28 136.5 8.80 18.1 0.0 285.0 8.89 45.81 1.1
7110 1658392407 0 7 $GNGGA,083326.000,4424.40484,N,00855.13741,E,1,10,1.0,-0.5,M,44.7,M,,*63
7111 1658392408 0 7 $GNGGA,083327.000,4424.40491,N,00855.13745,E,1,10,1.0,-0.4,M,44.7,M,,*63
7112 1658392409 0 7 $GNGGA,083328.000,4424.40495,N,00855.13746,E,1,10,1.0,-0.4,M,44.7,M,,*6B
7113 1658392409 0 3 2.835 4.979
7114 1658392409 0 4 2.755 1.804
7115 1658392410 0 5 0.89
7116 1658392410 0 6 0.09
7117 1658392410 0 8 4.994 9.832 9.58
7118 1658392410 0 1 3.311
7119 1658392410 0 0 24.40 8.21 138.7 67.33 136.5 8.84 18.2 0.0 284.0 8.84 45.86 1.1
7120 1658392410 0 7 $GNGGA,083329.000,4424.40501,N,00855.13747,E,1,10,1.0,-0.4,M,44.7,M,,*67
7121 1658392411 0 7 $GNGGA,083330.000,4424.40505,N,00855.13744,E,1,09,1.2,-0.4,M,44.7,M,,*62
7122 1658392412 0 7 $GNGGA,083331.000,4424.40514,N,00855.13738,E,1,09,1.2,-0.4,M,44.7,M,,*68
7123 1658392412 0 3 2.837 4.979
7124 1658392413 0 4 2.755 1.804
7125 1658392413 0 5 0.88
7126 1658392413 0 6 0.09
7127 1658392413 0 8 4.994 9.832 9.58
7128 1658392413 0 1 3.254
7129 1658392413 0 0 24.40 8.21 138.6 67.29 136.5 8.85 18.1 0.0 280.5 8.86 45.83 1.1
7130 1658392413 0 7 $GNGGA,083332.000,4424.40518,N,00855.13738,E,1,09,1.2,-0.4,M,44.7,M,,*67
7131 1658392414 0 7 $GNGGA,083333.000,4424.40524,N,00855.13739,E,1,09,1.2,-0.3,M,44.7,M,,*6F
7132 1658392415 0 7 $GNGGA,083334.000,4424.40530,N,00855.13737,E,1,09,1.2,-0.3,M,44.7,M,,*63
7133 1658392415 0 3 2.837 4.979
7139 1658392416 0 0 24.49 8.21 138.5 67.25 136.5 8.83 18.0 0.0 274.1 8.82 45.79 1.1
7140 1658392416 0 7 $GNGGA,083335.000,4424.40538,N,00855.13736,E,1,09,1.2,-0.3,M,44.7,M,,*6B
7141 1658392417 0 7 $GNGGA,083336.000,4424.40547,N,00855.13726,E,1,09,1.2,-0.2,M,44.7,M,,*60
7142 1658392418 0 7 $GNGGA,083337.000,4424.40579,N,00855.13731,E,1,09,1.2,-0.1,M,44.7,M,,*69
7143 1658392418 0 3 2.837 4.979
7144 1658392418 0 4 2.756 1.801
7145 1658392419 0 5 0.92
7146 1658392419 0 6 0.09
7147 1658392419 0 8 4.994 9.832 9.58
7148 1658392419 0 1 2.907
7149 1658392419 0 0 24.53 8.21 138.4 67.35 136.5 8.82 18.0 0.0 274.5 8.81 45.86 1.1
7150 1658392419 0 7 $GNGGA,083338.000,4424.40608,N,00855.13736,E,1,09,1.2,-0.1,M,44.7,M,,*64
7151 1658392420 0 7 $GNGGA,083339.000,4424.40642,N,00855.13733,E,1,09,1.2,-0.2,M,44.7,M,,*6D
7152 1658392421 0 7 $GNGGA,083340.000,4424.40655,N,00855.13727,E,1,09,1.2,-0.2,M,44.7,M,,*60
7153 1658392421 0 3 2.839 4.979
7154 1658392421 0 4 2.756 1.806
7155 1658392422 0 5 0.90
7156 1658392422 0 6 0.09
7157 1658392422 0 8 4.997 9.860 9.58
7158 1658392422 0 1 2.749
7159 1658392422 0 0 24.50 8.21 138.3 67.22 136.5 8.83 18.0 0.0 272.1 8.74 45.77 1.1
7162 1658392424 0 7 $GNGGA,083343.000,4424.40691,N,00855.13702,E,1,09,1.2,-0.2,M,44.7,M,,*6C
7169 1658392425 0 0 24.56 8.21 138.2 67.19 136.5 8.82 17.9 0.0 270.2 8.67 45.75 1.1
7170 1658392425 0 7 $GNGGA,083344.000,4424.40703,N,00855.13701,E,1,09,1.2,-0.2,M,44.7,M,,*62
7171 1658392426 0 7 $GNGGA,083345.000,4424.40715,N,00855.13698,E,1,09,1.2,-0.2,M,44.7,M,,*65
7173 1658392427 0 3 2.839 4.979
7182 1658392430 0 7 $GNGGA,083349.000,4424.40765,N,00855.13680,E,1,09,1.2,-0.3,M,44.7,M,,*66
7186 1658392431 0 6 0.09
7187 1658392431 0 8 4.994 9.841 9.58
7188 1658392431 0 1 3.620
7189 1658392431 0 0 24.93 8.21 138.0 67.31 136.5 8.77 17.8 0.0 257.5 8.13 45.83 1.1
7192 1658392433 0 7 $GNGGA,083352.000,4424.40810,N,00855.13624,E,1,09,1.2,-0.3,M,44.7,M,,*6F
7193 1658392433 0 3 2.842 4.979
7202 1658392436 0 7 $GNGGA,083355.000,4424.40844,N,00855.13598,E,1,09,1.2,-0.4,M,44.7,M,,*6A
7204 1658392436 0 4 2.756 1.786
7205 1658392437 0 5 0.87
7206 1658392437 0 6 0.09
7212 1658392439 0 7 $GNGGA,083358.000,4424.40905,N,00855.13599,E,1,09,1.2,-0.8,M,44.7,M,,*6E
7213 1658392439 0 3 2.842 4.979
7222 1658392442 0 7 $GNGGA,083401.000,4424.40970,N,00855.13571,E,1,09,1.2,-1.1,M,44.7,M,,*69
7229 1658392443 0 0 25.17 8.21 137.7 67.31 136.6 8.74 17.7 0.0 248.5 6.78 45.82 1.1
7230 1658392443 0 7 $GNGGA,083402.000,4424.40986,N,00855.13560,E,1,09,1.2,-1.2,M,44.7,M,,*60
7232 1658392445 0 7 $GNGGA,083404.000,4424.41038,N,00855.13502,E,1,09,1.2,-1.3,M,44.7,M,,*6E
7235 1658392446 0 5 0.90
7236 1658392446 0 6 0.09
7237 1658392446 0 8 4.994 9.850 9.58
7238 1658392446 0 1 3.619
7242 1658392448 0 7 $GNGGA,083407.000,4424.41113,N,00855.13434,E,1,09,1.2,-1.2,M,44.7,M,,*60
7243 1658392448 0 3 2.842 4.979
7249 1658392449 0 0 25.22 8.21 137.5 67.30 136.6 8.73 17.7 0.0 245.9 5.96 45.81 1.1
7250 1658392449 0 7 $GNGGA,083408.000,4424.41135,N,00855.13424,E,1,09,1.2,-1.2,M,44.7,M,,*6A
7251 1658392450 0 7 $GNGGA,083409.000,4424.41155,N,00855.13416,E,1,09,1.2,-1.2,M,44.7,M,,*6C
7253 1658392451 0 3 2.840 4.979
7262 1658392454 0 7 $GNGGA,083413.000,4424.41288,N,00855.13315,E,1,09,1.2,-1.1,M,44.7,M,,*63
7269 1658392455 0 0 25.39 8.21 137.3 67.21 136.6 8.71 17.7 0.0 240.6 4.94 45.74 1.1
7270 1658392455 0 7 $GNGGA,083414.000,4424.41334,N,00855.13288,E,1,09,1.2,-1.2,M,44.7,M,,*64
7271 1658392456 0 7 $GNGGA,083415.000,4424.41359,N,00855.13259,E,1,09,1.2,-1.3,M,44.7,M,,*63
7272 1658392457 0 7 $GNGGA,083416.000,4424.41385,N,00855.13221,E,1,09,1.2,-1.3,M,44.7,M,,*6E
7273 1658392457 0 3 2.838 4.979
7274 1658392457 0 4 2.751 1.736
7275 1658392458 0 5 0.91
7276 1658392458 0 6 0.09
7277 1658392458 0 8 4.994 9.822 9.58
7278 1658392458 0 1 2.959
7279 1658392458 0 0 25.47 8.21 137.1 67.32 136.6 8.70 17.7 0.0 239.1 4.45 45.83 1.1
7280 1658392458 0 7 $GNGGA,083417.000,4424.41400,N,00855.13214,E,1,09,1.2,-1.4,M,44.7,M,,*64
7281 1658392459 0 7 $GNGGA,083418.000,4424.41405,N,00855.13202,E,1,09,1.2,-1.4,M,44.7,M,,*69
7282 1658392460 0 7 $GNGGA,083419.000,4424.41408,N,00855.13191,E,1,09,1.2,-1.4,M,44.7,M,,*6C
7283 1658392460 0 3 2.837 4.979
7284 1658392460 0 4 2.751 1.736
7285 1658392461 0 5 0.90
7286 1658392461 0 6 0.09
7287 1658392461 0 8 4.994 9.822 9.58
7288 1658392461 0 1 2.755
7289 1658392461 0 0 25.64 8.21 137.0 67.30 136.6 8.67 17.6 0.0 233.5 3.98 45.80 1.2
7290 1658392461 0 7 $GNGGA,083420.000,4424.41420,N,00855.13155,E,1,09,1.2,-1.1,M,44.7,M,,*61
7291 1658392462 0 7 $GNGGA,083421.000,4424.41442,N,00855.13101,E,1,09,1.2,-0.7,M,44.7,M,,*62
7292 1658392463 0 7 $GNGGA,083422.000,4424.41448,N,00855.13090,E,1,09,1.2,-0.9,M,44.7,M,,*6C
7293 1658392463 0 3 2.832 4.979
7294 1658392463 0 4 2.749 1.736
7295 1658392464 0 5 0.88
7296 1658392464 0 6 0.09
7297 1658392464 0 8 4.997 9.832 9.58
7298 1658392464 0 1 2.783
7299 1658392464 0 0 25.87 8.21 136.8 67.31 136.6 8.64 17.6 0.0 236.9 3.49 45.80 1.2
7300 1658392464 0 7 $GNGGA,083423.000,4424.41453,N,00855.13069,E,1,09,1.2,-0.9,M,44.7,M,,*61
7301 1658392465 0 7 $GNGGA,083424.000,4424.41458,N,00855.13049,E,1,09,1.2,-0.9,M,44.7,M,,*6F
7302 1658392466 0 7 $GNGGA,083425.000,4424.41478,N,00855.13007,E,1,09,1.2,-1.0,M,44.7,M,,*6E
7303 1658392466 0 3 2.828 4.979
7304 1658392466 0 4 2.748 1.714
7305 1658392467 0 5 0.88
7306 1658392467 0 6 0.09
7307 1658392467 0 8 4.994 9.813 9.58
7308 1658392467 0 1 2.584
7309 1658392467 0 0 25.87 8.21 136.7 67.34 136.6 8.64 17.6 0.0 231.1 2.99 45.83 1.2
7310 1658392467 0 7 $GNGGA,083426.000,4424.41485,N,00855.12990,E,1,09,1.2,-1.0,M,44.7,M,,*69
7311 1658392468 0 7 $GNGGA,083427.000,4424.41491,N,00855.12974,E,1,09,1.2,-1.0,M,44.7,M,,*67
7312 1658392469 0 7 $GNGGA,083428.000,4424.41497,N,00855.12957,E,1,09,1.2,-1.0,M,44.7,M,,*6F
7313 1658392469 0 3 2.820 4.979
7314 1658392469 0 4 2.746 1.716
7315 1658392470 0 5 0.89
7316 1658392470 0 6 0.09
7317 1658392470 0 8 4.994 9.822 9.58
7318 1658392470 0 1 2.981
7319 1658392470 0 0 26.21 8.21 136.7 67.21 136.6 8.60 17.4 0.0 224.6 2.50 45.72 1.2
7320 1658392470 0 7 $GNGGA,083429.000,4424.41505,N,00855.12941,E,1,09,1.2,-1.0,M,44.7,M,,*63
7321 1658392471 0 7 $GNGGA,083430.000,4424.41526,N,00855.12905,E,1,09,1.2,-0.9,M,44.7,M,,*62
7322 1658392472 0 7 $GNGGA,083431.000,4424.41557,N,00855.12860,E,1,09,1.2,-1.4,M,44.7,M,,*6B
7323 1658392472 0 3 2.770 4.979
7324 1658392472 0 4 2.738 1.716
7325 1658392473 0 5 0.89
7326 1658392473 0 6 0.09
7327 1658392473 0 8 4.997 9.832 9.58
7328 1658392473 0 1 2.096
7329 1658392473 0 0 26.35 8.21 136.5 67.34 136.6 8.57 17.5 0.0 226.3 1.99 45.81 1.2
7330 1658392473 0 7 $GNGGA,083432.000,4424.41567,N,00855.12810,E,1,09,1.2,-1.3,M,44.7,M,,*6B
7331 1658392474 0 7 $GNGGA,083433.000,4424.41578,N,00855.12767,E,1,09,1.2,-1.2,M,44.7,M,,*6A
7332 1658392475 0 7 $GNGGA,083434.000,4424.41614,N,00855.12752,E,1,09,1.2,-1.1,M,44.7,M,,*61
7333 1658392475 0 3 2.681 4.979
7334 1658392475 0 4 2.657 1.741
7335 1658392476 0 5 0.89
7336 1658392476 0 6 0.09
7337 1658392476 0 8 4.994 9.822 9.58
7338 1658392476 0 1 1.859
7339 1658392476 0 0 26.55 8.21 136.3 67.29 136.6 8.55 17.4 0.0 222.2 1.40 45.77 1.2
7340 1658392476 0 7 $GNGGA,083435.000,4424.41634,N,00855.12711,E,1,09,1.2,-0.9,M,44.7,M,,*6C
7341 1658392477 0 7 $GNGGA,083436.000,4424.41652,N,00855.12649,E,1,09,1.2,-1.0,M,44.7,M,,*6B
7342 1658392478 0 7 $GNGGA,083437.000,4424.41674,N,00855.12602,E,1,09,1.2,-1.0,M,44.7,M,,*61
7343 1658392478 0 3 2.609 4.979
7344 1658392478 0 4 2.582 1.591
7345 1658392479 0 5 0.90
7346 1658392479 0 6 0.09
7347 1658392479 0 8 4.994 9.822 9.58
7348 1658392479 0 1 1.442
7349 1658392479 0 0 26.66 8.21 136.1 67.42 136.6 8.53 17.4 0.0 225.3 0.72 45.87 1.2
7350 1658392479 0 7 $GNGGA,083438.000,4424.41699,N,00855.12560,E,1,09,1.2,-1.1,M,44.7,M,,*6B
7351 1658392480 0 7 $GNGGA,083439.000,4424.41704,N,00855.12542,E,1,09,1.2,-1.0,M,44.7,M,,*6E
7352 1658392481 0 7 $GNGGA,083440.000,4424.41710,N,00855.12523,E,1,09,1.2,-1.0,M,44.7,M,,*62
7353 1658392481 0 3 2.605 4.979
7354 1658392481 0 4 2.580 1.649
7355 1658392482 0 5 0.90
7356 1658392482 0 6 0.09
7357 1658392482 0 8 4.994 9.832 9.58
7358 1658392482 0 1 1.510
7359 1658392482 0 0 26.69 8.21 136.0 67.49 136.7 8.52 17.5 0.0 226.3 0.58 45.92 1.2
7360 1658392482 0 7 $GNGGA,083441.000,4424.41716,N,00855.12504,E,1,09,1.2,-1.0,M,44.7,M,,*60
