/home/danielacabiddu/Devel/src/MATRAC/test/tuttomatrac/data/porto_grid.mesh
5178 1658407208 0 3 2.616 4.978
5179 1658407208 0 4 2.594 1.618
5180 1658407209 0 5 0.33
5181 1658407209 0 6 0.10
5182 1658407209 0 8 4.997 12.248 11.91
5183 1658407209 0 0 28.27 8.21 125.4 67.88 132.3 8.03 15.7 0.0 255.2 1.09 46.17 1.2
5184 1658407209 0 7 $GNGGA,124008.000,4423.93740,N,00855.13885,E,1,14,0.8,3.0,M,44.7,M,,*43
5185 1658407209 0 7 $GNGGA,124009.000,4423.93740,N,00855.13880,E,1,14,0.8,3.0,M,44.7,M,,*47
5186 1658407210 0 7 $GNGGA,124010.000,4423.93740,N,00855.13874,E,1,14,0.8,3.1,M,44.7,M,,*45
5187 1658407211 0 1 0.256
5188 1658407211 0 3 2.613 4.978
5189 1658407211 0 4 2.590 1.618
5190 1658407212 0 5 0.34
5191 1658407212 0 6 0.10
5192 1658407212 0 8 4.997 12.220 11.89
5193 1658407212 0 0 28.29 8.21 125.4 67.78 133.5 8.11 15.7 0.0 254.9 1.07 46.09 1.2
5194 1658407212 0 7 $GNGGA,124011.000,4423.93739,N,00855.13870,E,1,14,0.8,3.1,M,44.7,M,,*4E
5195 1658407212 0 7 $GNGGA,124012.000,4423.93739,N,00855.13865,E,1,14,0.8,3.1,M,44.7,M,,*49
5196 1658407213 0 7 $GNGGA,124013.000,4423.93738,N,00855.13861,E,1,14,0.8,3.1,M,44.7,M,,*4D
5197 1658407214 0 1 0.954
5198 1658407214 0 3 2.622 4.978
5199 1658407214 0 4 2.595 1.621
5200 1658407215 0 5 0.34
5201 1658407215 0 6 0.10
5202 1658407215 0 8 4.997 12.220 11.91
5203 1658407215 0 0 28.31 8.21 125.3 67.84 134.6 8.17 15.8 0.0 255.3 1.14 46.14 1.2
5204 1658407215 0 7 $GNGGA,124014.000,4423.93738,N,00855.13855,E,1,14,0.8,3.1,M,44.7,M,,*4D
5205 1658407215 0 7 $GNGGA,124015.000,4423.93739,N,00855.13849,E,1,14,0.8,3.1,M,44.7,M,,*40
5206 1658407216 0 7 $GNGGA,124016.000,4423.93739,N,00855.13843,E,1,14,0.8,3.1,M,44.7,M,,*49
5207 1658407217 0 1 0.308
5208 1658407217 0 3 2.631 4.978
5209 1658407217 0 4 2.597 1.618
5210 1658407218 0 5 0.34
5211 1658407218 0 6 0.10
5212 1658407218 0 8 4.997 12.238 11.91
5213 1658407218 0 0 28.30 8.21 125.2 67.91 135.6 8.23 15.8 0.0 255.8 1.14 46.19 1.2
5214 1658407218 0 7 $GNGGA,124017.000,4423.93739,N,00855.13836,E,1,14,0.8,3.1,M,44.7,M,,*4A
5215 1658407218 0 7 $GNGGA,124018.000,4423.93739,N,00855.13831,E,1,14,0.8,3.2,M,44.7,M,,*41
5216 1658407219 0 7 $GNGGA,124019.000,4423.93740,N,00855.13825,E,1,14,0.8,3.2,M,44.7,M,,*4B
5217 1658407220 0 1 0.281
5218 1658407220 0 3 2.619 4.978
5219 1658407220 0 4 2.594 1.618
5220 1658407221 0 5 0.34
5221 1658407221 0 6 0.10
5222 1658407221 0 8 4.997 12.248 11.91
5223 1658407221 0 0 28.31 8.21 125.2 67.87 136.4 8.28 15.8 0.0 256.3 1.12 46.16 1.2
5224 1658407221 0 7 $GNGGA,124020.000,4423.93740,N,00855.13820,E,1,14,0.8,3.2,M,44.7,M,,*44
5225 1658407221 0 7 $GNGGA,124021.000,4423.93740,N,00855.13814,E,1,14,0.8,3.2,M,44.7,M,,*42
5226 1658407222 0 7 $GNGGA,124022.000,4423.93739,N,00855.13810,E,1,14,0.8,3.3,M,44.7,M,,*4A
5227 1658407223 0 1 0.296
5228 1658407223 0 3 2.617 4.978
5229 1658407223 0 4 2.590 1.618
5230 1658407224 0 5 0.35
5231 1658407224 0 6 0.10
5232 1658407224 0 8 4.997 12.173 11.89
5233 1658407224 0 0 28.32 8.21 125.1 67.91 136.7 8.30 15.9 0.0 257.4 1.12 46.19 1.2
5234 1658407224 0 7 $GNGGA,124023.000,4423.93740,N,00855.13806,E,1,14,0.8,3.3,M,44.7,M,,*42
5235 1658407224 0 7 $GNGGA,124024.000,4423.93740,N,00855.13801,E,1,14,0.8,3.3,M,44.7,M,,*42
5236 1658407225 0 7 $GNGGA,124025.000,4423.93740,N,00855.13796,E,1,14,0.8,3.3,M,44.7,M,,*42
5237 1658407226 0 1 0.310
5238 1658407226 0 3 2.624 4.978
5239 1658407226 0 4 2.594 1.616
5240 1658407227 0 5 0.35
5241 1658407227 0 6 0.10
5242 1658407227 0 8 4.997 12.201 11.89
5243 1658407227 0 0 28.30 8.21 125.1 67.92 136.4 8.28 15.9 0.0 258.7 1.20 46.20 1.2
5244 1658407227 0 7 $GNGGA,124026.000,4423.93741,N,00855.13791,E,1,14,0.8,3.4,M,44.7,M,,*40
5245 1658407227 0 7 $GNGGA,124027.000,4423.93742,N,00855.13787,E,1,14,0.8,3.4,M,44.7,M,,*45
5246 1658407228 0 7 $GNGGA,124028.000,4423.93743,N,00855.13782,E,1,14,0.8,3.4,M,44.7,M,,*4E
5247 1658407229 0 1 0.262
5248 1658407229 0 3 2.626 4.978
5249 1658407229 0 4 2.596 1.613
5250 1658407230 0 5 0.35
5251 1658407230 0 6 0.10
5252 1658407230 0 8 4.997 12.201 11.89
5253 1658407230 0 0 28.29 8.21 125.0 67.93 135.4 8.22 15.9 0.0 261.0 1.15 46.21 1.2
5254 1658407230 0 7 $GNGGA,124029.000,4423.93743,N,00855.13777,E,1,14,0.8,3.4,M,44.7,M,,*45
5255 1658407230 0 7 $GNGGA,124030.000,4423.93743,N,00855.13770,E,1,14,0.8,3.5,M,44.7,M,,*4B
5256 1658407231 0 7 $GNGGA,124031.000,4423.93743,N,00855.13762,E,1,14,0.8,3.5,M,44.7,M,,*49
5257 1658407232 0 1 0.290
5258 1658407232 0 3 2.623 4.978
5259 1658407232 0 4 2.595 1.616
5260 1658407233 0 5 0.36
5261 1658407233 0 6 0.10
5262 1658407233 0 8 4.997 12.201 11.91
5263 1658407233 0 0 28.29 8.20 125.0 67.86 134.6 8.17 15.9 0.0 263.0 1.10 46.15 1.2
5264 1658407233 0 7 $GNGGA,124032.000,4423.93742,N,00855.13757,E,1,14,0.8,3.5,M,44.7,M,,*4D
5265 1658407233 0 7 $GNGGA,124033.000,4423.93743,N,00855.13749,E,1,14,0.8,3.5,M,44.7,M,,*42
5266 1658407234 0 7 $GNGGA,124034.000,4423.93744,N,00855.13742,E,1,14,0.8,3.5,M,44.7,M,,*49
5267 1658407235 0 1 0.561
5268 1658407235 0 3 2.622 4.978
5269 1658407235 0 4 2.592 1.618
5270 1658407236 0 5 0.36
5271 1658407236 0 6 0.10
5272 1658407236 0 8 4.997 12.201 11.89
5273 1658407236 0 0 28.27 8.20 124.9 67.82 133.8 8.13 16.0 0.0 266.3 1.14 46.12 1.2
5274 1658407236 0 7 $GNGGA,124035.000,4423.93745,N,00855.13737,E,1,14,0.8,3.6,M,44.7,M,,*48
5275 1658407236 0 7 $GNGGA,124036.000,4423.93747,N,00855.13730,E,1,14,0.8,3.6,M,44.7,M,,*4E
5276 1658407237 0 7 $GNGGA,124037.000,4423.93747,N,00855.13726,E,1,14,0.8,3.6,M,44.7,M,,*48
5277 1658407238 0 2 0.05370000 6.84170007 1.76779994 0.05260000 2.77209997 0.00410000 0.08800000 0.23780000 1.00000000 81.66100311
5278 1658407238 0 1 0.058
5279 1658407238 0 3 2.583 4.978
5280 1658407238 0 4 2.499 1.626
5281 1658407239 0 5 0.36
5282 1658407239 0 6 0.11
5283 1658407239 0 8 4.997 12.210 11.91
5284 1658407239 0 0 28.29 8.20 124.9 67.86 133.0 8.07 16.0 0.0 267.0 0.70 46.16 1.2
5285 1658407239 0 7 $GNGGA,124038.000,4423.93760,N,00855.13716,E,1,14,0.8,3.5,M,44.7,M,,*42
5286 1658407239 0 7 $GNGGA,124039.000,4423.93761,N,00855.13701,E,1,14,0.8,3.4,M,44.7,M,,*45
5287 1658407240 0 7 $GNGGA,124040.000,4423.93761,N,00855.13695,E,1,14,0.8,3.4,M,44.7,M,,*47
5288 1658407241 0 1 2.561
5289 1658407241 0 3 2.558 4.977
5290 1658407241 0 4 2.485 1.605
5291 1658407242 0 5 0.40
5292 1658407242 0 6 0.11
5293 1658407242 0 8 4.997 12.210 11.91
5294 1658407242 0 0 28.16 8.19 125.9 24.26 132.3 9.59 15.9 0.0 263.7 0.40 14.66 1.2
5295 1658407242 0 7 $GNGGA,124041.000,4423.93761,N,00855.13684,E,1,14,0.8,3.4,M,44.7,M,,*46
5296 1658407243 0 7 $GNGGA,124042.000,4423.93761,N,00855.13677,E,1,14,0.8,3.5,M,44.7,M,,*48
5297 1658407243 0 7 $GNGGA,124043.000,4423.93762,N,00855.13666,E,1,14,0.8,3.5,M,44.7,M,,*4A
5298 1658407244 0 1 3.281
5299 1658407244 0 3 2.559 4.978
5300 1658407244 0 4 2.486 1.638
5301 1658407245 0 5 0.38
5302 1658407245 0 6 0.11
5303 1658407245 0 8 4.997 12.220 11.91
5304 1658407245 0 0 27.86 8.27 121.9 0.091 131.7 10.41 3.1 0.0 21.6 0.41 0.04 0.4
5305 1658407245 0 7 $GNGGA,124044.000,4423.93762,N,00855.13661,E,1,14,0.8,3.5,M,44.7,M,,*4A
5306 1658407245 0 7 $GNGGA,124045.000,4423.93762,N,00855.13652,E,1,14,0.8,3.5,M,44.7,M,,*4B
5307 1658407246 0 7 $GNGGA,124046.000,4423.93762,N,00855.13646,E,1,14,0.8,3.5,M,44.7,M,,*4D
5308 1658407247 0 1 2.610
5309 1658407247 0 3 2.559 4.978
5310 1658407247 0 4 2.483 1.623
5311 1658407248 0 5 0.38
5312 1658407248 0 6 0.12
5313 1658407248 0 8 4.997 12.238 11.91
5314 1658407248 0 0 27.50 8.23 122.4 0.070 131.1 10.43 2.5 0.0 10.2 0.40 0.03 0.2
5315 1658407248 0 7 $GNGGA,124047.000,4423.93761,N,00855.13636,E,1,14,0.8,3.5,M,44.7,M,,*48
5316 1658407249 0 7 $GNGGA,124048.000,4423.93760,N,00855.13630,E,1,14,0.8,3.5,M,44.7,M,,*40
5317 1658407249 0 7 $GNGGA,124049.000,4423.93760,N,00855.13620,E,1,14,0.8,3.5,M,44.7,M,,*40
5318 1658407250 0 1 3.333
5319 1658407250 0 3 2.559 4.978
5320 1658407250 0 4 2.484 1.621
5321 1658407251 0 5 0.38
5322 1658407251 0 6 0.11
5323 1658407251 0 8 4.997 12.220 11.91
5324 1658407251 0 0 27.19 8.15 127.3 0.061 130.5 10.44 2.2 0.0 6.8 0.41 0.03 0.2
5325 1658407251 0 7 $GNGGA,124050.000,4423.93759,N,00855.13616,E,1,14,0.8,3.5,M,44.7,M,,*47
5326 1658407251 0 7 $GNGGA,124051.000,4423.93759,N,00855.13606,E,1,14,0.8,3.5,M,44.7,M,,*47
5327 1658407252 0 7 $GNGGA,124052.000,4423.93758,N,00855.13599,E,1,14,0.8,3.6,M,44.7,M,,*43
5328 1658407253 0 1 -0.049
5329 1658407253 0 3 2.559 4.978
5330 1658407253 0 4 2.483 1.621
5331 1658407254 0 5 0.38
5332 1658407254 0 6 0.12
5333 1658407254 0 8 4.997 12.210 11.91
5334 1658407254 0 0 26.95 8.02 135.4 0.055 129.9 10.44 2.2 0.0 5.6 0.41 0.03 0.1
5335 1658407254 0 7 $GNGGA,124053.000,4423.93757,N,00855.13590,E,1,14,0.8,3.6,M,44.7,M,,*44
5336 1658407255 0 7 $GNGGA,124054.000,4423.93756,N,00855.13586,E,1,14,0.8,3.6,M,44.7,M,,*45
5337 1658407255 0 7 $GNGGA,124055.000,4423.93753,N,00855.13580,E,1,14,0.8,3.6,M,44.7,M,,*47
5338 1658407256 0 1 -0.577
5339 1658407256 0 3 2.559 4.978
5340 1658407256 0 4 2.482 1.618
5341 1658407257 0 5 0.39
5342 1658407257 0 6 0.12
5343 1658407257 0 8 4.997 12.210 11.91
5344 1658407257 0 0 26.76 7.83 149.8 0.052 129.5 10.44 2.7 0.0 8.4 0.41 0.03 0.1
5345 1658407257 0 7 $GNGGA,124056.000,4423.93753,N,00855.13570,E,1,14,0.8,3.6,M,44.7,M,,*4B
5346 1658407257 0 7 $GNGGA,124057.000,4423.93751,N,00855.13567,E,1,14,0.8,3.6,M,44.7,M,,*4E
5347 1658407258 0 7 $GNGGA,124058.000,4423.93752,N,00855.13557,E,1,14,0.8,3.6,M,44.7,M,,*41
5348 1658407259 0 1 4.560
5349 1658407259 0 3 2.559 4.978
5350 1658407259 0 4 2.481 1.613
5351 1658407260 0 5 0.39
5352 1658407260 0 6 0.12
5353 1658407260 0 8 4.997 12.220 11.89
5354 1658407260 0 0 26.61 7.78 154.1 0.048 129.2 10.44 2.4 0.0 5.8 0.41 0.02 0.0
5355 1658407260 0 7 $GNGGA,124059.000,4423.93751,N,00855.13551,E,1,14,0.8,3.6,M,44.7,M,,*45
5356 1658407261 0 7 $GNGGA,124100.000,4423.93753,N,00855.13541,E,1,14,0.8,3.6,M,44.7,M,,*4B
5357 1658407261 0 7 $GNGGA,124101.000,4423.93753,N,00855.13535,E,1,14,0.8,3.6,M,44.7,M,,*49
5358 1658407262 0 1 -1.921
5359 1658407262 0 3 2.559 4.978
5360 1658407262 0 4 2.481 1.613
5361 1658407263 0 5 0.40
5362 1658407263 0 6 0.12
5363 1658407263 0 8 4.997 12.238 11.91
5364 1658407263 0 0 26.50 7.72 160.2 0.046 128.8 10.43 2.1 0.0 4.6 0.41 0.02 0.0
5365 1658407263 0 7 $GNGGA,124102.000,4423.93754,N,00855.13527,E,1,14,0.8,3.6,M,44.7,M,,*4E
5366 1658407263 0 7 $GNGGA,124103.000,4423.93754,N,00855.13521,E,1,14,0.8,3.7,M,44.7,M,,*48
5367 1658407264 0 7 $GNGGA,124104.000,4423.93756,N,00855.13512,E,1,14,0.8,3.7,M,44.7,M,,*4D
5368 1658407265 0 1 -0.085
5369 1658407265 0 3 2.559 4.978
5370 1658407265 0 4 2.481 1.593
5371 1658407266 0 5 0.39
5372 1658407266 0 6 0.12
5373 1658407266 0 8 4.997 12.229 11.91
5374 1658407266 0 0 26.41 7.54 172.6 0.043 128.4 10.41 2.3 0.0 4.9 0.41 0.02 0.0
5375 1658407266 0 7 $GNGGA,124105.000,4423.93758,N,00855.13503,E,1,14,0.8,3.7,M,44.7,M,,*42
5376 1658407267 0 7 $GNGGA,124106.000,4423.93759,N,00855.13495,E,1,14,0.8,3.7,M,44.7,M,,*4E
5377 1658407267 0 7 $GNGGA,124107.000,4423.93756,N,00855.13453,E,1,14,0.8,3.7,M,44.7,M,,*4A
5378 1658407268 0 1 -0.669
5379 1658407268 0 3 2.559 4.978
5380 1658407268 0 4 2.481 1.590
5381 1658407269 0 5 0.40
5382 1658407269 0 6 0.13
5383 1658407269 0 8 4.997 12.248 11.89
5384 1658407269 0 0 26.34 7.47 178.2 0.042 128.0 10.40 2.4 0.0 5.8 0.41 0.02 0.0
5385 1658407269 0 7 $GNGGA,124108.000,4423.93754,N,00855.13439,E,1,14,0.8,3.7,M,44.7,M,,*4B
5386 1658407269 0 7 $GNGGA,124109.000,4423.93754,N,00855.13429,E,1,14,0.8,3.7,M,44.7,M,,*4B
5387 1658407270 0 7 $GNGGA,124110.000,4423.93754,N,00855.13415,E,1,14,0.8,3.7,M,44.7,M,,*4C
5388 1658407271 0 1 -0.274
5389 1658407271 0 3 2.558 4.978
5390 1658407271 0 4 2.482 1.585
5391 1658407272 0 5 0.40
5392 1658407272 0 6 0.13
5393 1658407272 0 8 4.997 12.248 11.91
5394 1658407272 0 0 26.28 7.43 181.5 0.040 127.6 10.37 2.9 0.0 7.5 0.41 0.02 0.0
5395 1658407272 0 7 $GNGGA,124111.000,4423.93751,N,00855.13408,E,1,14,0.8,3.8,M,44.7,M,,*4B
5396 1658407273 0 7 $GNGGA,124112.000,4423.93752,N,00855.13395,E,1,14,0.8,3.8,M,44.7,M,,*48
5397 1658407273 0 7 $GNGGA,124113.000,4423.93753,N,00855.13386,E,1,14,0.8,3.8,M,44.7,M,,*4A
5398 1658407274 0 1 -2.349
5399 1658407274 0 3 2.559 4.978
5400 1658407274 0 4 2.482 1.583
5401 1658407275 0 5 0.40
5402 1658407275 0 6 0.13
5403 1658407275 0 8 4.997 12.248 11.91
5404 1658407275 0 0 26.28 7.42 183.5 0.039 127.3 10.35 2.6 0.0 6.1 0.41 0.02 0.0
5405 1658407275 0 7 $GNGGA,124114.000,4423.93755,N,00855.13373,E,1,14,0.8,3.8,M,44.7,M,,*41
5406 1658407275 0 7 $GNGGA,124115.000,4423.93731,N,00855.13330,E,1,14,0.8,4.0,M,44.7,M,,*4A
5407 1658407276 0 7 $GNGGA,124116.000,4423.93707,N,00855.13278,E,1,14,0.8,4.4,M,44.7,M,,*45
5408 1658407277 0 1 -0.091
5409 1658407277 0 3 2.559 4.978
5410 1658407277 0 4 2.481 1.588
5411 1658407278 0 5 0.41
5412 1658407278 0 6 0.14
5413 1658407278 0 8 4.997 12.238 11.91
5414 1658407278 0 0 26.30 7.40 186.0 0.038 127.0 10.32 3.2 0.0 7.8 0.41 0.02 0.0
5415 1658407278 0 7 $GNGGA,124117.000,4423.93709,N,00855.13263,E,1,14,0.8,4.5,M,44.7,M,,*41
5416 1658407279 0 7 $GNGGA,124118.000,4423.93709,N,00855.13242,E,1,14,0.8,4.5,M,44.7,M,,*4D
5417 1658407279 0 7 $GNGGA,124119.000,4423.93709,N,00855.13228,E,1,14,0.8,4.5,M,44.7,M,,*40
5418 1658407280 0 1 -0.673
5419 1658407280 0 3 2.559 4.978
5420 1658407280 0 4 2.481 1.575
5421 1658407281 0 5 0.41
5422 1658407281 0 6 0.13
5423 1658407281 0 8 4.997 12.238 11.89
5424 1658407281 0 0 26.32 7.39 185.9 0.036 126.8 10.31 2.5 0.0 5.0 0.41 0.02 0.0
5425 1658407281 0 7 $GNGGA,124120.000,4423.93692,N,00855.13175,E,1,14,0.8,4.9,M,44.7,M,,*4E
5426 1658407281 0 7 $GNGGA,124121.000,4423.93690,N,00855.13162,E,1,14,0.8,4.9,M,44.7,M,,*4B
5427 1658407282 0 7 $GNGGA,124122.000,4423.93688,N,00855.13138,E,1,14,0.8,5.0,M,44.7,M,,*46
5428 1658407283 0 1 0.079
5429 1658407283 0 3 2.559 4.978
5430 1658407283 0 4 2.481 1.520
5431 1658407284 0 5 0.42
5432 1658407284 0 6 0.14
5433 1658407284 0 8 4.997 12.248 11.91
5434 1658407284 0 0 26.31 7.42 186.7 0.036 126.6 10.29 2.5 0.0 5.2 0.41 0.02 0.0
5435 1658407284 0 7 $GNGGA,124123.000,4423.93687,N,00855.13125,E,1,14,0.8,5.0,M,44.7,M,,*44
5436 1658407285 0 7 $GNGGA,124124.000,4423.93655,N,00855.13082,E,1,14,0.8,5.1,M,44.7,M,,*41
5437 1658407285 0 7 $GNGGA,124125.000,4423.93655,N,00855.13069,E,1,14,0.8,5.1,M,44.7,M,,*45
5438 1658407286 0 1 -0.055
5439 1658407286 0 3 2.559 4.977
5440 1658407286 0 4 2.481 1.535
5441 1658407287 0 5 0.43
5442 1658407287 0 6 0.15
5443 1658407287 0 8 4.997 12.248 11.91
5444 1658407287 0 0 26.30 7.35 191.1 0.035 126.4 10.27 2.6 0.0 5.7 0.41 0.02 0.0
5445 1658407287 0 7 $GNGGA,124126.000,4423.93656,N,00855.13041,E,1,14,0.8,5.2,M,44.7,M,,*4C
5446 1658407287 0 7 $GNGGA,124127.000,4423.93657,N,00855.13018,E,1,14,0.8,5.2,M,44.7,M,,*40
5447 1658407288 0 7 $GNGGA,124128.000,4423.93659,N,00855.12994,E,1,14,0.8,5.2,M,44.7,M,,*4D
5448 1658407289 0 1 -0.041
5449 1658407289 0 3 2.559 4.977
5450 1658407289 0 4 2.481 1.535
6455 1658407593 0 1 1.032
6456 1658407593 0 3 2.581 4.978
6457 1658407593 0 4 2.569 1.319
6458 1658407594 0 5 0.39
6460 1658407594 0 8 4.997 12.229 11.89
6461 1658407594 0 0 27.79 8.21 142.6 67.62 120.5 7.38 17.6 0.0 409.6 0.86 45.99 1.3
6463 1658407595 0 7 $GNGGA,124634.000,4423.74253,N,00855.29785,E,1,14,0.8,1.7,M,44.7,M,,*47
6464 1658407596 0 1 0.322
6472 1658407597 0 7 $GNGGA,124636.000,4423.74244,N,00855.29811,E,1,14,0.8,1.3,M,44.7,M,,*45
6475 1658407599 0 3 2.580 4.978
6477 1658407600 0 5 0.39
6478 1658407600 0 6 0.12
6479 1658407600 0 8 4.997 12.238 11.89
6480 1658407600 0 0 27.90 8.21 142.0 67.56 123.7 7.57 17.5 0.0 412.3 0.83 45.94 1.3
6481 1658407600 0 7 $GNGGA,124638.000,4423.74244,N,00855.29813,E,1,14,0.8,0.9,M,44.7,M,,*42
6482 1658407600 0 7 $GNGGA,124639.000,4423.74218,N,00855.29847,E,1,14,0.8,0.8,M,44.7,M,,*4A
6483 1658407601 0 7 $GNGGA,124640.000,4423.74191,N,00855.29896,E,1,14,0.8,0.8,M,44.7,M,,*4A
6484 1658407602 0 1 0.302
6485 1658407602 0 3 2.581 4.978
6486 1658407602 0 4 2.563 1.349
6487 1658407603 0 5 0.39
6488 1658407603 0 6 0.12
6489 1658407603 0 8 4.997 12.182 11.91
6490 1658407603 0 0 27.87 8.21 141.8 67.62 123.7 7.57 17.4 0.0 419.8 0.80 45.99 1.3
6491 1658407603 0 7 $GNGGA,124641.000,4423.74167,N,00855.29932,E,1,14,0.8,1.2,M,44.7,M,,*46
6492 1658407603 0 7 $GNGGA,124642.000,4423.74138,N,00855.29969,E,1,14,0.8,1.5,M,44.7,M,,*46
6493 1658407604 0 7 $GNGGA,124643.000,4423.74133,N,00855.29970,E,1,14,0.8,1.5,M,44.7,M,,*44
6494 1658407605 0 1 0.341
6495 1658407605 0 3 2.582 4.978
6496 1658407605 0 4 2.557 1.379
6497 1658407606 0 5 0.39
6498 1658407606 0 6 0.12
6499 1658407606 0 8 4.997 12.182 11.91
6500 1658407606 0 0 27.84 8.21 141.6 67.76 124.0 7.58 17.4 0.0 424.1 0.90 46.10 1.3
6501 1658407606 0 7 $GNGGA,124644.000,4423.74127,N,00855.29973,E,1,14,0.8,1.6,M,44.7,M,,*46
6502 1658407606 0 7 $GNGGA,124645.000,4423.74123,N,00855.29977,E,1,14,0.8,1.6,M,44.7,M,,*47
6503 1658407607 0 7 $GNGGA,124646.000,4423.74120,N,00855.29983,E,1,14,0.8,1.7,M,44.7,M,,*4D
6504 1658407608 0 1 0.293
6505 1658407608 0 3 2.584 4.978
6506 1658407608 0 4 2.564 1.349
6507 1658407609 0 5 0.39
6508 1658407609 0 6 0.12
6509 1658407609 0 8 4.997 12.191 11.91
6510 1658407609 0 0 27.85 8.21 141.4 67.76 124.7 7.62 17.4 0.0 424.0 0.92 46.09 1.3
6511 1658407609 0 7 $GNGGA,124647.000,4423.74120,N,00855.29987,E,1,14,0.8,1.7,M,44.7,M,,*48
6512 1658407610 0 7 $GNGGA,124649.000,4423.74112,N,00855.30002,E,1,14,0.8,1.7,M,44.7,M,,*4B
6513 1658407611 0 1 0.373
6514 1658407611 0 3 2.583 4.978
6515 1658407611 0 4 2.569 1.386
6516 1658407612 0 5 0.39
6517 1658407612 0 6 0.12
6518 1658407612 0 8 4.997 12.182 11.89
6519 1658407612 0 0 27.87 8.21 141.3 67.66 124.5 7.62 17.3 0.0 424.6 0.87 46.02 1.3
6520 1658407612 0 7 $GNGGA,124650.000,4423.74110,N,00855.30006,E,1,14,0.8,1.8,M,44.7,M,,*4A
6521 1658407614 0 1 0.589
6522 1658407614 0 3 2.581 4.978
6523 1658407614 0 4 2.567 1.391
6524 1658407615 0 5 0.39
6525 1658407615 0 6 0.12
6526 1658407615 0 8 4.997 12.191 11.89
6527 1658407615 0 0 27.91 8.21 141.1 67.71 124.5 7.61 17.3 0.0 424.9 0.85 46.05 1.3
6528 1658407615 0 7 $GNGGA,124653.000,4423.74099,N,00855.30020,E,1,14,0.8,1.9,M,44.7,M,,*4C
6529 1658407616 0 7 $GNGGA,124655.000,4423.74093,N,00855.30035,E,1,14,0.8,2.0,M,44.7,M,,*4E
6530 1658407617 0 1 0.392
6531 1658407617 0 3 2.583 4.978
6532 1658407617 0 4 2.559 1.389
6533 1658407618 0 5 0.40
6534 1658407618 0 6 0.12
6535 1658407618 0 8 4.997 12.191 11.89
6536 1658407618 0 0 27.93 8.21 140.9 67.72 124.6 7.61 17.3 0.0 427.9 0.87 46.06 1.3
6537 1658407618 0 7 $GNGGA,124656.000,4423.74089,N,00855.30040,E,1,14,0.8,2.0,M,44.7,M,,*44
6538 1658407620 0 1 1.015
6539 1658407620 0 3 2.583 4.978
6540 1658407621 0 4 2.565 1.386
6541 1658407621 0 5 0.39
6542 1658407621 0 6 0.12
6543 1658407621 0 8 4.997 12.182 11.91
6544 1658407621 0 0 27.90 8.21 140.8 67.80 124.7 7.62 17.3 0.0 432.4 0.88 46.12 1.3
6545 1658407621 0 7 $GNGGA,124659.000,4423.74076,N,00855.30060,E,1,14,0.8,2.1,M,44.7,M,,*48
6546 1658407622 0 7 $GNGGA,124701.000,4423.74068,N,00855.30074,E,1,14,0.8,2.2,M,44.7,M,,*4D
6547 1658407623 0 1 0.370
6548 1658407623 0 3 2.583 4.978
6549 1658407623 0 4 2.569 1.389
6550 1658407624 0 5 0.40
6551 1658407624 0 6 0.12
6552 1658407624 0 8 4.997 12.182 11.89
6553 1658407624 0 0 27.88 8.21 140.6 67.77 125.0 7.64 17.3 0.0 431.4 0.86 46.10 1.3
6554 1658407624 0 7 $GNGGA,124702.000,4423.74065,N,00855.30081,E,1,14,0.8,2.2,M,44.7,M,,*49
6555 1658407624 0 7 $GNGGA,124703.000,4423.74060,N,00855.30087,E,1,14,0.8,2.2,M,44.7,M,,*4B
6556 1658407625 0 7 $GNGGA,124704.000,4423.74055,N,00855.30096,E,1,14,0.8,2.3,M,44.7,M,,*4B
6557 1658407626 0 1 0.348
6558 1658407626 0 3 2.583 4.978
6559 1658407626 0 4 2.568 1.391
6560 1658407627 0 5 0.39
6561 1658407627 0 6 0.12
6562 1658407627 0 8 4.997 12.182 11.89
6563 1658407627 0 0 27.85 8.21 140.5 67.81 125.1 7.65 17.2 0.0 434.5 0.81 46.13 1.3
6564 1658407627 0 7 $GNGGA,124705.000,4423.74049,N,00855.30102,E,1,14,0.8,2.3,M,44.7,M,,*4B
6565 1658407628 0 7 $GNGGA,124707.000,4423.74040,N,00855.30117,E,1,14,0.8,2.4,M,44.7,M,,*43
6566 1658407629 0 1 0.308
6567 1658407629 0 3 2.583 4.978
6568 1658407629 0 4 2.565 1.391
6569 1658407630 0 5 0.39
6570 1658407630 0 6 0.12
6571 1658407630 0 8 4.997 12.191 11.91
6572 1658407630 0 0 27.86 8.21 140.3 67.71 125.1 7.65 17.2 0.0 430.4 0.84 46.05 1.3
6573 1658407630 0 7 $GNGGA,124708.000,4423.74036,N,00855.30123,E,1,14,0.8,2.4,M,44.7,M,,*4A
6574 1658407631 0 7 $GNGGA,124710.000,4423.74027,N,00855.30140,E,1,14,0.8,2.4,M,44.7,M,,*46
6575 1658407632 0 1 0.489
6576 1658407632 0 3 2.715 4.978
6577 1658407632 0 4 2.595 1.394
6578 1658407633 0 5 0.39
6579 1658407633 0 6 0.11
6580 1658407633 0 8 4.997 12.088 11.91
6581 1658407633 0 0 27.69 8.21 140.2 67.87 125.2 7.67 17.3 0.0 452.8 1.26 46.18 1.3
6582 1658407633 0 7 $GNGGA,124711.000,4423.74023,N,00855.30147,E,1,14,0.8,2.4,M,44.7,M,,*44
6583 1658407634 0 7 $GNGGA,124713.000,4423.74013,N,00855.30163,E,1,14,0.8,2.4,M,44.7,M,,*43
6584 1658407635 0 1 0.738
6585 1658407635 0 3 2.788 4.978
6586 1658407635 0 4 2.600 1.421
6587 1658407636 0 5 0.40
6588 1658407636 0 6 0.11
6589 1658407636 0 8 4.997 12.116 11.89
6590 1658407636 0 0 26.93 8.22 140.1 67.87 125.2 7.77 17.7 0.0 494.4 2.55 46.21 1.3
6591 1658407636 0 7 $GNGGA,124714.000,4423.74010,N,00855.30170,E,1,14,0.8,2.4,M,44.7,M,,*45
6592 1658407636 0 7 $GNGGA,124715.000,4423.74006,N,00855.30176,E,1,14,0.8,2.4,M,44.7,M,,*45
6593 1658407637 0 7 $GNGGA,124716.000,4423.74001,N,00855.30184,E,1,14,0.8,2.4,M,44.7,M,,*4C
6594 1658407638 0 1 0.953
6595 1658407638 0 3 2.792 4.978
6596 1658407638 0 4 2.602 1.406
6597 1658407639 0 5 0.40
6598 1658407639 0 6 0.11
6599 1658407639 0 8 4.997 12.041 11.89
6600 1658407639 0 0 26.37 8.22 140.2 67.61 125.2 7.84 17.7 0.0 490.6 3.51 46.02 1.2
6601 1658407639 0 7 $GNGGA,124717.000,4423.73998,N,00855.30190,E,1,14,0.8,2.4,M,44.7,M,,*46
6602 1658407640 0 7 $GNGGA,124719.000,4423.73990,N,00855.30201,E,1,14,0.8,2.4,M,44.7,M,,*4B
6603 1658407641 0 1 1.068
6604 1658407641 0 3 2.794 4.978
6605 1658407641 0 4 2.603 1.406
6606 1658407642 0 5 0.39
6607 1658407642 0 6 0.11
6608 1658407642 0 8 4.997 12.051 11.89
6609 1658407642 0 0 26.27 8.22 140.0 67.52 125.2 7.86 17.6 0.0 484.4 4.38 45.95 1.2
6610 1658407642 0 7 $GNGGA,124720.000,4423.73986,N,00855.30206,E,1,14,0.8,2.4,M,44.7,M,,*41
6611 1658407643 0 7 $GNGGA,124722.000,4423.73979,N,00855.30220,E,1,14,0.8,2.4,M,44.7,M,,*47
6612 1658407644 0 1 1.070
6613 1658407644 0 3 2.790 4.978
6614 1658407644 0 4 2.604 1.409
6615 1658407645 0 5 0.39
6616 1658407645 0 6 0.11
6617 1658407645 0 8 4.997 12.069 11.91
6618 1658407645 0 0 26.12 8.22 140.0 67.43 125.3 7.89 17.6 0.0 477.3 5.16 45.89 1.2
6619 1658407645 0 7 $GNGGA,124723.000,4423.73977,N,00855.30225,E,1,14,0.8,2.4,M,44.7,M,,*4D
6620 1658407646 0 7 $GNGGA,124725.000,4423.73973,N,00855.30230,E,1,14,0.8,2.4,M,44.7,M,,*4B
6621 1658407647 0 1 1.858
6622 1658407647 0 3 2.792 4.978
6623 1658407647 0 4 2.603 1.414
6624 1658407648 0 5 0.39
6625 1658407648 0 6 0.11
6626 1658407648 0 8 4.997 12.107 11.89
6627 1658407648 0 0 26.00 8.22 139.8 67.52 125.2 7.90 17.6 0.0 484.1 5.79 45.96 1.2
6628 1658407648 0 7 $GNGGA,124726.000,4423.73969,N,00855.30235,E,1,14,0.8,2.3,M,44.7,M,,*41
6629 1658407649 0 7 $GNGGA,124728.000,4423.73963,N,00855.30243,E,1,14,0.8,2.3,M,44.7,M,,*44
6630 1658407650 0 1 1.503
6631 1658407650 0 3 2.793 4.978
6632 1658407650 0 4 2.604 1.411
6633 1658407651 0 5 0.39
6634 1658407651 0 6 0.11
6635 1658407651 0 8 4.997 12.135 11.89
6636 1658407651 0 0 25.68 8.23 139.8 67.49 125.3 7.94 17.6 0.0 490.1 6.50 45.95 1.2
6637 1658407651 0 7 $GNGGA,124729.000,4423.73960,N,00855.30247,E,1,14,0.8,2.3,M,44.7,M,,*42
6638 1658407651 0 7 $GNGGA,124730.000,4423.73955,N,00855.30256,E,1,14,0.8,2.3,M,44.7,M,,*4C
6639 1658407652 0 7 $GNGGA,124731.000,4423.73952,N,00855.30261,E,1,14,0.8,2.3,M,44.7,M,,*4E
6640 1658407653 0 1 2.034
6641 1658407653 0 3 2.794 4.978
6642 1658407654 0 4 2.605 1.444
6643 1658407654 0 5 0.38
6644 1658407654 0 6 0.11
6645 1658407654 0 8 4.997 12.154 11.89
6646 1658407654 0 0 25.46 8.23 139.7 67.40 125.3 7.97 17.6 0.0 483.6 7.27 45.88 1.2
6647 1658407654 0 7 $GNGGA,124732.000,4423.73948,N,00855.30267,E,1,14,0.8,2.3,M,44.7,M,,*40
6648 1658407655 0 7 $GNGGA,124734.000,4423.73942,N,00855.30280,E,1,14,0.8,2.3,M,44.7,M,,*45
6649 1658407656 0 1 2.074
6650 1658407656 0 3 2.795 4.978
6651 1658407656 0 4 2.605 1.451
6652 1658407657 0 5 0.38
6653 1658407657 0 6 0.11
6654 1658407657 0 8 4.997 12.163 11.91
6655 1658407657 0 0 25.37 8.23 139.8 67.37 125.4 8.00 17.5 0.0 485.8 8.04 45.87 1.2
6656 1658407657 0 7 $GNGGA,124735.000,4423.73939,N,00855.30288,E,1,14,0.8,2.3,M,44.7,M,,*40
6657 1658407658 0 7 $GNGGA,124737.000,4423.73933,N,00855.30302,E,1,14,0.8,2.3,M,44.7,M,,*4B
6658 1658407659 0 1 2.809
6659 1658407659 0 3 2.791 4.978
6660 1658407659 0 4 2.605 1.454
6661 1658407660 0 5 0.38
6662 1658407660 0 6 0.11
6663 1658407660 0 8 4.997 11.994 11.89
6664 1658407660 0 0 25.06 8.23 139.7 67.34 125.6 8.05 17.6 0.0 480.5 8.87 45.85 1.2
6665 1658407660 0 7 $GNGGA,124738.000,4423.73930,N,00855.30307,E,1,14,0.8,2.3,M,44.7,M,,*42
6666 1658407661 0 7 $GNGGA,124740.000,4423.73925,N,00855.30319,E,1,14,0.8,2.3,M,44.7,M,,*46
6667 1658407662 0 1 3.041
6668 1658407662 0 3 2.791 4.978
6669 1658407662 0 4 2.605 1.444
6670 1658407663 0 5 0.37
6671 1658407663 0 6 0.11
6672 1658407663 0 8 4.997 12.004 11.89
6673 1658407663 0 0 25.00 8.23 139.7 67.25 128.7 8.26 17.5 0.0 474.1 9.61 45.78 1.1
6674 1658407663 0 7 $GNGGA,124741.000,4423.73921,N,00855.30327,E,1,14,0.8,2.3,M,44.7,M,,*4E
6675 1658407664 0 7 $GNGGA,124743.000,4423.73917,N,00855.30341,E,1,14,0.8,2.3,M,44.7,M,,*49
6676 1658407665 0 1 3.748
6677 1658407665 0 3 2.790 4.978
6678 1658407665 0 4 2.605 1.446
6679 1658407666 0 5 0.37
6680 1658407666 0 6 0.11
6681 1658407666 0 8 4.997 12.210 11.87
6682 1658407666 0 0 24.86 8.23 139.6 67.34 128.7 8.28 17.5 0.0 472.9 10.28 45.86 1.1
6683 1658407666 0 7 $GNGGA,124744.000,4423.73913,N,00855.30347,E,1,14,0.8,2.3,M,44.7,M,,*4C
6684 1658407667 0 7 $GNGGA,124746.000,4423.73908,N,00855.30362,E,1,15,0.7,2.3,M,44.7,M,,*4D
6685 1658407668 0 1 5.735
6686 1658407668 0 3 2.790 4.978
6687 1658407668 0 4 2.605 1.444
6688 1658407669 0 5 0.36
6689 1658407669 0 6 0.10
6690 1658407669 0 8 4.997 12.173 11.89
6691 1658407669 0 0 24.62 8.23 139.6 67.37 129.1 8.33 17.5 0.0 484.6 10.82 45.88 1.1
6692 1658407669 0 7 $GNGGA,124747.000,4423.73905,N,00855.30371,E,1,15,0.7,2.3,M,44.7,M,,*43
6693 1658407670 0 7 $GNGGA,124749.000,4423.73899,N,00855.30383,E,1,15,0.7,2.2,M,44.7,M,,*45
6694 1658407671 0 1 4.604
6695 1658407671 0 3 2.790 4.978
6696 1658407671 0 4 2.605 1.441
6697 1658407672 0 5 0.36
6698 1658407672 0 6 0.10
6699 1658407672 0 8 4.997 11.985 11.87
6700 1658407672 0 0 24.47 8.23 139.6 67.23 129.4 8.37 17.4 0.0 462.6 11.00 45.78 1.1
6701 1658407672 0 7 $GNGGA,124750.000,4423.73896,N,00855.30392,E,1,15,0.7,2.3,M,44.7,M,,*43
6702 1658407673 0 7 $GNGGA,124752.000,4423.73892,N,00855.30402,E,1,15,0.7,2.3,M,44.7,M,,*4B
6703 1658407674 0 1 5.308
6704 1658407674 0 3 2.791 4.978
6705 1658407675 0 4 2.605 1.441
6706 1658407675 0 5 0.35
6707 1658407675 0 6 0.10
6708 1658407675 0 8 4.997 12.144 11.91
6709 1658407675 0 0 24.46 8.23 139.7 67.22 129.7 8.40 17.3 0.0 456.2 11.02 45.77 1.1
6710 1658407675 0 7 $GNGGA,124753.000,4423.73889,N,00855.30410,E,1,15,0.7,2.3,M,44.7,M,,*43
6711 1658407676 0 7 $GNGGA,124755.000,4423.73887,N,00855.30421,E,1,15,0.7,2.3,M,44.7,M,,*49
6712 1658407677 0 1 4.014
6713 1658407677 0 3 2.789 4.978
6714 1658407677 0 4 2.604 1.441
6715 1658407678 0 5 0.35
6716 1658407678 0 6 0.10
6717 1658407678 0 8 4.997 12.163 11.89
6718 1658407678 0 0 24.46 8.23 139.6 67.22 129.8 8.41 17.3 0.0 445.1 10.66 45.77 1.1
6719 1658407678 0 7 $GNGGA,124756.000,4423.73885,N,00855.30429,E,1,15,0.7,2.3,M,44.7,M,,*40
6720 1658407679 0 7 $GNGGA,124758.000,4423.73882,N,00855.30441,E,1,15,0.7,2.3,M,44.7,M,,*47
6721 1658407680 0 1 4.730
6722 1658407680 0 3 2.790 4.978
6723 1658407680 0 4 2.603 1.441
6725 1658407681 0 6 0.10
6726 1658407681 0 8 4.997 11.947 11.89
6727 1658407681 0 0 24.52 8.23 139.6 67.33 130.0 8.41 17.2 0.0 428.7 10.30 45.85 1.1
6728 1658407681 0 7 $GNGGA,124759.000,4423.73882,N,00855.30445,E,1,15,0.7,2.3,M,44.7,M,,*42
6729 1658407682 0 7 $GNGGA,124801.000,4423.73879,N,00855.30458,E,1,15,0.7,2.3,M,44.7,M,,*48
6730 1658407683 0 1 4.487
6731 1658407683 0 3 2.789 4.978
6732 1658407683 0 4 2.602 1.444
6733 1658407684 0 5 0.34
6734 1658407684 0 6 0.10
6735 1658407684 0 8 4.997 12.163 11.89
6736 1658407684 0 0 24.67 8.23 139.6 67.28 130.3 8.41 17.1 0.0 413.0 9.78 45.81 1.1
6737 1658407684 0 7 $GNGGA,124802.000,4423.73878,N,00855.30465,E,1,15,0.7,2.3,M,44.7,M,,*44
6738 1658407685 0 7 $GNGGA,124804.000,4423.73874,N,00855.30477,E,1,15,0.7,2.3,M,44.7,M,,*4D
6739 1658407686 0 1 3.808
6740 1658407686 0 3 2.789 4.978
6741 1658407687 0 4 2.602 1.446
6742 1658407687 0 5 0.33
6743 1658407687 0 6 0.10
6744 1658407687 0 8 4.997 12.182 11.89
6745 1658407687 0 0 24.77 8.23 139.5 67.30 130.6 8.41 17.0 0.0 402.0 8.80 45.82 1.1
6746 1658407687 0 7 $GNGGA,124805.000,4423.73873,N,00855.30481,E,1,15,0.7,2.3,M,44.7,M,,*42
6747 1658407688 0 7 $GNGGA,124807.000,4423.73870,N,00855.30492,E,1,15,0.7,2.3,M,44.7,M,,*41
6748 1658407689 0 7 $GNGGA,124808.000,4423.73869,N,00855.30496,E,1,15,0.7,2.3,M,44.7,M,,*42
6749 1658407689 0 3 2.789 4.978
6750 1658407690 0 1 2.860
6751 1658407690 0 4 2.601 1.444
6752 1658407690 0 5 0.33
6753 1658407690 0 6 0.10
6754 1658407690 0 8 4.997 12.191 11.91
6755 1658407691 0 7 $GNGGA,124809.000,4423.73868,N,00855.30501,E,1,15,0.7,2.3,M,44.7,M,,*4D
6756 1658407691 0 7 $GNGGA,124810.000,4423.73867,N,00855.30505,E,1,15,0.7,2.3,M,44.7,M,,*4E
6757 1658407692 0 1 2.441
6758 1658407692 0 0 25.28 8.23 139.3 67.25 131.5 8.40 16.7 0.0 367.1 7.49 45.77 1.1
6759 1658407692 0 7 $GNGGA,124811.000,4423.73866,N,00855.30511,E,1,15,0.7,2.3,M,44.7,M,,*4B
6760 1658407692 0 3 2.789 4.978
6761 1658407693 0 4 2.601 1.446
6762 1658407693 0 5 0.32
6763 1658407693 0 6 0.09
6764 1658407693 0 8 4.997 12.173 11.89
6765 1658407694 0 7 $GNGGA,124812.000,4423.73864,N,00855.30515,E,1,15,0.7,2.3,M,44.7,M,,*4E
6766 1658407694 0 7 $GNGGA,124813.000,4423.73863,N,00855.30519,E,1,15,0.7,2.3,M,44.7,M,,*44
6767 1658407695 0 1 2.609
6768 1658407695 0 0 25.39 8.23 139.2 67.29 132.3 8.43 16.7 0.0 358.2 7.40 45.80 1.1
6769 1658407695 0 7 $GNGGA,124814.000,4423.73861,N,00855.30526,E,1,15,0.7,2.3,M,44.7,M,,*4D
6770 1658407696 0 3 2.790 4.978
6771 1658407696 0 4 2.601 1.441
6772 1658407696 0 5 0.32
6773 1658407696 0 6 0.09
6774 1658407696 0 8 4.997 12.154 11.91
6775 1658407697 0 7 $GNGGA,124815.000,4423.73860,N,00855.30530,E,1,15,0.7,2.3,M,44.7,M,,*4A
6776 1658407697 0 7 $GNGGA,124816.000,4423.73858,N,00855.30533,E,1,15,0.7,2.3,M,44.7,M,,*41
6777 1658407698 0 1 2.228
6778 1658407698 0 0 25.40 8.23 139.1 67.35 133.0 8.47 16.6 0.0 350.7 7.36 45.85 1.1
6779 1658407698 0 3 2.791 4.978
6780 1658407699 0 4 2.600 1.446
6781 1658407699 0 5 0.32
6782 1658407699 0 6 0.09
6783 1658407699 0 8 4.997 12.201 11.89
6784 1658407699 0 7 $GNGGA,124817.000,4423.73856,N,00855.30539,E,1,15,0.7,2.3,M,44.7,M,,*44
6785 1658407701 0 1 2.637
6786 1658407701 0 0 25.42 8.23 139.0 67.34 133.7 8.51 16.6 0.0 344.1 7.35 45.84 1.1
6787 1658407701 0 7 $GNGGA,124820.000,4423.73853,N,00855.30555,E,1,15,0.7,2.2,M,44.7,M,,*4E
6788 1658407701 0 3 2.792 4.978
6789 1658407702 0 4 2.601 1.446
6790 1658407702 0 5 0.31
6791 1658407702 0 6 0.09
6792 1658407702 0 8 4.997 12.191 11.89
6793 1658407703 0 7 $GNGGA,124821.000,4423.73851,N,00855.30560,E,1,15,0.7,2.2,M,44.7,M,,*4B
6794 1658407703 0 7 $GNGGA,124822.000,4423.73850,N,00855.30565,E,1,15,0.7,2.2,M,44.7,M,,*4C
6795 1658407704 0 1 1.889
6796 1658407704 0 0 25.43 8.23 139.0 67.34 134.2 8.55 16.6 0.0 336.0 7.22 45.84 1.1
6797 1658407704 0 7 $GNGGA,124823.000,4423.73849,N,00855.30571,E,1,15,0.7,2.2,M,44.7,M,,*40
6798 1658407704 0 3 2.792 4.978
6799 1658407705 0 4 2.600 1.446
6800 1658407705 0 5 0.31
6801 1658407705 0 6 0.09
6802 1658407705 0 8 4.997 12.201 11.89
6803 1658407706 0 7 $GNGGA,124824.000,4423.73849,N,00855.30576,E,1,15,0.7,2.2,M,44.7,M,,*40
6804 1658407706 0 7 $GNGGA,124825.000,4423.73849,N,00855.30580,E,1,15,0.7,2.2,M,44.7,M,,*48
6805 1658407707 0 0 25.47 8.23 138.9 67.39 134.8 8.58 16.6 0.0 329.4 6.83 45.88 1.1
6806 1658407707 0 7 $GNGGA,124826.000,4423.73848,N,00855.30585,E,1,15,0.7,2.2,M,44.7,M,,*4F
6807 1658407707 0 3 2.792 4.978
6808 1658407708 0 4 2.600 1.444
6809 1658407708 0 5 0.31
6810 1658407708 0 6 0.09
6811 1658407708 0 8 4.997 12.201 11.89
6812 1658407708 0 7 $GNGGA,124827.000,4423.73847,N,00855.30591,E,1,15,0.7,2.2,M,44.7,M,,*44
6813 1658407709 0 7 $GNGGA,124828.000,4423.73846,N,00855.30596,E,1,15,0.7,2.2,M,44.7,M,,*4D
6814 1658407710 0 0 25.63 8.23 138.8 67.29 135.4 8.60 16.5 0.0 316.5 5.95 45.80 1.1
6815 1658407710 0 7 $GNGGA,124829.000,4423.73845,N,00855.30600,E,1,15,0.7,2.2,M,44.7,M,,*43
6816 1658407711 0 3 2.791 4.978
6817 1658407711 0 4 2.599 1.444
6818 1658407711 0 5 0.31
6819 1658407711 0 6 0.09
6820 1658407711 0 8 4.997 12.182 11.89
6821 1658407712 0 7 $GNGGA,124830.000,4423.73844,N,00855.30605,E,1,15,0.7,2.2,M,44.7,M,,*4F
6822 1658407712 0 7 $GNGGA,124831.000,4423.73843,N,00855.30611,E,1,15,0.7,2.2,M,44.7,M,,*4C
6823 1658407713 0 0 25.91 8.23 138.7 67.08 135.9 8.60 16.4 0.0 308.3 4.94 45.62 1.1
6824 1658407713 0 7 $GNGGA,124832.000,4423.73842,N,00855.30616,E,1,15,0.7,2.1,M,44.7,M,,*4A
6825 1658407714 0 3 2.788 4.978
6826 1658407714 0 4 2.598 1.444
6827 1658407714 0 5 0.30
6828 1658407714 0 6 0.09
6829 1658407714 0 8 4.997 12.191 11.89
6830 1658407715 0 7 $GNGGA,124833.000,4423.73842,N,00855.30620,E,1,15,0.7,2.1,M,44.7,M,,*4E
6831 1658407715 0 7 $GNGGA,124834.000,4423.73841,N,00855.30625,E,1,15,0.7,2.1,M,44.7,M,,*4F
6832 1658407716 0 0 26.08 8.23 138.6 67.14 136.3 8.60 16.3 0.0 298.3 3.86 45.66 1.1
6833 1658407716 0 7 $GNGGA,124835.000,4423.73840,N,00855.30632,E,1,15,0.7,2.1,M,44.7,M,,*49
6834 1658407717 0 3 2.779 4.978
6835 1658407717 0 4 2.596 1.446
6836 1658407717 0 5 0.30
6837 1658407717 0 6 0.09
6838 1658407717 0 8 4.997 12.210 11.91
6839 1658407718 0 1 1.237
6840 1658407718 0 7 $GNGGA,124836.000,4423.73839,N,00855.30637,E,1,15,0.7,2.1,M,44.7,M,,*41
6841 1658407718 0 7 $GNGGA,124837.000,4423.73839,N,00855.30640,E,1,15,0.7,2.1,M,44.7,M,,*40
6842 1658407719 0 2 0.04340000 6.99620008 1.84519996 0.05380000 2.68059992 0.00350000 0.09070000 0.19210000 1.00000000 81.14800262
6843 1658407719 0 1 1.047
6844 1658407719 0 0 26.20 8.23 138.6 67.30 136.6 8.59 16.3 0.0 290.3 2.78 45.79 1.1
6845 1658407719 0 7 $GNGGA,124838.000,4423.73838,N,00855.30647,E,1,15,0.7,2.0,M,44.7,M,,*48
6846 1658407720 0 3 2.768 4.978
6847 1658407720 0 4 2.594 1.444
6848 1658407720 0 5 0.30
6849 1658407720 0 6 0.09
6850 1658407720 0 8 4.997 12.201 11.91
6851 1658407721 0 7 $GNGGA,124839.000,4423.73837,N,00855.30652,E,1,15,0.7,2.0,M,44.7,M,,*42
6852 1658407721 0 7 $GNGGA,124840.000,4423.73836,N,00855.30659,E,1,15,0.7,2.0,M,44.7,M,,*46
6853 1658407722 0 1 1.244
6854 1658407722 0 0 26.41 8.22 138.5 67.34 137.0 8.59 16.1 0.0 275.0 1.82 45.81 1.1
6855 1658407723 0 3 2.701 4.978
6856 1658407723 0 4 2.590 1.434
6857 1658407723 0 5 0.30
6858 1658407723 0 6 0.09
6859 1658407723 0 8 4.997 12.135 11.91
6860 1658407723 0 7 $GNGGA,124841.000,4423.73835,N,00855.30664,E,1,15,0.7,2.0,M,44.7,M,,*4A
6861 1658407725 0 1 0.681
6862 1658407725 0 0 27.21 8.22 138.3 67.17 137.1 8.49 15.9 0.0 255.0 1.29 45.66 1.2
6863 1658407725 0 7 $GNGGA,124844.000,4423.73832,N,00855.30680,E,1,15,0.7,1.9,M,44.7,M,,*48
6864 1658407726 0 3 2.617 4.978
6865 1658407726 0 4 2.584 1.424
6866 1658407726 0 5 0.30
6867 1658407726 0 6 0.09
6868 1658407726 0 8 4.997 12.116 11.89
6869 1658407727 0 7 $GNGGA,124845.000,4423.73831,N,00855.30685,E,1,15,0.7,1.9,M,44.7,M,,*4F
6870 1658407727 0 7 $GNGGA,124846.000,4423.73830,N,00855.30691,E,1,15,0.7,1.9,M,44.7,M,,*48
6871 1658407728 0 1 1.289
6872 1658407728 0 0 27.58 8.21 138.1 67.56 137.5 8.45 15.8 0.0 254.0 1.18 45.95 1.2
6873 1658407728 0 7 $GNGGA,124847.000,4423.73829,N,00855.30696,E,1,15,0.7,1.9,M,44.7,M,,*46
6874 1658407729 0 3 2.620 4.978
6875 1658407729 0 4 2.586 1.424
6876 1658407729 0 5 0.30
6877 1658407729 0 6 0.09
6878 1658407729 0 8 4.997 12.135 11.91
6879 1658407730 0 7 $GNGGA,124848.000,4423.73828,N,00855.30702,E,1,15,0.7,1.8,M,44.7,M,,*45
6880 1658407730 0 7 $GNGGA,124849.000,4423.73827,N,00855.30706,E,1,15,0.7,1.8,M,44.7,M,,*4F
6881 1658407731 0 1 0.441
6882 1658407731 0 0 27.71 8.21 138.0 67.62 137.8 8.45 15.9 0.0 256.6 1.16 45.99 1.2
6883 1658407731 0 7 $GNGGA,124850.000,4423.73827,N,00855.30712,E,1,15,0.7,1.8,M,44.7,M,,*42
6884 1658407731 0 3 2.622 4.978
6885 1658407732 0 4 2.587 1.424
6886 1658407732 0 5 0.30
6887 1658407732 0 6 0.09
6888 1658407732 0 8 4.997 12.126 11.91
6889 1658407733 0 7 $GNGGA,124851.000,4423.73826,N,00855.30716,E,1,15,0.7,1.7,M,44.7,M,,*49
6890 1658407733 0 7 $GNGGA,124852.000,4423.73825,N,00855.30721,E,1,15,0.7,1.7,M,44.7,M,,*4D
6891 1658407734 0 1 0.423
6892 1658407734 0 0 27.71 8.21 137.8 67.84 138.1 8.46 15.9 0.0 256.1 1.14 46.16 1.2
6893 1658407734 0 7 $GNGGA,124853.000,4423.73824,N,00855.30724,E,1,15,0.7,1.7,M,44.7,M,,*48
6894 1658407735 0 3 2.623 4.978
6895 1658407735 0 4 2.585 1.426
6896 1658407735 0 5 0.31
6897 1658407735 0 6 0.09
6898 1658407735 0 8 4.997 12.135 11.89
6899 1658407736 0 7 $GNGGA,124854.000,4423.73824,N,00855.30729,E,1,15,0.7,1.7,M,44.7,M,,*42
6900 1658407736 0 7 $GNGGA,124855.000,4423.73823,N,00855.30734,E,1,15,0.7,1.7,M,44.7,M,,*48
6901 1658407737 0 1 0.416
6902 1658407737 0 0 27.63 8.21 137.8 67.83 138.3 8.49 16.0 0.0 259.8 1.19 46.15 1.2
6903 1658407737 0 7 $GNGGA,124856.000,4423.73822,N,00855.30738,E,1,15,0.7,1.7,M,44.7,M,,*46
6904 1658407738 0 3 2.622 4.978
6905 1658407738 0 4 2.585 1.429
6906 1658407738 0 5 0.31
6907 1658407738 0 6 0.09
6908 1658407738 0 8 4.997 12.135 11.91
6909 1658407739 0 7 $GNGGA,124857.000,4423.73822,N,00855.30741,E,1,15,0.7,1.7,M,44.7,M,,*49
6910 1658407739 0 7 $GNGGA,124858.000,4423.73822,N,00855.30747,E,1,15,0.7,1.6,M,44.7,M,,*41
6911 1658407740 0 1 0.440
6912 1658407740 0 0 27.66 8.21 137.7 67.76 138.4 8.49 16.0 0.0 259.0 1.17 46.10 1.2
6913 1658407740 0 7 $GNGGA,124859.000,4423.73821,N,00855.30749,E,1,15,0.7,1.6,M,44.7,M,,*4D
6914 1658407741 0 3 2.625 4.978
6915 1658407741 0 4 2.586 1.464
6916 1658407741 0 5 0.31
6917 1658407741 0 6 0.09
6918 1658407741 0 8 4.997 12.135 11.89
6919 1658407742 0 7 $GNGGA,124900.000,4423.73821,N,00855.30755,E,1,15,0.7,1.6,M,44.7,M,,*4D
6920 1658407742 0 7 $GNGGA,124901.000,4423.73820,N,00855.30759,E,1,15,0.7,1.6,M,44.7,M,,*41
6921 1658407743 0 1 0.431
6922 1658407743 0 0 27.72 8.21 137.6 67.75 138.3 8.48 16.0 0.0 258.2 1.13 46.09 1.2
6923 1658407743 0 7 $GNGGA,124902.000,4423.73819,N,00855.30764,E,1,15,0.7,1.6,M,44.7,M,,*46
