/home/danielacabiddu/Devel/src/MATRAC/test/tuttomatrac/data/porto_grid.mesh
13073 1658409687 0 7 $GNGGA,132126.000,4423.45942,N,00856.88307,E,1,16,0.7,-8.0,M,44.7,M,,*65
13074 1658409688 0 3 2.599 4.978
13075 1658409688 0 4 2.559 1.474
13076 1658409688 0 1 0.451
13077 1658409688 0 5 0.02
13078 1658409688 0 6 0.11
13079 1658409689 0 8 4.997 12.191 11.89
13080 1658409689 0 0 29.05 8.20 136.5 67.74 132.5 7.95 16.5 0.0 272.4 0.83 46.04 1.4
13081 1658409689 0 7 $GNGGA,132127.000,4423.45954,N,00856.88305,E,1,16,0.7,-8.0,M,44.7,M,,*61
13082 1658409690 0 7 $GNGGA,132129.000,4423.45985,N,00856.88298,E,1,16,0.7,-8.0,M,44.7,M,,*66
13083 1658409691 0 3 2.600 4.978
13084 1658409691 0 1 0.510
13085 1658409691 0 4 2.558 1.474
13086 1658409691 0 5 0.02
13087 1658409691 0 6 0.11
13088 1658409692 0 8 4.997 12.191 11.89
13089 1658409692 0 0 29.04 8.20 136.5 67.86 132.0 7.92 16.6 0.0 275.5 0.88 46.13 1.4
13090 1658409692 0 7 $GNGGA,132130.000,4423.45998,N,00856.88295,E,1,16,0.7,-8.1,M,44.7,M,,*6E
13091 1658409693 0 7 $GNGGA,132132.000,4423.46049,N,00856.88276,E,1,16,0.7,-7.9,M,44.7,M,,*60
13092 1658409694 0 3 2.605 4.978
13093 1658409694 0 4 2.564 1.469
13094 1658409694 0 1 0.407
13095 1658409694 0 5 0.02
13096 1658409695 0 6 0.11
13097 1658409695 0 8 4.997 12.201 11.91
13098 1658409695 0 0 29.04 8.20 136.3 67.91 131.5 7.89 16.7 0.0 279.6 1.02 46.16 1.4
13099 1658409695 0 7 $GNGGA,132133.000,4423.46062,N,00856.88275,E,1,16,0.7,-7.9,M,44.7,M,,*6B
13100 1658409697 0 3 2.612 4.978
13101 1658409697 0 1 1.078
13102 1658409697 0 4 2.568 1.469
13103 1658409697 0 5 0.02
13104 1658409697 0 6 0.11
13105 1658409698 0 8 4.997 12.201 11.89
13106 1658409698 0 0 29.07 8.20 136.2 67.93 130.9 7.85 16.7 0.0 280.2 1.06 46.18 1.4
13107 1658409698 0 7 $GNGGA,132136.000,4423.46111,N,00856.88290,E,1,16,0.7,-8.7,M,44.7,M,,*61
13108 1658409699 0 7 $GNGGA,132138.000,4423.46134,N,00856.88281,E,1,16,0.7,-8.6,M,44.7,M,,*69
13109 1658409700 0 3 2.590 4.978
13110 1658409700 0 1 0.463
13111 1658409700 0 4 2.541 1.481
13112 1658409700 0 5 0.02
13113 1658409700 0 6 0.11
13114 1658409701 0 8 4.997 11.985 11.87
13115 1658409701 0 0 29.10 8.20 136.3 67.90 130.5 7.82 16.7 0.0 280.9 0.79 46.16 1.4
13116 1658409701 0 7 $GNGGA,132139.000,4423.46145,N,00856.88279,E,1,16,0.7,-8.6,M,44.7,M,,*69
13117 1658409702 0 7 $GNGGA,132141.000,4423.46167,N,00856.88273,E,1,16,0.7,-8.6,M,44.7,M,,*6C
13118 1658409703 0 3 2.573 4.978
13119 1658409703 0 4 2.477 1.466
13120 1658409703 0 1 2.686
13121 1658409703 0 5 0.02
13122 1658409703 0 6 0.11
13123 1658409704 0 8 4.997 11.957 11.91
13124 1658409704 0 0 29.10 8.20 136.1 46.65 130.0 8.51 17.0 0.0 284.8 0.40 30.18 1.4
13125 1658409704 0 7 $GNGGA,132142.000,4423.46180,N,00856.88271,E,1,16,0.7,-8.6,M,44.7,M,,*64
13126 1658409705 0 7 $GNGGA,132144.000,4423.46213,N,00856.88241,E,1,16,0.7,-8.7,M,44.7,M,,*69
13127 1658409706 0 3 2.573 4.978
13128 1658409706 0 1 3.621
13129 1658409706 0 4 2.477 1.474
13130 1658409706 0 5 0.02
13131 1658409706 0 6 0.12
13132 1658409707 0 8 4.997 12.098 11.89
13133 1658409707 0 0 28.89 8.44 121.8 0.214 129.6 10.05 3.8 0.0 22.7 0.41 0.10 0.7
13134 1658409707 0 7 $GNGGA,132145.000,4423.46226,N,00856.88240,E,1,16,0.7,-8.7,M,44.7,M,,*6F
13135 1658409708 0 7 $GNGGA,132147.000,4423.46254,N,00856.88234,E,1,16,0.7,-8.8,M,44.7,M,,*64
13136 1658409709 0 3 2.573 4.978
13137 1658409709 0 4 2.478 1.466
13138 1658409709 0 1 5.251
13139 1658409709 0 5 0.02
13140 1658409709 0 6 0.12
13141 1658409710 0 8 4.997 11.929 11.89
13142 1658409710 0 0 28.69 8.49 118.1 0.060 129.2 10.06 2.7 0.0 14.1 0.41 0.03 0.6
13143 1658409710 0 7 $GNGGA,132148.000,4423.46267,N,00856.88230,E,1,16,0.7,-8.8,M,44.7,M,,*6F
13144 1658409711 0 7 $GNGGA,132150.000,4423.46303,N,00856.88215,E,1,16,0.7,-8.8,M,44.7,M,,*62
13145 1658409712 0 3 2.573 4.978
13146 1658409712 0 1 2.132
13147 1658409712 0 4 2.477 1.466
13148 1658409712 0 5 0.02
13149 1658409712 0 6 0.12
13150 1658409713 0 8 4.997 12.210 11.91
13151 1658409713 0 0 28.53 8.51 116.6 0.050 128.9 10.07 2.1 0.0 10.3 0.41 0.03 0.4
13152 1658409713 0 7 $GNGGA,132151.000,4423.46315,N,00856.88209,E,1,16,0.7,-8.8,M,44.7,M,,*69
13153 1658409714 0 7 $GNGGA,132153.000,4423.46337,N,00856.88194,E,1,16,0.7,-8.8,M,44.7,M,,*6C
13154 1658409715 0 3 2.573 4.978
13155 1658409715 0 4 2.477 1.468
13156 1658409715 0 1 1.592
13157 1658409715 0 5 0.02
13158 1658409716 0 6 0.13
13159 1658409716 0 8 4.997 12.107 11.89
13160 1658409716 0 0 28.37 8.45 118.7 0.044 128.7 10.08 2.1 0.0 9.3 0.41 0.02 0.4
13161 1658409716 0 7 $GNGGA,132154.000,4423.46349,N,00856.88189,E,1,16,0.7,-8.8,M,44.7,M,,*6E
13162 1658409718 0 3 2.573 4.978
13163 1658409718 0 1 0.013
13164 1658409718 0 4 2.477 1.469
13165 1658409718 0 5 0.02
13166 1658409718 0 6 0.14
13167 1658409719 0 8 4.997 11.919 11.89
13168 1658409719 0 0 28.21 8.47 117.1 0.041 128.4 10.09 1.9 0.0 7.5 0.41 0.02 0.4
13169 1658409719 0 7 $GNGGA,132157.000,4423.46385,N,00856.88176,E,1,16,0.7,-8.8,M,44.7,M,,*6D
13170 1658409720 0 7 $GNGGA,132159.000,4423.46409,N,00856.88166,E,1,16,0.7,-8.8,M,44.7,M,,*61
13171 1658409721 0 3 2.573 4.978
13172 1658409721 0 4 2.477 1.466
13173 1658409721 0 1 0.620
13174 1658409721 0 5 0.02
13175 1658409721 0 6 0.13
13176 1658409722 0 8 4.997 12.135 11.91
13177 1658409722 0 0 28.10 8.52 113.3 0.038 128.1 10.09 1.5 0.0 3.9 0.41 0.02 0.3
13178 1658409722 0 7 $GNGGA,132200.000,4423.46421,N,00856.88161,E,1,16,0.7,-8.8,M,44.7,M,,*63
13179 1658409723 0 7 $GNGGA,132202.000,4423.46443,N,00856.88150,E,1,16,0.7,-8.8,M,44.7,M,,*67
13180 1658409724 0 3 2.573 4.978
13181 1658409724 0 1 1.025
13182 1658409724 0 4 2.476 1.459
13183 1658409724 0 5 0.02
13184 1658409724 0 6 0.13
13185 1658409725 0 8 4.997 12.051 11.89
13186 1658409725 0 0 27.96 8.58 108.9 0.037 127.9 10.09 1.0 0.0 3.3 0.41 0.02 0.2
13187 1658409725 0 7 $GNGGA,132203.000,4423.46463,N,00856.88128,E,1,16,0.7,-8.5,M,44.7,M,,*66
13188 1658409726 0 7 $GNGGA,132205.000,4423.46487,N,00856.88117,E,1,16,0.7,-8.6,M,44.7,M,,*65
13189 1658409727 0 3 2.573 4.978
13190 1658409727 0 1 0.228
13191 1658409727 0 4 2.476 1.464
13192 1658409727 0 5 0.02
13193 1658409727 0 6 0.13
13194 1658409728 0 8 4.997 12.154 11.89
13195 1658409728 0 0 27.84 8.56 112.0 0.036 127.6 10.09 1.3 0.0 3.4 0.41 0.02 0.3
13196 1658409728 0 7 $GNGGA,132206.000,4423.46499,N,00856.88112,E,1,16,0.7,-8.6,M,44.7,M,,*6C
13197 1658409729 0 7 $GNGGA,132208.000,4423.46547,N,00856.88120,E,1,16,0.7,-9.3,M,44.7,M,,*65
13198 1658409730 0 3 2.573 4.978
13199 1658409730 0 4 2.476 1.464
13200 1658409730 0 1 0.097
13201 1658409730 0 5 0.02
13202 1658409731 0 6 0.13
13203 1658409731 0 8 4.997 12.173 11.91
13204 1658409731 0 0 27.77 8.47 119.1 0.035 127.3 10.08 1.6 0.0 5.2 0.41 0.02 0.3
13205 1658409731 0 7 $GNGGA,132209.000,4423.46589,N,00856.88120,E,1,16,0.7,-9.8,M,44.7,M,,*6D
13206 1658409733 0 3 2.573 4.978
13207 1658409733 0 1 0.378
13208 1658409733 0 4 2.476 1.466
13209 1658409733 0 5 0.02
13210 1658409733 0 6 0.13
13211 1658409734 0 8 4.997 12.182 11.89
13212 1658409734 0 0 27.70 8.52 115.6 0.035 127.0 10.07 1.0 0.0 2.7 0.41 0.02 0.2
13213 1658409734 0 7 $GNGGA,132212.000,4423.46715,N,00856.88092,E,1,16,0.7,-10.0,M,44.7,M,,*58
13214 1658409736 0 3 2.573 4.978
13215 1658409736 0 4 2.476 1.464
13216 1658409736 0 1 0.149
13217 1658409736 0 5 0.02
13218 1658409736 0 6 0.13
13219 1658409737 0 8 4.997 12.154 11.89
13220 1658409737 0 0 27.64 8.46 122.0 0.034 126.7 10.06 1.6 0.0 5.3 0.41 0.02 0.3
13221 1658409737 0 7 $GNGGA,132215.000,4423.46762,N,00856.88071,E,1,16,0.7,-10.0,M,44.7,M,,*52
13222 1658409738 0 7 $GNGGA,132217.000,4423.46793,N,00856.88063,E,1,16,0.7,-10.0,M,44.7,M,,*5D
13223 1658409739 0 3 2.573 4.978
13224 1658409739 0 1 0.731
13225 1658409739 0 4 2.476 1.441
13226 1658409739 0 5 0.02
13227 1658409739 0 6 0.13
13228 1658409740 0 8 4.997 12.144 11.91
13229 1658409740 0 0 27.56 8.49 119.5 0.033 126.5 10.05 1.4 0.0 5.4 0.41 0.02 0.3
13230 1658409740 0 7 $GNGGA,132218.000,4423.46806,N,00856.88063,E,1,16,0.7,-10.0,M,44.7,M,,*51
13231 1658409741 0 7 $GNGGA,132220.000,4423.46879,N,00856.88097,E,1,16,0.7,-10.5,M,44.7,M,,*5C
13232 1658409742 0 3 2.574 4.978
13233 1658409742 0 4 2.476 1.439
13234 1658409742 0 1 0.178
13235 1658409742 0 5 0.02
13236 1658409742 0 6 0.13
13237 1658409743 0 8 4.997 12.098 11.89
13238 1658409743 0 0 27.48 8.38 126.2 0.033 126.3 10.05 1.1 0.0 2.7 0.41 0.02 0.1
13239 1658409743 0 7 $GNGGA,132221.000,4423.46911,N,00856.88114,E,1,16,0.7,-10.4,M,44.7,M,,*59
13240 1658409744 0 7 $GNGGA,132223.000,4423.46998,N,00856.88153,E,1,16,0.7,-10.1,M,44.7,M,,*5C
13241 1658409745 0 3 2.574 4.978
13242 1658409745 0 1 2.100
13243 1658409745 0 4 2.476 1.437
13244 1658409745 0 5 0.02
13245 1658409745 0 6 0.13
13246 1658409746 0 8 4.997 12.154 11.89
13247 1658409746 0 0 27.35 8.26 132.9 0.032 126.2 10.06 1.1 0.0 3.2 0.41 0.02 0.1
13248 1658409746 0 7 $GNGGA,132224.000,4423.47041,N,00856.88166,E,1,16,0.7,-10.0,M,44.7,M,,*50
13249 1658409747 0 7 $GNGGA,132226.000,4423.47134,N,00856.88203,E,1,16,0.7,-10.1,M,44.7,M,,*50
13250 1658409748 0 3 2.573 4.978
13251 1658409748 0 4 2.476 1.436
13252 1658409748 0 1 0.220
13253 1658409748 0 5 0.02
13254 1658409748 0 6 0.14
13255 1658409749 0 8 4.997 12.116 11.89
13256 1658409749 0 0 27.27 8.20 137.7 0.032 125.9 10.06 1.3 0.0 4.2 0.41 0.02 0.1
13257 1658409749 0 7 $GNGGA,132227.000,4423.47164,N,00856.88229,E,1,16,0.7,-10.3,M,44.7,M,,*5E
13258 1658409750 0 7 $GNGGA,132229.000,4423.47200,N,00856.88265,E,1,16,0.7,-10.9,M,44.7,M,,*53
13259 1658409751 0 3 2.573 4.978
13260 1658409751 0 1 1.303
13261 1658409751 0 4 2.476 1.436
13262 1658409751 0 5 0.02
13263 1658409752 0 6 0.14
13264 1658409752 0 8 4.997 12.022 11.91
13265 1658409752 0 0 27.21 8.24 134.7 0.031 125.7 10.05 1.1 0.0 2.8 0.41 0.02 0.1
13266 1658409752 0 7 $GNGGA,132230.000,4423.47220,N,00856.88278,E,1,16,0.7,-11.2,M,44.7,M,,*5F
13267 1658409754 0 3 2.573 4.978
13268 1658409754 0 1 0.099
13269 1658409754 0 4 2.476 1.436
13270 1658409754 0 5 0.02
13271 1658409754 0 6 0.14
13272 1658409755 0 8 4.997 12.088 11.91
13273 1658409755 0 0 27.14 8.21 139.0 0.031 125.5 10.05 1.1 0.0 3.3 0.41 0.02 0.1
13274 1658409755 0 7 $GNGGA,132233.000,4423.47256,N,00856.88391,E,1,16,0.7,-12.5,M,44.7,M,,*5F
13275 1658409757 0 3 2.573 4.978
13276 1658409757 0 4 2.476 1.436
13277 1658409757 0 1 0.139
13278 1658409757 0 5 0.02
13279 1658409757 0 6 0.14
13280 1658409758 0 8 4.997 12.191 11.91
13281 1658409758 0 0 27.03 8.14 142.6 0.030 125.4 10.06 0.9 0.0 2.4 0.41 0.02 0.0
13282 1658409758 0 7 $GNGGA,132236.000,4423.47251,N,00856.88541,E,1,16,0.7,-12.9,M,44.7,M,,*5A
13283 1658409758 0 2 0.65899996 69.43499755 0.00000000 0.53410000 1.49609994 0.05079999 0.51499996 2.91950016 0.39359998 30.54599952
13284 1658409759 0 7 $GNGGA,132238.000,4423.47231,N,00856.88642,E,1,16,0.7,-13.1,M,44.7,M,,*5B
13285 1658409760 0 3 2.573 4.978
13286 1658409760 0 1 0.092
13287 1658409760 0 4 2.476 1.439
13288 1658409760 0 5 0.02
13289 1658409760 0 6 0.15
13290 1658409761 0 8 4.997 12.163 11.89
13291 1658409761 0 0 27.00 8.14 142.9 0.030 125.3 10.06 1.1 0.0 2.8 0.41 0.02 0.1
13292 1658409761 0 7 $GNGGA,132239.000,4423.47216,N,00856.88691,E,1,16,0.7,-13.3,M,44.7,M,,*53
13293 1658409762 0 7 $GNGGA,132241.000,4423.47209,N,00856.88783,E,1,16,0.7,-13.7,M,44.7,M,,*54
13294 1658409763 0 3 2.573 4.977
13295 1658409763 0 4 2.476 1.438
13296 1658409763 0 1 0.061
13297 1658409763 0 5 0.02
13298 1658409763 0 6 0.16
13299 1658409764 0 8 4.997 12.154 11.91
13300 1658409764 0 0 26.93 8.11 144.8 0.029 125.2 10.06 0.8 0.0 1.9 0.41 0.02 0.0
13301 1658409764 0 7 $GNGGA,132242.000,4423.47207,N,00856.88826,E,1,16,0.7,-13.6,M,44.7,M,,*58
13302 1658409765 0 7 $GNGGA,132244.000,4423.47255,N,00856.88926,E,1,16,0.7,-12.9,M,44.7,M,,*56
13303 1658409766 0 3 2.573 4.978
13304 1658409766 0 1 0.263
13305 1658409766 0 4 2.476 1.436
13306 1658409766 0 5 0.02
13307 1658409766 0 6 0.16
13308 1658409767 0 8 4.997 12.163 11.89
13309 1658409767 0 0 26.88 8.07 148.0 0.029 125.0 10.05 0.9 0.0 1.8 0.41 0.02 0.0
13310 1658409767 0 7 $GNGGA,132245.000,4423.47239,N,00856.88958,E,1,16,0.7,-13.0,M,44.7,M,,*5C
13311 1658409768 0 7 $GNGGA,132247.000,4423.47197,N,00856.89050,E,1,16,0.7,-13.4,M,44.7,M,,*5D
13312 1658409769 0 3 2.573 4.978
13313 1658409769 0 4 2.476 1.433
13314 1658409769 0 1 0.187
13315 1658409769 0 5 0.02
13316 1658409769 0 6 0.16
13317 1658409770 0 8 4.997 12.182 11.89
13318 1658409770 0 0 26.82 8.01 152.1 0.029 124.8 10.05 0.8 0.0 1.6 0.41 0.02 0.0
13319 1658409770 0 7 $GNGGA,132248.000,4423.47190,N,00856.89084,E,1,16,0.7,-13.2,M,44.7,M,,*5A
13320 1658409771 0 7 $GNGGA,132250.000,4423.47204,N,00856.89176,E,1,16,0.7,-12.8,M,44.7,M,,*5A
13321 1658409772 0 3 2.573 4.977
13322 1658409772 0 1 0.061
13323 1658409772 0 4 2.476 1.421
13324 1658409772 0 5 0.03
13325 1658409773 0 6 0.16
13326 1658409773 0 8 4.997 12.191 11.89
13327 1658409773 0 0 26.78 7.98 153.6 0.028 124.7 10.05 0.7 0.0 1.4 0.41 0.02 0.0
13328 1658409773 0 7 $GNGGA,132251.000,4423.47212,N,00856.89205,E,1,16,0.7,-12.9,M,44.7,M,,*5A
13329 1658409775 0 3 2.574 4.977
13330 1658409775 0 4 2.476 1.418
13331 1658409775 0 1 0.320
13332 1658409775 0 5 0.03
13333 1658409775 0 6 0.16
13334 1658409776 0 8 4.997 12.191 11.89
13335 1658409776 0 0 26.74 7.97 155.4 0.028 124.5 10.04 0.7 0.0 1.4 0.41 0.02 0.0
13336 1658409776 0 7 $GNGGA,132254.000,4423.47247,N,00856.89345,E,1,16,0.7,-12.5,M,44.7,M,,*56
13337 1658409778 0 3 2.573 4.977
13338 1658409778 0 1 0.810
13339 1658409778 0 4 2.476 1.420
13340 1658409778 0 5 0.03
13341 1658409778 0 6 0.18
13342 1658409779 0 8 4.997 12.182 11.91
13343 1658409779 0 0 26.69 7.95 156.9 0.028 124.4 10.04 0.6 0.0 0.9 0.41 0.02 0.0
13344 1658409779 0 7 $GNGGA,132257.000,4423.47137,N,00856.89453,E,1,16,0.7,-13.3,M,44.7,M,,*56
13345 1658409780 0 7 $GNGGA,132259.000,4423.47069,N,00856.89546,E,1,16,0.7,-13.5,M,44.7,M,,*51
14388 1658410156 0 3 2.580 4.978
14391 1658410156 0 5 0.02
14392 1658410156 0 6 0.12
14396 1658410159 0 3 2.583 4.978
14402 1658410160 0 0 29.05 8.20 137.8 67.23 126.4 7.60 16.1 0.0 336.8 0.85 45.63 1.3
14403 1658410160 0 7 $GNGGA,132918.000,4423.54544,N,00856.54869,E,1,16,0.7,1.4,M,44.7,M,,*48
14404 1658410162 0 3 2.584 4.978
14412 1658410163 0 7 $GNGGA,132922.000,4423.54529,N,00856.54824,E,1,16,0.7,1.5,M,44.7,M,,*42
14415 1658410165 0 4 2.538 1.513
14416 1658410165 0 5 0.03
14417 1658410166 0 6 0.12
14422 1658410168 0 3 2.580 4.978
14423 1658410168 0 4 2.548 1.523
14431 1658410171 0 3 2.692 4.978
14432 1658410171 0 1 0.500
14439 1658410173 0 7 $GNGGA,132931.000,4423.54500,N,00856.54732,E,1,16,0.7,1.6,M,44.7,M,,*40
14440 1658410174 0 3 2.778 4.978
14444 1658410174 0 6 0.13
14447 1658410175 0 7 $GNGGA,132933.000,4423.54495,N,00856.54716,E,1,16,0.7,1.6,M,44.7,M,,*49
14449 1658410177 0 3 2.789 4.978
14450 1658410177 0 1 1.054
14457 1658410178 0 7 $GNGGA,132937.000,4423.54486,N,00856.54675,E,1,16,0.7,1.6,M,44.7,M,,*4B
14458 1658410180 0 3 2.788 4.978
14460 1658410180 0 4 2.582 1.491
14461 1658410180 0 5 0.03
14467 1658410183 0 7 $GNGGA,132942.000,4423.54479,N,00856.54636,E,1,16,0.7,1.6,M,44.7,M,,*4E
14468 1658410183 0 3 2.791 4.978
14469 1658410183 0 4 2.583 1.513
14470 1658410183 0 1 0.446
14471 1658410183 0 5 0.03
14472 1658410184 0 6 0.13
14473 1658410184 0 8 4.997 12.069 11.89
14474 1658410184 0 0 28.53 8.20 137.0 67.82 126.4 7.65 16.4 0.0 375.5 5.91 46.12 1.3
14475 1658410185 0 7 $GNGGA,132943.000,4423.54476,N,00856.54629,E,1,16,0.7,1.6,M,44.7,M,,*4E
14476 1658410186 0 3 2.793 4.978
14477 1658410186 0 1 0.460
14478 1658410186 0 4 2.584 1.536
14479 1658410186 0 5 0.03
14480 1658410186 0 6 0.13
14481 1658410187 0 8 4.997 12.088 11.91
14482 1658410187 0 0 28.52 8.20 136.9 67.85 126.4 7.65 16.5 0.0 377.6 6.92 46.14 1.3
14483 1658410187 0 7 $GNGGA,132945.000,4423.54440,N,00856.54569,E,1,16,0.7,2.3,M,44.7,M,,*4C
14484 1658410189 0 3 2.797 4.978
14485 1658410189 0 4 2.584 1.546
14486 1658410189 0 1 0.578
14487 1658410189 0 5 0.03
14488 1658410189 0 6 0.13
14489 1658410190 0 8 4.997 12.276 11.89
14490 1658410190 0 0 28.43 8.20 136.8 67.97 126.3 7.65 16.5 0.0 383.2 7.93 46.24 1.3
14491 1658410190 0 7 $GNGGA,132948.000,4423.54438,N,00856.54513,E,1,16,0.7,2.2,M,44.7,M,,*42
14492 1658410190 0 7 $GNGGA,132949.000,4423.54436,N,00856.54496,E,1,16,0.7,2.1,M,44.7,M,,*42
14493 1658410192 0 7 $GNGGA,132951.000,4423.54428,N,00856.54468,E,1,16,0.7,2.1,M,44.7,M,,*45
14494 1658410192 0 3 2.796 4.978
14495 1658410192 0 1 0.746
14496 1658410192 0 4 2.584 1.549
14497 1658410192 0 5 0.03
14498 1658410193 0 6 0.12
14499 1658410193 0 8 4.997 12.069 11.89
14500 1658410193 0 0 27.45 8.21 136.9 68.05 126.2 7.76 17.0 0.0 436.0 8.86 46.34 1.3
14501 1658410194 0 7 $GNGGA,132952.000,4423.54423,N,00856.54458,E,1,16,0.7,2.1,M,44.7,M,,*4E
14502 1658410195 0 3 2.800 4.978
14503 1658410195 0 4 2.584 1.546
14504 1658410195 0 1 0.713
14505 1658410195 0 5 0.03
14506 1658410195 0 6 0.13
14507 1658410196 0 8 4.997 12.257 11.91
14508 1658410196 0 0 26.62 8.21 137.0 67.43 125.9 7.86 17.1 0.0 444.2 9.09 45.88 1.2
14509 1658410196 0 7 $GNGGA,132954.000,4423.54418,N,00856.54438,E,1,16,0.7,2.1,M,44.7,M,,*46
14510 1658410196 0 7 $GNGGA,132955.000,4423.54415,N,00856.54424,E,1,16,0.7,2.1,M,44.7,M,,*47
14511 1658410198 0 7 $GNGGA,132957.000,4423.54410,N,00856.54400,E,1,16,0.7,2.1,M,44.7,M,,*46
14512 1658410198 0 3 2.804 4.978
14513 1658410198 0 1 0.787
14514 1658410198 0 4 2.584 1.544
14515 1658410198 0 5 0.02
14516 1658410199 0 6 0.13
14517 1658410199 0 8 4.997 12.257 11.87
14518 1658410199 0 0 26.59 8.21 136.7 67.46 125.7 7.85 17.2 0.0 428.7 9.11 45.90 1.2
14519 1658410200 0 7 $GNGGA,132958.000,4423.54404,N,00856.54388,E,1,16,0.7,2.1,M,44.7,M,,*4B
14520 1658410200 0 7 $GNGGA,132959.000,4423.54402,N,00856.54368,E,1,16,0.7,2.2,M,44.7,M,,*41
14521 1658410201 0 7 $GNGGA,133000.000,4423.54401,N,00856.54356,E,1,16,0.7,2.2,M,44.7,M,,*4B
14522 1658410201 0 3 2.807 4.978
14523 1658410201 0 4 2.584 1.539
14524 1658410201 0 1 0.816
14525 1658410201 0 5 0.03
14526 1658410201 0 6 0.13
14527 1658410202 0 8 4.997 12.032 11.89
14528 1658410202 0 0 26.66 8.22 136.0 67.41 125.5 7.84 17.8 0.0 431.7 9.09 45.86 1.3
14529 1658410202 0 7 $GNGGA,133001.000,4423.54397,N,00856.54345,E,1,16,0.7,2.2,M,44.7,M,,*40
14530 1658410203 0 7 $GNGGA,133002.000,4423.54395,N,00856.54336,E,1,16,0.7,2.2,M,44.7,M,,*45
14531 1658410204 0 3 2.805 4.978
14532 1658410204 0 1 1.417
14533 1658410204 0 4 2.584 1.538
14534 1658410204 0 5 0.02
14535 1658410204 0 6 0.12
14536 1658410205 0 8 4.997 12.257 11.89
14537 1658410205 0 0 26.64 8.22 136.2 67.62 125.5 7.83 17.5 0.0 421.7 9.11 46.03 1.3
14538 1658410205 0 7 $GNGGA,133003.000,4423.54392,N,00856.54323,E,1,16,0.7,2.2,M,44.7,M,,*47
14539 1658410205 0 7 $GNGGA,133004.000,4423.54391,N,00856.54313,E,1,16,0.7,2.2,M,44.7,M,,*40
14540 1658410206 0 7 $GNGGA,133006.000,4423.54385,N,00856.54295,E,1,16,0.7,2.3,M,44.7,M,,*49
14541 1658410207 0 3 2.808 4.978
14542 1658410207 0 1 0.781
14543 1658410207 0 4 2.584 1.561
14544 1658410207 0 5 0.02
14545 1658410207 0 6 0.12
14546 1658410208 0 8 4.997 12.248 11.89
14547 1658410208 0 0 26.68 8.22 136.0 67.53 125.4 7.82 17.6 0.0 419.7 9.10 45.95 1.3
14548 1658410208 0 7 $GNGGA,133007.000,4423.54383,N,00856.54281,E,1,16,0.7,2.3,M,44.7,M,,*4B
14549 1658410209 0 7 $GNGGA,133008.000,4423.54381,N,00856.54271,E,1,16,0.7,2.3,M,44.7,M,,*49
14550 1658410209 0 7 $GNGGA,133009.000,4423.54380,N,00856.54263,E,1,16,0.7,2.3,M,44.7,M,,*4A
14551 1658410210 0 3 2.811 4.978
14552 1658410210 0 4 2.584 1.558
14553 1658410210 0 1 0.708
14554 1658410210 0 5 0.02
14555 1658410211 0 6 0.12
14556 1658410211 0 8 4.997 12.220 11.89
14557 1658410211 0 0 26.63 8.22 136.0 67.54 125.4 7.82 17.6 0.0 422.1 9.10 45.96 1.3
14558 1658410211 0 7 $GNGGA,133010.000,4423.54379,N,00856.54253,E,1,16,0.7,2.3,M,44.7,M,,*47
14559 1658410212 0 7 $GNGGA,133011.000,4423.54376,N,00856.54247,E,1,16,0.7,2.3,M,44.7,M,,*4C
14560 1658410213 0 3 2.814 4.978
14561 1658410213 0 1 0.747
14562 1658410213 0 4 2.584 1.556
14563 1658410213 0 5 0.02
14564 1658410213 0 6 0.12
14565 1658410214 0 8 4.997 12.201 11.91
14566 1658410214 0 0 26.62 8.22 136.0 67.52 125.4 7.83 17.5 0.0 417.1 9.09 45.95 1.3
14567 1658410214 0 7 $GNGGA,133012.000,4423.54375,N,00856.54237,E,1,16,0.7,2.3,M,44.7,M,,*4B
14568 1658410214 0 7 $GNGGA,133013.000,4423.54374,N,00856.54225,E,1,16,0.7,2.3,M,44.7,M,,*48
14569 1658410216 0 3 2.819 4.978
14570 1658410216 0 4 2.584 1.556
14571 1658410216 0 1 0.687
14572 1658410216 0 5 0.02
14573 1658410217 0 6 0.12
14574 1658410217 0 8 4.997 12.182 11.91
14575 1658410217 0 0 26.60 8.22 136.1 67.43 125.5 7.84 17.3 0.0 411.3 9.11 45.88 1.2
14576 1658410217 0 7 $GNGGA,133015.000,4423.54371,N,00856.54206,E,1,16,0.7,2.3,M,44.7,M,,*4A
14577 1658410219 0 3 2.802 4.978
14578 1658410219 0 1 0.763
14579 1658410219 0 4 2.583 1.553
14580 1658410219 0 5 0.02
14581 1658410219 0 6 0.12
14582 1658410220 0 8 4.997 12.201 11.89
14583 1658410220 0 0 26.70 8.21 136.6 67.41 125.5 7.83 16.8 0.0 402.4 9.11 45.86 1.2
14584 1658410220 0 7 $GNGGA,133018.000,4423.54366,N,00856.54174,E,1,16,0.7,2.3,M,44.7,M,,*47
14585 1658410220 0 7 $GNGGA,133019.000,4423.54365,N,00856.54164,E,1,16,0.7,2.3,M,44.7,M,,*44
14586 1658410222 0 7 $GNGGA,133021.000,4423.54364,N,00856.54147,E,1,16,0.7,2.3,M,44.7,M,,*4F
14587 1658410222 0 3 2.805 4.978
14588 1658410222 0 4 2.583 1.551
14589 1658410222 0 1 0.758
14590 1658410222 0 5 0.02
14591 1658410222 0 6 0.12
14592 1658410223 0 8 4.997 12.163 11.87
14593 1658410223 0 0 26.66 8.21 136.6 67.34 125.7 7.85 16.6 0.0 395.2 9.09 45.81 1.2
14594 1658410223 0 7 $GNGGA,133022.000,4423.54364,N,00856.54138,E,1,16,0.7,2.3,M,44.7,M,,*44
14595 1658410224 0 7 $GNGGA,133023.000,4423.54362,N,00856.54129,E,1,16,0.7,2.4,M,44.7,M,,*44
14596 1658410224 0 7 $GNGGA,133024.000,4423.54361,N,00856.54121,E,1,16,0.7,2.4,M,44.7,M,,*48
14597 1658410225 0 3 2.793 4.978
14598 1658410225 0 1 0.928
14599 1658410225 0 4 2.584 1.551
14600 1658410225 0 5 0.02
14601 1658410225 0 6 0.12
14602 1658410226 0 8 4.997 12.191 11.89
14603 1658410226 0 0 26.35 8.21 136.6 67.44 125.7 7.88 16.7 0.0 411.3 9.10 45.89 1.2
14604 1658410226 0 7 $GNGGA,133025.000,4423.54359,N,00856.54113,E,1,16,0.7,2.4,M,44.7,M,,*43
14605 1658410227 0 7 $GNGGA,133027.000,4423.54355,N,00856.54093,E,1,16,0.7,2.4,M,44.7,M,,*44
14606 1658410228 0 3 2.795 4.978
14607 1658410228 0 4 2.584 1.549
14608 1658410228 0 1 0.902
14609 1658410228 0 5 0.02
14610 1658410228 0 6 0.12
14611 1658410229 0 8 4.997 12.191 11.91
14612 1658410229 0 0 26.31 8.22 136.5 67.48 125.7 7.89 16.6 0.0 401.2 8.91 45.92 1.2
14613 1658410229 0 7 $GNGGA,133028.000,4423.54354,N,00856.54084,E,1,16,0.7,2.4,M,44.7,M,,*4C
14614 1658410230 0 7 $GNGGA,133029.000,4423.54353,N,00856.54075,E,1,16,0.7,2.4,M,44.7,M,,*44
14615 1658410230 0 7 $GNGGA,133030.000,4423.54352,N,00856.54067,E,1,16,0.7,2.4,M,44.7,M,,*4E
14616 1658410231 0 3 2.797 4.978
14617 1658410231 0 1 1.531
14618 1658410231 0 4 2.583 1.549
14619 1658410231 0 5 0.02
14620 1658410231 0 6 0.12
14621 1658410232 0 8 4.997 12.248 11.91
14622 1658410232 0 0 26.29 8.22 136.5 67.44 125.9 7.90 16.6 0.0 395.5 8.69 45.90 1.2
14623 1658410232 0 7 $GNGGA,133031.000,4423.54351,N,00856.54061,E,1,16,0.7,2.5,M,44.7,M,,*4B
14624 1658410233 0 7 $GNGGA,133032.000,4423.54349,N,00856.54054,E,1,16,0.7,2.5,M,44.7,M,,*47
14625 1658410234 0 7 $GNGGA,133033.000,4423.54345,N,00856.54049,E,1,16,0.7,2.5,M,44.7,M,,*46
14626 1658410234 0 3 2.795 4.978
14627 1658410234 0 1 0.812
14628 1658410234 0 4 2.583 1.544
14629 1658410234 0 5 0.02
14630 1658410235 0 6 0.12
14631 1658410235 0 8 4.997 12.248 11.89
14632 1658410235 0 0 26.73 8.21 136.4 67.28 126.1 7.86 16.3 0.0 377.4 8.26 45.76 1.2
14633 1658410235 0 7 $GNGGA,133034.000,4423.54345,N,00856.54042,E,1,16,0.7,2.5,M,44.7,M,,*4A
14634 1658410236 0 7 $GNGGA,133035.000,4423.54344,N,00856.54035,E,1,16,0.7,2.5,M,44.7,M,,*4A
14635 1658410236 0 7 $GNGGA,133036.000,4423.54341,N,00856.54028,E,1,16,0.7,2.4,M,44.7,M,,*41
14636 1658410237 0 3 2.794 4.978
14637 1658410237 0 4 2.583 1.544
14638 1658410237 0 1 0.674
14639 1658410237 0 5 0.02
14640 1658410237 0 6 0.12
14641 1658410238 0 8 4.997 12.238 11.89
14642 1658410238 0 0 27.71 8.21 136.1 66.95 126.3 7.77 15.9 0.0 331.9 7.55 45.47 1.2
14643 1658410238 0 2 0.06510000 5.09649991 1.63849997 0.03920000 2.72009992 0.00470000 0.07200000 0.28830001 1.00000000 84.72799682
14644 1658410238 0 7 $GNGGA,133037.000,4423.54339,N,00856.54020,E,1,16,0.7,2.4,M,44.7,M,,*47
14645 1658410239 0 7 $GNGGA,133038.000,4423.54337,N,00856.54014,E,1,16,0.7,2.4,M,44.7,M,,*41
14646 1658410239 0 7 $GNGGA,133039.000,4423.54336,N,00856.54008,E,1,16,0.7,2.4,M,44.7,M,,*4C
14647 1658410240 0 3 2.793 4.978
14648 1658410240 0 1 0.523
14649 1658410240 0 4 2.583 1.544
14650 1658410240 0 5 0.02
14651 1658410241 0 6 0.12
14652 1658410241 0 8 4.997 12.229 11.89
14653 1658410241 0 0 28.29 8.20 135.9 67.37 126.9 7.72 15.7 0.0 316.7 6.63 45.77 1.2
14654 1658410241 0 7 $GNGGA,133040.000,4423.54335,N,00856.53999,E,1,16,0.7,2.5,M,44.7,M,,*46
14655 1658410242 0 7 $GNGGA,133041.000,4423.54333,N,00856.53991,E,1,16,0.7,2.5,M,44.7,M,,*49
14656 1658410242 0 7 $GNGGA,133042.000,4423.54331,N,00856.53985,E,1,16,0.7,2.5,M,44.7,M,,*4D
14657 1658410243 0 3 2.793 4.978
14658 1658410243 0 4 2.583 1.544
14659 1658410243 0 1 0.511
14660 1658410243 0 5 0.02
14661 1658410244 0 6 0.11
14662 1658410244 0 8 4.997 12.229 11.91
14663 1658410244 0 0 28.46 8.20 135.8 67.72 127.7 7.74 15.8 0.0 319.2 5.69 46.04 1.2
14664 1658410244 0 7 $GNGGA,133043.000,4423.54329,N,00856.53977,E,1,16,0.7,2.5,M,44.7,M,,*48
14665 1658410245 0 7 $GNGGA,133044.000,4423.54327,N,00856.53969,E,1,16,0.7,2.5,M,44.7,M,,*4E
14666 1658410245 0 7 $GNGGA,133045.000,4423.54324,N,00856.53961,E,1,16,0.7,2.5,M,44.7,M,,*44
14667 1658410246 0 3 2.792 4.978
14668 1658410246 0 1 0.396
14669 1658410246 0 4 2.581 1.541
14670 1658410246 0 5 0.02
14671 1658410247 0 6 0.11
14672 1658410247 0 8 4.997 12.220 11.91
14673 1658410247 0 0 28.50 8.20 135.8 67.62 128.5 7.78 15.9 0.0 318.1 4.80 45.96 1.3
14674 1658410247 0 7 $GNGGA,133046.000,4423.54323,N,00856.53955,E,1,16,0.7,2.5,M,44.7,M,,*47
14675 1658410248 0 7 $GNGGA,133048.000,4423.54320,N,00856.53943,E,1,16,0.7,2.5,M,44.7,M,,*4D
14676 1658410249 0 3 2.789 4.978
14677 1658410249 0 4 2.581 1.536
14678 1658410249 0 1 0.488
14679 1658410249 0 5 0.02
14680 1658410250 0 6 0.11
14681 1658410250 0 8 4.997 12.220 11.91
14682 1658410250 0 0 28.53 8.20 135.6 67.73 129.4 7.83 15.9 0.0 315.6 3.94 46.04 1.3
14683 1658410250 0 7 $GNGGA,133049.000,4423.54320,N,00856.53938,E,1,16,0.7,2.5,M,44.7,M,,*40
14684 1658410251 0 7 $GNGGA,133050.000,4423.54320,N,00856.53935,E,1,16,0.7,2.6,M,44.7,M,,*46
14685 1658410252 0 7 $GNGGA,133051.000,4423.54319,N,00856.53932,E,1,16,0.7,2.6,M,44.7,M,,*4A
14686 1658410252 0 4 2.578 1.533
14687 1658410252 0 5 0.02
14688 1658410252 0 6 0.11
14689 1658410253 0 8 4.997 12.229 11.89
14690 1658410253 0 0 28.57 8.20 135.6 67.72 130.0 7.87 15.9 0.0 312.4 3.01 46.03 1.3
14691 1658410253 0 7 $GNGGA,133052.000,4423.54318,N,00856.53928,E,1,16,0.7,2.6,M,44.7,M,,*43
14692 1658410254 0 7 $GNGGA,133053.000,4423.54316,N,00856.53925,E,1,16,0.7,2.6,M,44.7,M,,*41
14693 1658410254 0 7 $GNGGA,133054.000,4423.54312,N,00856.53922,E,1,16,0.7,2.6,M,44.7,M,,*45
14694 1658410255 0 3 2.758 4.978
14695 1658410255 0 4 2.575 1.533
14696 1658410255 0 1 0.458
14697 1658410255 0 5 0.02
14698 1658410255 0 6 0.11
14699 1658410256 0 8 4.997 12.220 11.89
14700 1658410256 0 0 28.60 8.20 135.4 67.77 130.7 7.90 16.0 0.0 306.7 1.94 46.07 1.3
14701 1658410256 0 7 $GNGGA,133055.000,4423.54311,N,00856.53917,E,1,16,0.7,2.6,M,44.7,M,,*41
14702 1658410258 0 7 $GNGGA,133057.000,4423.54307,N,00856.53908,E,1,16,0.7,2.6,M,44.7,M,,*4A
14703 1658410258 0 3 2.642 4.978
14704 1658410258 0 1 1.285
14705 1658410258 0 4 2.569 1.533
14706 1658410259 0 5 0.02
14707 1658410259 0 6 0.11
14708 1658410259 0 8 4.997 12.229 11.91
14709 1658410259 0 0 28.88 8.20 135.3 67.52 130.9 7.88 15.8 0.0 285.0 1.37 45.87 1.3
14710 1658410259 0 7 $GNGGA,133058.000,4423.54305,N,00856.53902,E,1,16,0.7,2.5,M,44.7,M,,*4E
14711 1658410260 0 7 $GNGGA,133059.000,4423.54306,N,00856.53898,E,1,16,0.7,2.6,M,44.7,M,,*4D
14712 1658410261 0 3 2.638 4.978
14713 1658410261 0 1 0.735
14714 1658410261 0 4 2.570 1.531
14715 1658410261 0 5 0.02
14716 1658410261 0 6 0.11
14717 1658410262 0 8 4.997 12.229 11.91
14718 1658410262 0 0 29.25 8.19 134.9 66.93 131.2 7.88 15.6 0.0 285.1 1.25 45.40 1.3
14719 1658410262 0 7 $GNGGA,133100.000,4423.54306,N,00856.53893,E,1,16,0.7,2.6,M,44.7,M,,*4B
14720 1658410262 0 7 $GNGGA,133101.000,4423.54304,N,00856.53887,E,1,16,0.7,2.6,M,44.7,M,,*4D
14721 1658410264 0 7 $GNGGA,133103.000,4423.54301,N,00856.53876,E,1,16,0.7,2.6,M,44.7,M,,*44
14722 1658410264 0 3 2.644 4.978
14723 1658410264 0 4 2.571 1.533
14724 1658410264 0 1 0.731
14725 1658410264 0 5 0.02
14726 1658410265 0 6 0.12
14727 1658410265 0 8 4.997 12.220 11.89
14728 1658410265 0 0 29.33 8.19 134.7 66.78 131.4 7.88 15.7 0.0 284.9 1.26 45.28 1.3
14729 1658410265 0 7 $GNGGA,133104.000,4423.54299,N,00856.53869,E,1,16,0.7,2.6,M,44.7,M,,*4D
14730 1658410266 0 7 $GNGGA,133105.000,4423.54297,N,00856.53863,E,1,16,0.7,2.6,M,44.7,M,,*48
14731 1658410266 0 7 $GNGGA,133106.000,4423.54295,N,00856.53857,E,1,16,0.7,2.6,M,44.7,M,,*4E
14732 1658410267 0 3 2.653 4.978
14733 1658410267 0 1 0.646
14734 1658410267 0 4 2.571 1.531
14735 1658410267 0 5 0.02
14736 1658410268 0 6 0.11
14737 1658410268 0 8 4.997 12.220 11.89
14738 1658410268 0 0 29.32 8.19 134.6 66.78 131.5 7.89 15.7 0.0 288.2 1.33 45.28 1.3
14739 1658410268 0 7 $GNGGA,133107.000,4423.54293,N,00856.53850,E,1,16,0.7,2.6,M,44.7,M,,*4E
14740 1658410269 0 7 $GNGGA,133108.000,4423.54290,N,00856.53844,E,1,16,0.7,2.6,M,44.7,M,,*47
14741 1658410269 0 7 $GNGGA,133109.000,4423.54288,N,00856.53839,E,1,16,0.7,2.6,M,44.7,M,,*45
14742 1658410270 0 3 2.646 4.978
14743 1658410270 0 4 2.571 1.528
14744 1658410270 0 1 0.602
14745 1658410271 0 5 0.02
14746 1658410271 0 6 0.12
14747 1658410271 0 8 4.997 12.210 11.89
14748 1658410271 0 0 29.25 8.19 134.5 66.93 131.4 7.89 15.8 0.0 293.8 1.26 45.40 1.3
14749 1658410271 0 7 $GNGGA,133110.000,4423.54286,N,00856.53835,E,1,16,0.7,2.6,M,44.7,M,,*4F
14750 1658410272 0 7 $GNGGA,133111.000,4423.54284,N,00856.53831,E,1,16,0.7,2.6,M,44.7,M,,*48
14751 1658410273 0 7 $GNGGA,133112.000,4423.54282,N,00856.53828,E,1,16,0.7,2.6,M,44.7,M,,*45
14752 1658410273 0 3 2.639 4.978
14753 1658410273 0 1 0.501
14754 1658410273 0 4 2.571 1.523
14755 1658410273 0 5 0.02
14756 1658410273 0 6 0.12
14757 1658410274 0 8 4.997 12.220 11.89
14758 1658410274 0 0 29.20 8.19 134.3 67.00 131.2 7.88 15.9 0.0 292.5 1.15 45.45 1.3
14759 1658410274 0 7 $GNGGA,133113.000,4423.54280,N,00856.53824,E,1,16,0.7,2.5,M,44.7,M,,*49
14760 1658410275 0 7 $GNGGA,133114.000,4423.54278,N,00856.53820,E,1,16,0.7,2.5,M,44.7,M,,*4D
