/home/danielacabiddu/Devel/src/MATRAC/test/tuttomatrac/data/porto_grid.mesh
30475 1658400018 0 3 2.794 4.979
30476 1658400018 0 4 2.695 1.604
30477 1658400018 0 5 0.46
30478 1658400018 0 6 0.09
30479 1658400018 0 8 4.994 9.596 9.07
30480 1658400018 0 1 3.350
30481 1658400019 0 0 26.56 8.22 113.5 67.52 136.8 8.55 14.7 0.0 251.9 2.96 45.95 1.1
30482 1658400019 0 7 $GNGGA,104017.000,4424.73143,N,00854.81384,E,1,11,0.9,12.5,M,44.7,M,,*72
30483 1658400021 0 3 2.794 4.979
30484 1658400021 0 4 2.695 1.604
30485 1658400021 0 5 0.46
30486 1658400021 0 6 0.09
30487 1658400021 0 8 4.994 9.615 9.07
30488 1658400022 0 7 $GNGGA,104020.000,4424.73145,N,00854.81401,E,1,11,0.9,12.5,M,44.7,M,,*7A
30489 1658400022 0 7 $GNGGA,104022.000,4424.73147,N,00854.81411,E,1,11,0.9,12.4,M,44.7,M,,*7A
30490 1658400023 0 0 26.59 8.22 113.5 67.49 136.9 8.55 14.7 0.0 250.8 2.72 45.92 1.1
30491 1658400023 0 1 3.929
30492 1658400024 0 3 2.792 4.979
30493 1658400024 0 4 2.694 1.604
30494 1658400024 0 5 0.46
30495 1658400024 0 6 0.09
30496 1658400024 0 8 4.994 9.605 9.09
30497 1658400025 0 1 3.018
30498 1658400025 0 0 26.66 8.22 113.4 67.52 137.2 8.56 14.7 0.0 251.9 2.37 45.94 1.1
30499 1658400025 0 7 $GNGGA,104023.000,4424.73147,N,00854.81416,E,1,11,0.9,12.4,M,44.7,M,,*7C
30500 1658400027 0 3 2.785 4.979
30501 1658400027 0 4 2.692 1.604
30502 1658400027 0 5 0.46
30503 1658400027 0 6 0.09
30504 1658400027 0 8 4.994 9.577 9.04
30505 1658400027 0 1 2.826
30506 1658400028 0 7 $GNGGA,104026.000,4424.73151,N,00854.81432,E,1,11,0.9,12.4,M,44.7,M,,*78
30507 1658400028 0 0 26.68 8.22 113.4 67.52 137.4 8.57 14.7 0.0 252.4 2.04 45.94 1.1
30508 1658400028 0 7 $GNGGA,104028.000,4424.73149,N,00854.81439,E,1,11,0.9,12.4,M,44.7,M,,*74
30510 1658400030 0 4 2.688 1.604
30511 1658400030 0 5 0.47
30514 1658400031 0 1 2.577
30515 1658400031 0 0 26.68 8.22 113.3 67.56 137.7 8.59 14.7 0.0 253.8 1.66 45.97 1.1
30516 1658400031 0 7 $GNGGA,104029.000,4424.73148,N,00854.81444,E,1,11,0.9,12.4,M,44.7,M,,*7E
30517 1658400033 0 3 2.648 4.979
30525 1658400034 0 7 $GNGGA,104034.000,4424.73148,N,00854.81471,E,1,11,0.9,12.3,M,44.7,M,,*73
30526 1658400036 0 3 2.622 4.979
30527 1658400036 0 4 2.578 1.496
30531 1658400036 0 1 2.246
30532 1658400037 0 0 26.69 8.22 113.1 67.62 138.6 8.64 14.8 0.0 256.5 0.73 46.02 1.1
30534 1658400039 0 3 2.586 4.979
30535 1658400039 0 4 2.555 1.469
30536 1658400039 0 5 0.47
30537 1658400039 0 6 0.09
30542 1658400042 0 3 2.587 4.979
30545 1658400042 0 6 0.09
30546 1658400042 0 8 4.994 9.568 9.04
30550 1658400045 0 3 2.586 4.979
30551 1658400045 0 4 2.555 1.506
30555 1658400045 0 1 1.937
30556 1658400046 0 0 26.73 8.22 113.0 67.62 140.0 8.72 14.8 0.0 261.1 0.58 46.02 1.1
30558 1658400046 0 7 $GNGGA,104046.000,4424.73144,N,00854.81567,E,1,11,0.9,12.5,M,44.7,M,,*7A
30559 1658400048 0 3 2.587 4.979
30560 1658400048 0 4 2.557 1.504
30561 1658400048 0 5 0.48
30562 1658400048 0 6 0.09
30565 1658400049 0 7 $GNGGA,104047.000,4424.73145,N,00854.81577,E,1,11,0.9,12.4,M,44.7,M,,*7A
30566 1658400049 0 0 26.76 8.22 112.9 67.49 140.3 8.74 14.8 0.0 262.9 0.60 45.92 1.1
30567 1658400051 0 3 2.593 4.979
30570 1658400051 0 6 0.09
30571 1658400051 0 8 4.994 9.539 9.04
30573 1658400052 0 7 $GNGGA,104052.000,4424.73139,N,00854.81652,E,1,11,0.9,12.3,M,44.7,M,,*76
30574 1658400053 0 0 26.77 8.22 112.7 67.61 140.5 8.75 14.8 0.0 264.8 0.87 46.01 1.1
30575 1658400053 0 1 2.348
30576 1658400053 0 1 01
30577 1658400054 0 3 2.600 4.979
30580 1658400055 0 6 0.09
30581 1658400055 0 8 4.994 9.521 9.07
30583 1658400055 0 0 26.81 8.22 112.7 67.40 140.6 8.75 14.8 0.0 266.9 0.88 45.85 1.1
30584 1658400055 0 7 $GNGGA,104053.000,4424.73138,N,00854.81668,E,1,11,0.9,12.3,M,44.7,M,,*7F
30585 1658400057 0 3 2.600 4.979
30586 1658400057 0 4 2.587 1.502
30587 1658400057 0 5 0.48
30589 1658400057 0 8 4.994 9.530 9.04
30591 1658400058 0 0 26.83 8.22 112.7 67.64 140.7 8.75 14.9 0.0 268.3 0.87 46.03 1.1
30592 1658400058 0 7 $GNGGA,104056.000,4424.73143,N,00854.81716,E,1,11,0.9,12.2,M,44.7,M,,*7F
30593 1658400060 0 3 2.601 4.979
30594 1658400060 0 4 2.587 1.499
30595 1658400060 0 5 0.49
30596 1658400060 0 6 0.09
30597 1658400060 0 8 4.994 9.539 9.04
30598 1658400060 0 1 2.276
30599 1658400061 0 7 $GNGGA,104059.000,4424.73146,N,00854.81757,E,1,11,0.9,12.2,M,44.7,M,,*70
30600 1658400061 0 0 26.82 8.22 112.7 67.56 140.7 8.75 14.9 0.0 271.3 0.85 45.97 1.1
30601 1658400063 0 3 2.600 4.979
30602 1658400063 0 4 2.584 1.502
30603 1658400063 0 5 0.49
30604 1658400063 0 6 0.09
30607 1658400064 0 0 26.81 8.22 112.6 67.60 140.7 8.76 14.9 0.0 273.9 0.85 46.00 1.1
30610 1658400066 0 4 2.584 1.501
30611 1658400066 0 5 0.49
30613 1658400066 0 8 4.994 9.539 9.04
30614 1658400066 0 1 2.163
30617 1658400069 0 3 2.601 4.979
30618 1658400069 0 4 2.585 1.502
30622 1658400069 0 1 2.481
30623 1658400070 0 0 26.83 8.22 112.6 67.57 140.5 8.74 14.9 0.0 277.7 0.85 45.98 1.1
30624 1658400070 0 7 $GNGGA,104108.000,4424.73178,N,00854.81897,E,1,11,0.9,12.1,M,44.7,M,,*78
30625 1658400072 0 3 2.601 4.979
30627 1658400072 0 5 0.50
30628 1658400072 0 6 0.10
30632 1658400073 0 7 $GNGGA,104111.000,4424.73196,N,00854.81949,E,1,11,0.9,12.1,M,44.7,M,,*72
30633 1658400073 0 7 $GNGGA,104113.000,4424.73207,N,00854.81979,E,1,11,0.9,12.1,M,44.7,M,,*78
30634 1658400075 0 3 2.601 4.979
30638 1658400075 0 8 4.994 9.539 9.04
30639 1658400075 0 1 2.298
30641 1658400076 0 7 $GNGGA,104114.000,4424.73213,N,00854.81991,E,1,11,0.9,12.1,M,44.7,M,,*7C
30642 1658400078 0 3 2.601 4.979
30644 1658400078 0 5 0.50
30647 1658400079 0 1 2.509
30648 1658400079 0 0 26.82 8.22 112.7 67.56 140.3 8.73 14.9 0.0 284.7 0.84 45.97 1.1
30649 1658400079 0 7 $GNGGA,104117.000,4424.73226,N,00854.82027,E,1,11,0.9,12.0,M,44.7,M,,*7F
30650 1658400081 0 3 2.601 4.979
30656 1658400082 0 7 $GNGGA,104122.000,4424.73235,N,00854.82075,E,1,11,0.9,12.0,M,44.7,M,,*7C
30657 1658400083 0 0 26.82 8.22 112.7 67.47 140.4 8.74 14.9 0.0 285.9 0.82 45.90 1.1
30658 1658400083 0 1 2.615
30659 1658400083 0 1 01
30662 1658400084 0 5 0.50
30663 1658400084 0 6 0.10
30664 1658400084 0 8 4.994 9.539 9.07
30667 1658400085 0 7 $GNGGA,104123.000,4424.73236,N,00854.82086,E,1,11,0.9,11.9,M,44.7,M,,*78
30668 1658400087 0 3 2.600 4.979
30669 1658400087 0 4 2.584 1.516
30670 1658400087 0 5 0.50
30674 1658400088 0 0 26.82 8.22 112.7 67.56 140.3 8.73 15.0 0.0 289.6 0.87 45.97 1.1
30675 1658400088 0 7 $GNGGA,104126.000,4424.73238,N,00854.82116,E,1,11,0.9,11.9,M,44.7,M,,*7B
30676 1658400090 0 3 2.601 4.979
30677 1658400090 0 4 2.581 1.511
30678 1658400090 0 5 0.51
30679 1658400090 0 6 0.10
30680 1658400090 0 8 4.994 9.539 9.04
30682 1658400091 0 0 26.82 8.22 112.7 67.62 140.3 8.72 15.0 0.0 291.0 0.81 46.02 1.1
30683 1658400091 0 7 $GNGGA,104129.000,4424.73244,N,00854.82152,E,1,11,0.9,11.9,M,44.7,M,,*7F
30684 1658400093 0 3 2.601 4.979
30687 1658400093 0 6 0.10
30689 1658400093 0 1 2.863
30692 1658400096 0 3 2.601 4.979
30696 1658400096 0 8 4.994 9.530 9.04
30697 1658400097 0 1 2.905
30700 1658400099 0 3 2.601 4.979
30701 1658400099 0 4 2.584 1.511
30702 1658400099 0 5 0.51
30703 1658400099 0 6 0.10
30704 1658400099 0 8 4.994 9.530 9.04
30706 1658400100 0 0 26.82 8.22 112.7 67.70 140.2 8.72 15.0 0.0 296.0 0.88 46.08 1.1
30707 1658400100 0 7 $GNGGA,104138.000,4424.73271,N,00854.82250,E,1,11,0.9,11.9,M,44.7,M,,*78
30708 1658400102 0 3 2.601 4.979
30711 1658400102 0 6 0.10
30712 1658400102 0 8 4.994 9.539 9.04
30713 1658400103 0 1 3.578
30716 1658400105 0 3 2.601 4.979
30717 1658400105 0 4 2.585 1.514
30721 1658400105 0 1 2.824
30722 1658400106 0 7 $GNGGA,104144.000,4424.73294,N,00854.82362,E,1,11,0.9,11.9,M,44.7,M,,*78
30723 1658400106 0 0 26.82 8.22 112.7 67.68 140.2 8.72 15.0 0.0 299.1 0.86 46.06 1.1
30730 1658400109 0 0 26.82 8.22 112.7 67.69 140.1 8.71 15.0 0.0 300.7 0.88 46.07 1.1
30731 1658400109 0 7 $GNGGA,104147.000,4424.73325,N,00854.82432,E,1,11,0.9,11.6,M,44.7,M,,*7D
30732 1658400111 0 3 2.601 4.979
30735 1658400111 0 6 0.10
30736 1658400111 0 8 4.994 9.539 9.04
30737 1658400112 0 7 $GNGGA,104150.000,4424.73328,N,00854.82486,E,1,11,0.9,11.6,M,44.7,M,,*79
30738 1658400112 0 7 $GNGGA,104152.000,4424.73335,N,00854.82513,E,1,11,0.9,11.5,M,44.7,M,,*79
30739 1658400113 0 0 26.81 8.22 112.7 67.64 140.1 8.71 15.0 0.0 301.8 0.87 46.03 1.1
30740 1658400113 0 1 2.383
30741 1658400113 0 1 01
30742 1658400114 0 3 2.601 4.979
30745 1658400114 0 6 0.10
30746 1658400114 0 8 4.994 9.530 9.07
30747 1658400115 0 1 2.538
30750 1658400117 0 3 2.602 4.979
30751 1658400117 0 4 2.585 1.516
30752 1658400117 0 5 0.51
30753 1658400117 0 6 0.10
30754 1658400117 0 8 4.994 9.539 9.04
30756 1658400118 0 0 26.81 8.22 112.6 67.46 140.1 8.72 15.0 0.0 304.3 0.82 45.90 1.1
30757 1658400118 0 7 $GNGGA,104156.000,4424.73323,N,00854.82516,E,1,11,0.9,11.9,M,44.7,M,,*73
30758 1658400120 0 3 2.602 4.979
30761 1658400120 0 6 0.10
30762 1658400120 0 8 4.994 9.530 9.04
30765 1658400121 0 7 $GNGGA,104159.000,4424.73326,N,00854.82542,E,1,11,0.9,11.8,M,44.7,M,,*79
30766 1658400123 0 3 2.602 4.979
30767 1658400123 0 4 2.586 1.509
30768 1658400123 0 5 0.51
30771 1658400123 0 1 2.570
30772 1658400124 0 0 26.81 8.22 112.6 67.57 140.1 8.72 15.0 0.0 307.1 0.85 45.98 1.1
30774 1658400126 0 3 2.601 4.979
30775 1658400126 0 4 2.584 1.511
30776 1658400126 0 5 0.51
30777 1658400126 0 6 0.10
30778 1658400126 0 8 4.994 9.521 9.02
30780 1658400127 0 0 26.82 8.22 112.6 67.65 140.1 8.71 15.0 0.0 307.9 0.84 46.04 1.1
30781 1658400127 0 7 $GNGGA,104205.000,4424.73422,N,00854.82387,E,1,11,0.9,11.1,M,44.7,M,,*76
30782 1658400129 0 3 2.601 4.979
30785 1658400129 0 6 0.10
30786 1658400129 0 8 4.994 9.530 9.04
30789 1658400130 0 7 $GNGGA,104208.000,4424.73444,N,00854.82311,E,1,11,0.9,11.7,M,44.7,M,,*72
30790 1658400132 0 3 2.601 4.979
30791 1658400132 0 4 2.585 1.511
30792 1658400132 0 5 0.51
30795 1658400132 0 1 2.189
30796 1658400133 0 0 26.82 8.22 112.5 67.61 140.1 8.71 15.1 0.0 310.6 0.87 46.01 1.1
30797 1658400133 0 7 $GNGGA,104211.000,4424.73523,N,00854.82250,E,1,11,0.9,11.2,M,44.7,M,,*7B
30798 1658400135 0 3 2.601 4.979
30799 1658400135 0 4 2.585 1.509
30800 1658400135 0 5 0.51
30801 1658400135 0 6 0.10
30802 1658400135 0 8 4.994 9.492 9.04
30805 1658400136 0 7 $GNGGA,104214.000,4424.73687,N,00854.82121,E,1,11,0.9,9.2,M,44.7,M,,*4F
30806 1658400138 0 3 2.601 4.979
30807 1658400138 0 4 2.584 1.509
30808 1658400138 0 5 0.51
30809 1658400138 0 6 0.10
30810 1658400138 0 8 4.994 9.530 9.04
30811 1658400139 0 1 2.087
30812 1658400139 0 0 26.79 8.22 112.4 67.57 140.0 8.72 15.1 0.0 311.9 0.85 45.98 1.1
30813 1658400139 0 7 $GNGGA,104217.000,4424.73732,N,00854.82058,E,1,11,0.9,8.8,M,44.7,M,,*47
30816 1658400141 0 5 0.51
30817 1658400141 0 6 0.10
30818 1658400141 0 8 4.994 9.521 9.04
30819 1658400142 0 7 $GNGGA,104220.000,4424.73685,N,00854.81921,E,1,11,0.9,8.3,M,44.7,M,,*41
30820 1658400142 0 7 $GNGGA,104222.000,4424.73653,N,00854.81819,E,1,11,0.9,8.2,M,44.7,M,,*43
30821 1658400143 0 0 26.78 8.22 112.4 67.68 140.0 8.71 15.1 0.0 312.9 0.86 46.07 1.1
30822 1658400143 0 1 2.082
30823 1658400144 0 3 2.601 4.979
30824 1658400144 0 4 2.584 1.511
30825 1658400144 0 5 0.51
30826 1658400144 0 6 0.10
30827 1658400144 0 8 4.994 9.511 9.04
30828 1658400145 0 1 2.055
30829 1658400145 0 0 26.76 8.22 112.3 67.64 140.1 8.72 15.1 0.0 314.5 0.85 46.04 1.1
30830 1658400145 0 7 $GNGGA,104223.000,4424.73625,N,00854.81772,E,1,11,0.9,8.6,M,44.7,M,,*45
30831 1658400147 0 3 2.600 4.979
30832 1658400147 0 4 2.584 1.509
30833 1658400147 0 5 0.51
30834 1658400147 0 6 0.10
30835 1658400147 0 8 4.994 9.530 9.02
30836 1658400147 0 1 2.197
30837 1658400148 0 0 26.76 8.22 112.2 67.65 140.0 8.71 15.1 0.0 314.9 0.85 46.04 1.1
30838 1658400148 0 7 $GNGGA,104226.000,4424.73592,N,00854.81653,E,1,11,0.9,8.6,M,44.7,M,,*4D
30839 1658400149 0 3 2.600 4.979
30840 1658400150 0 4 2.584 1.509
30841 1658400150 0 5 0.51
30842 1658400150 0 6 0.10
30843 1658400150 0 8 4.994 9.530 9.04
30844 1658400150 0 1 2.332
30845 1658400151 0 7 $GNGGA,104229.000,4424.73552,N,00854.81575,E,1,11,0.9,8.1,M,44.7,M,,*4E
30846 1658400151 0 0 26.77 8.22 112.1 67.65 140.0 8.71 15.1 0.0 316.1 0.86 46.05 1.1
30847 1658400152 0 3 2.600 4.979
30848 1658400153 0 4 2.584 1.511
30849 1658400153 0 5 0.51
30850 1658400153 0 6 0.10
30851 1658400153 0 8 4.994 9.530 9.04
30852 1658400153 0 1 2.174
30853 1658400154 0 0 26.76 8.22 112.1 67.57 139.9 8.71 15.1 0.0 316.6 0.85 45.98 1.1
30854 1658400154 0 7 $GNGGA,104232.000,4424.73530,N,00854.81535,E,1,11,0.9,7.2,M,44.7,M,,*48
30855 1658400155 0 3 2.600 4.979
30856 1658400156 0 4 2.582 1.509
30857 1658400156 0 5 0.52
30858 1658400156 0 6 0.10
30859 1658400156 0 8 4.994 9.521 9.04
30860 1658400156 0 1 3.146
30861 1658400157 0 0 26.73 8.22 112.0 67.62 139.8 8.71 15.1 0.0 320.0 0.83 46.02 1.1
30862 1658400157 0 7 $GNGGA,104235.000,4424.73519,N,00854.81462,E,1,11,0.9,5.8,M,44.7,M,,*4F
30863 1658400158 0 3 2.599 4.979
30864 1658400159 0 4 2.583 1.509
30865 1658400159 0 5 0.51
30866 1658400159 0 6 0.10
30867 1658400159 0 8 4.994 9.521 9.04
30868 1658400159 0 1 2.012
30869 1658400160 0 0 26.68 8.22 111.8 67.53 139.8 8.72 15.1 0.0 320.3 0.84 45.95 1.1
30870 1658400160 0 7 $GNGGA,104238.000,4424.73551,N,00854.81492,E,1,11,0.9,5.7,M,44.7,M,,*4E
30871 1658400161 0 3 2.599 4.979
30872 1658400162 0 4 2.580 1.509
32264 1658400598 0 7 $GNGGA,104957.000,4424.57052,N,00854.84739,E,1,12,0.8,-1.0,M,44.7,M,,*67
32265 1658400598 0 7 $GNGGA,104958.000,4424.57047,N,00854.84726,E,1,12,0.8,-1.0,M,44.7,M,,*62
32266 1658400599 0 7 $GNGGA,104959.000,4424.57048,N,00854.84717,E,1,12,0.8,-1.0,M,44.7,M,,*6E
32267 1658400600 0 3 2.597 4.979
32268 1658400600 0 4 2.588 1.546
32269 1658400600 0 5 0.50
32270 1658400600 0 6 0.10
32271 1658400600 0 8 4.994 9.558 8.96
32272 1658400601 0 1 1.633
32273 1658400601 0 0 26.75 8.22 108.1 67.59 135.0 8.41 15.1 0.0 323.4 0.86 46.00 1.1
32274 1658400601 0 7 $GNGGA,105000.000,4424.57044,N,00854.84701,E,1,12,0.8,-1.0,M,44.7,M,,*61
32275 1658400601 0 7 $GNGGA,105001.000,4424.57040,N,00854.84685,E,1,12,0.8,-1.0,M,44.7,M,,*69
32276 1658400602 0 7 $GNGGA,105002.000,4424.57038,N,00854.84669,E,1,12,0.8,-1.1,M,44.7,M,,*66
32277 1658400603 0 3 2.597 4.979
32278 1658400603 0 4 2.596 1.546
32279 1658400603 0 5 0.50
32285 1658400605 0 7 $GNGGA,105004.000,4424.57036,N,00854.84635,E,1,12,0.8,-1.1,M,44.7,M,,*67
32286 1658400605 0 7 $GNGGA,105005.000,4424.57039,N,00854.84620,E,1,12,0.8,-1.1,M,44.7,M,,*6D
32287 1658400606 0 3 2.657 4.979
32292 1658400607 0 1 1.526
32293 1658400607 0 0 26.73 8.22 108.0 67.65 135.0 8.41 15.0 0.0 323.3 1.56 46.04 1.1
32296 1658400608 0 7 $GNGGA,105008.000,4424.57037,N,00854.84580,E,1,12,0.8,-1.1,M,44.7,M,,*67
32297 1658400609 0 3 2.784 4.979
32304 1658400610 0 7 $GNGGA,105009.000,4424.57037,N,00854.84566,E,1,12,0.8,-1.1,M,44.7,M,,*6E
32305 1658400610 0 7 $GNGGA,105010.000,4424.57039,N,00854.84555,E,1,12,0.8,-1.1,M,44.7,M,,*68
32306 1658400611 0 7 $GNGGA,105011.000,4424.57039,N,00854.84541,E,1,12,0.8,-1.1,M,44.7,M,,*6C
32308 1658400612 0 4 2.711 1.619
32309 1658400612 0 5 0.50
32310 1658400612 0 6 0.10
32311 1658400612 0 8 4.994 9.539 8.98
32316 1658400614 0 7 $GNGGA,105014.000,4424.57033,N,00854.84495,E,1,12,0.8,-1.1,M,44.7,M,,*6B
32317 1658400615 0 3 2.794 4.979
32326 1658400617 0 7 $GNGGA,105017.000,4424.57026,N,00854.84459,E,1,12,0.8,-1.0,M,44.7,M,,*6D
32327 1658400618 0 3 2.798 4.979
32333 1658400619 0 0 26.15 8.22 108.1 67.79 134.9 8.48 15.2 0.0 341.3 4.51 46.17 1.1
32335 1658400619 0 7 $GNGGA,105019.000,4424.57022,N,00854.84444,E,1,12,0.8,-1.0,M,44.7,M,,*6B
32336 1658400620 0 7 $GNGGA,105020.000,4424.57019,N,00854.84431,E,1,12,0.8,-0.9,M,44.7,M,,*63
32337 1658400621 0 3 2.800 4.979
32340 1658400621 0 6 0.10
32341 1658400622 0 8 4.994 9.605 8.96
32344 1658400623 0 0 25.99 8.23 108.2 67.62 134.9 8.50 15.2 0.0 339.9 5.27 46.05 1.1
32345 1658400623 0 1 2.981
32346 1658400623 0 1 3.239
32353 1658400625 0 0 25.63 8.22 108.3 67.74 134.9 8.55 15.3 0.0 353.9 6.01 46.15 1.0
32354 1658400625 0 7 $GNGGA,105023.000,4424.57012,N,00854.84403,E,1,12,0.8,-0.8,M,44.7,M,,*6B
32355 1658400626 0 7 $GNGGA,105026.000,4424.57008,N,00854.84372,E,1,12,0.8,-0.7,M,44.7,M,,*6B
32365 1658400629 0 7 $GNGGA,105029.000,4424.57007,N,00854.84341,E,1,12,0.8,-0.7,M,44.7,M,,*6B
32366 1658400630 0 3 2.805 4.979
32372 1658400631 0 0 25.41 8.22 108.5 67.50 134.8 8.59 15.2 0.0 347.1 7.45 45.97 1.0
32374 1658400631 0 7 $GNGGA,105031.000,4424.57007,N,00854.84324,E,1,12,0.8,-0.6,M,44.7,M,,*60
32375 1658400632 0 7 $GNGGA,105032.000,4424.57007,N,00854.84312,E,1,12,0.8,-0.6,M,44.7,M,,*66
32376 1658400633 0 3 2.807 4.979
32383 1658400634 0 7 $GNGGA,105033.000,4424.57006,N,00854.84305,E,1,12,0.8,-0.5,M,44.7,M,,*63
32385 1658400635 0 7 $GNGGA,105035.000,4424.57006,N,00854.84291,E,1,12,0.8,-0.5,M,44.7,M,,*69
32387 1658400636 0 4 2.715 1.631
32388 1658400636 0 5 0.49
32389 1658400636 0 6 0.10
32390 1658400636 0 8 4.994 9.577 9.00
32395 1658400638 0 7 $GNGGA,105038.000,4424.57006,N,00854.84266,E,1,12,0.8,-0.4,M,44.7,M,,*6D
32396 1658400639 0 3 2.807 4.979
32400 1658400640 0 8 4.994 9.577 8.98
32401 1658400640 0 1 3.666
32402 1658400640 0 0 24.84 8.22 108.8 67.52 134.8 8.66 15.3 0.0 355.1 9.60 46.00 1.0
32406 1658400642 0 3 2.807 4.979
32417 1658400645 0 4 2.715 1.624
32419 1658400645 0 6 0.10
32420 1658400645 0 8 4.994 9.605 8.96
32421 1658400646 0 1 3.314
32425 1658400647 0 7 $GNGGA,105047.000,4424.57026,N,00854.84175,E,1,12,0.8,-0.3,M,44.7,M,,*61
32426 1658400648 0 3 2.807 4.979
32432 1658400649 0 0 24.17 8.22 109.1 67.35 134.6 8.75 15.4 0.0 357.6 10.59 45.87 0.9
32433 1658400649 0 7 $GNGGA,105048.000,4424.57028,N,00854.84161,E,1,12,0.8,-0.2,M,44.7,M,,*64
32436 1658400651 0 3 2.806 4.979
32437 1658400651 0 4 2.714 1.634
32438 1658400651 0 5 0.47
32443 1658400653 0 0 24.20 8.22 109.2 67.37 134.5 8.74 15.3 0.0 351.4 10.52 45.89 0.9
32444 1658400653 0 1 3.034
32445 1658400653 0 1 3.638
32450 1658400654 0 8 4.997 9.596 8.98
32451 1658400655 0 1 3.624
32452 1658400655 0 0 24.46 8.22 109.2 67.20 134.4 8.71 15.1 0.0 336.4 9.86 45.75 0.9
32454 1658400656 0 7 $GNGGA,105056.000,4424.57034,N,00854.84093,E,1,12,0.8,-0.1,M,44.7,M,,*69
32455 1658400657 0 3 2.807 4.979
32464 1658400659 0 7 $GNGGA,105059.000,4424.57035,N,00854.84062,E,1,12,0.8,-0.0,M,44.7,M,,*68
32465 1658400660 0 3 2.806 4.979
32466 1658400660 0 4 2.712 1.624
32467 1658400660 0 5 0.46
32468 1658400660 0 6 0.09
32474 1658400662 0 7 $GNGGA,105102.000,4424.57035,N,00854.84032,E,1,12,0.8,0.0,M,44.7,M,,*4F
32475 1658400663 0 3 2.806 4.979
32480 1658400664 0 1 3.901
32481 1658400664 0 0 25.06 8.22 109.3 67.26 134.4 8.61 14.9 0.0 307.3 8.18 45.79 0.9
32484 1658400665 0 7 $GNGGA,105105.000,4424.57034,N,00854.84010,E,1,12,0.8,0.1,M,44.7,M,,*48
32486 1658400666 0 4 2.711 1.624
32491 1658400667 0 0 25.24 8.22 109.3 67.33 134.4 8.58 14.8 0.0 299.2 7.66 45.83 0.9
32494 1658400668 0 7 $GNGGA,105108.000,4424.57038,N,00854.83981,E,1,12,0.8,0.1,M,44.7,M,,*4F
32497 1658400669 0 5 0.45
32498 1658400669 0 6 0.09
32499 1658400669 0 8 4.997 9.596 8.96
32504 1658400671 0 7 $GNGGA,105111.000,4424.57045,N,00854.83953,E,1,12,0.8,0.1,M,44.7,M,,*42
32505 1658400672 0 3 2.806 4.979
32511 1658400673 0 0 25.42 8.22 109.2 67.34 134.4 8.56 14.8 0.0 289.8 6.65 45.84 1.0
32514 1658400675 0 3 2.805 4.979
32516 1658400675 0 5 0.44
32521 1658400676 0 7 $GNGGA,105116.000,4424.57057,N,00854.83898,E,1,12,0.8,0.0,M,44.7,M,,*41
32522 1658400677 0 7 $GNGGA,105117.000,4424.57062,N,00854.83887,E,1,12,0.8,0.0,M,44.7,M,,*48
32526 1658400678 0 6 0.09
32527 1658400678 0 8 4.994 9.605 9.00
32528 1658400679 0 7 $GNGGA,105118.000,4424.57065,N,00854.83879,E,1,12,0.8,0.0,M,44.7,M,,*41
32529 1658400679 0 0 25.53 8.22 109.2 67.43 134.5 8.55 14.8 0.0 281.1 5.81 45.91 1.0
32530 1658400679 0 7 $GNGGA,105119.000,4424.57067,N,00854.83870,E,1,12,0.8,0.0,M,44.7,M,,*4B
32531 1658400680 0 7 $GNGGA,105120.000,4424.57069,N,00854.83859,E,1,12,0.8,0.0,M,44.7,M,,*44
32532 1658400681 0 3 2.805 4.979
32537 1658400682 0 7 $GNGGA,105121.000,4424.57070,N,00854.83850,E,1,12,0.8,0.0,M,44.7,M,,*44
32538 1658400682 0 7 $GNGGA,105122.000,4424.57071,N,00854.83841,E,1,12,0.8,0.1,M,44.7,M,,*47
32539 1658400683 0 7 $GNGGA,105123.000,4424.57072,N,00854.83835,E,1,12,0.8,0.1,M,44.7,M,,*46
32542 1658400684 0 4 2.708 1.619
32543 1658400684 0 5 0.44
32544 1658400684 0 6 0.09
32545 1658400684 0 8 4.994 9.605 8.98
32550 1658400686 0 7 $GNGGA,105126.000,4424.57079,N,00854.83813,E,1,12,0.8,0.1,M,44.7,M,,*4C
32551 1658400687 0 3 2.805 4.979
32557 1658400688 0 0 25.94 8.23 109.2 67.53 134.6 8.49 14.6 0.0 264.9 4.49 45.97 1.0
32558 1658400688 0 7 $GNGGA,105127.000,4424.57080,N,00854.83808,E,1,12,0.8,0.2,M,44.7,M,,*42
32561 1658400690 0 3 2.805 4.979
32568 1658400691 0 7 $GNGGA,105130.000,4424.57087,N,00854.83789,E,1,12,0.8,0.2,M,44.7,M,,*45
32569 1658400691 0 7 $GNGGA,105131.000,4424.57089,N,00854.83783,E,1,12,0.8,0.2,M,44.7,M,,*40
32570 1658400692 0 7 $GNGGA,105132.000,4424.57093,N,00854.83776,E,1,12,0.8,0.3,M,44.7,M,,*43
32571 1658400693 0 3 2.804 4.979
32574 1658400693 0 6 0.09
32575 1658400693 0 8 4.994 9.502 8.91
32580 1658400695 0 7 $GNGGA,105135.000,4424.57103,N,00854.83762,E,1,12,0.8,0.3,M,44.7,M,,*49
32581 1658400696 0 3 2.803 4.979
32587 1658400697 0 0 26.07 8.23 109.2 67.51 134.9 8.49 14.7 0.0 260.3 3.29 45.95 1.0
32588 1658400697 0 7 $GNGGA,105136.000,4424.57107,N,00854.83756,E,1,12,0.8,0.3,M,44.7,M,,*49
32591 1658400699 0 3 2.801 4.979
32592 1658400699 0 4 2.705 1.616
32593 1658400699 0 5 0.44
32594 1658400699 0 6 0.09
32600 1658400701 0 7 $GNGGA,105141.000,4424.57124,N,00854.83732,E,1,12,0.8,0.5,M,44.7,M,,*4C
32606 1658400703 0 1 1.940
32608 1658400703 0 7 $GNGGA,105142.000,4424.57128,N,00854.83727,E,1,12,0.8,0.5,M,44.7,M,,*47
32611 1658400705 0 3 2.781 4.979
32612 1658400705 0 4 2.701 1.614
32613 1658400705 0 5 0.44
32619 1658400706 0 7 $GNGGA,105146.000,4424.57139,N,00854.83708,E,1,12,0.8,0.6,M,44.7,M,,*4D
32620 1658400707 0 7 $GNGGA,105147.000,4424.57141,N,00854.83703,E,1,12,0.8,0.7,M,44.7,M,,*49
32622 1658400708 0 4 2.698 1.614
32623 1658400708 0 5 0.44
32624 1658400708 0 6 0.09
32625 1658400708 0 8 4.994 9.455 8.93
32630 1658400710 0 7 $GNGGA,105150.000,4424.57149,N,00854.83685,E,1,12,0.8,0.7,M,44.7,M,,*48
32631 1658400711 0 3 2.670 4.979
32636 1658400712 0 7 $GNGGA,105151.000,4424.57151,N,00854.83680,E,1,12,0.8,0.8,M,44.7,M,,*4A
32637 1658400712 0 7 $GNGGA,105152.000,4424.57154,N,00854.83676,E,1,12,0.8,0.8,M,44.7,M,,*45
32640 1658400713 0 1 1.574
32641 1658400714 0 3 2.627 4.979
32648 1658400715 0 7 $GNGGA,105153.000,4424.57157,N,00854.83670,E,1,12,0.8,0.8,M,44.7,M,,*41
32649 1658400716 0 7 $GNGGA,105156.000,4424.57165,N,00854.83654,E,1,12,0.8,0.8,M,44.7,M,,*43
32650 1658400717 0 3 2.625 4.979
32652 1658400717 0 5 0.45
32653 1658400717 0 6 0.09
32654 1658400717 0 8 4.994 9.483 8.96
32655 1658400718 0 1 1.847
