/home/danielacabiddu/Devel/src/MATRAC/test/tuttomatrac/data/porto_grid.mesh
32659 1658400719 0 7 $GNGGA,105159.000,4424.57173,N,00854.83644,E,1,12,0.8,0.9,M,44.7,M,,*4B
32660 1658400720 0 3 2.625 4.979
32666 1658400721 0 0 26.73 8.22 109.1 67.60 137.0 8.53 14.6 0.0 250.4 1.08 46.01 1.1
32667 1658400721 0 7 $GNGGA,105200.000,4424.57175,N,00854.83638,E,1,12,0.8,0.9,M,44.7,M,,*49
32668 1658400721 0 7 $GNGGA,105201.000,4424.57177,N,00854.83634,E,1,12,0.8,0.9,M,44.7,M,,*46
32670 1658400723 0 3 2.624 4.979
32671 1658400723 0 4 2.622 1.564
32679 1658400725 0 7 $GNGGA,105205.000,4424.57185,N,00854.83614,E,1,12,0.8,1.0,M,44.7,M,,*45
32680 1658400726 0 3 2.624 4.979
32684 1658400726 0 8 4.994 9.473 8.93
32685 1658400727 0 1 1.587
32686 1658400727 0 7 $GNGGA,105206.000,4424.57188,N,00854.83608,E,1,12,0.8,1.1,M,44.7,M,,*47
32689 1658400728 0 7 $GNGGA,105208.000,4424.57190,N,00854.83599,E,1,12,0.8,1.1,M,44.7,M,,*4B
32690 1658400729 0 3 2.625 4.979
32691 1658400729 0 4 2.623 1.541
32692 1658400729 0 5 0.46
32693 1658400729 0 6 0.09
32694 1658400729 0 8 4.994 9.473 8.93
32698 1658400730 0 7 $GNGGA,105210.000,4424.57194,N,00854.83589,E,1,12,0.8,1.1,M,44.7,M,,*47
32699 1658400731 0 7 $GNGGA,105211.000,4424.57197,N,00854.83584,E,1,12,0.8,1.1,M,44.7,M,,*48
32701 1658400732 0 4 2.623 1.544
32702 1658400732 0 5 0.46
32703 1658400732 0 6 0.09
32710 1658400735 0 3 2.623 4.979
32711 1658400735 0 4 2.620 1.541
32714 1658400735 0 8 4.994 9.473 8.93
32715 1658400736 0 1 1.612
32716 1658400736 0 0 26.69 8.22 109.1 67.67 138.3 8.62 14.7 0.0 260.2 1.06 46.06 1.1
32717 1658400736 0 7 $GNGGA,105215.000,4424.57204,N,00854.83570,E,1,12,0.8,1.1,M,44.7,M,,*4E
32720 1658400738 0 3 2.624 4.979
32726 1658400739 0 7 $GNGGA,105218.000,4424.57210,N,00854.83558,E,1,12,0.8,1.2,M,44.7,M,,*4F
32728 1658400739 0 7 $GNGGA,105219.000,4424.57212,N,00854.83555,E,1,12,0.8,1.2,M,44.7,M,,*41
32729 1658400740 0 7 $GNGGA,105220.000,4424.57215,N,00854.83550,E,1,12,0.8,1.3,M,44.7,M,,*48
32730 1658400741 0 3 2.625 4.979
32731 1658400741 0 4 2.623 1.541
32732 1658400741 0 5 0.46
32733 1658400741 0 6 0.09
32737 1658400743 0 0 26.74 8.22 109.0 67.68 138.3 8.61 14.7 0.0 262.2 1.07 46.07 1.1
32738 1658400743 0 1 1.315
32739 1658400743 0 1 1.362
32745 1658400745 0 1 1.275
32746 1658400745 0 0 26.74 8.22 108.9 67.64 138.0 8.60 14.7 0.0 264.0 1.07 46.04 1.1
32747 1658400745 0 7 $GNGGA,105223.000,4424.57220,N,00854.83535,E,1,12,0.8,1.3,M,44.7,M,,*4E
32749 1658400747 0 3 2.625 4.979
32758 1658400749 0 7 $GNGGA,105229.000,4424.57233,N,00854.83506,E,1,12,0.8,1.4,M,44.7,M,,*41
32759 1658400750 0 3 2.625 4.979
32763 1658400750 0 8 4.994 9.464 8.96
32764 1658400750 0 1 1.352
32766 1658400751 0 7 $GNGGA,105230.000,4424.57235,N,00854.83502,E,1,12,0.8,1.4,M,44.7,M,,*4B
32768 1658400752 0 7 $GNGGA,105232.000,4424.57238,N,00854.83494,E,1,12,0.8,1.4,M,44.7,M,,*4A
32769 1658400753 0 3 2.624 4.979
32770 1658400753 0 4 2.620 1.544
32771 1658400753 0 5 0.47
32772 1658400753 0 6 0.09
32773 1658400753 0 8 4.994 9.455 8.93
32774 1658400754 0 1 1.375
32775 1658400754 0 0 26.57 8.22 108.8 67.65 137.6 8.59 14.8 0.0 274.0 1.05 46.05 1.1
32776 1658400754 0 7 $GNGGA,105233.000,4424.57239,N,00854.83490,E,1,12,0.8,1.4,M,44.7,M,,*4E
32777 1658400754 0 7 $GNGGA,105234.000,4424.57241,N,00854.83486,E,1,12,0.8,1.4,M,44.7,M,,*41
32778 1658400755 0 7 $GNGGA,105235.000,4424.57253,N,00854.83455,E,1,12,0.8,1.8,M,44.7,M,,*41
32779 1658400756 0 3 2.625 4.979
32780 1658400756 0 4 2.622 1.544
32781 1658400756 0 5 0.47
32782 1658400756 0 6 0.09
32783 1658400756 0 8 4.994 9.464 8.96
32784 1658400757 0 1 1.317
32785 1658400757 0 0 26.57 8.22 108.8 67.54 137.5 8.59 14.8 0.0 271.3 1.06 45.97 1.1
32786 1658400757 0 7 $GNGGA,105236.000,4424.57249,N,00854.83407,E,1,12,0.8,2.1,M,44.7,M,,*44
32787 1658400757 0 7 $GNGGA,105237.000,4424.57243,N,00854.83358,E,1,12,0.8,1.8,M,44.7,M,,*48
32788 1658400758 0 7 $GNGGA,105238.000,4424.57226,N,00854.83330,E,1,12,0.8,1.6,M,44.7,M,,*44
32789 1658400759 0 3 2.625 4.979
32790 1658400759 0 4 2.620 1.544
32791 1658400759 0 5 0.47
32792 1658400759 0 6 0.09
32793 1658400759 0 8 4.994 9.455 8.96
32794 1658400760 0 1 1.433
32795 1658400760 0 0 26.71 8.22 108.8 67.52 136.5 8.51 14.8 0.0 271.9 1.06 45.94 1.1
32796 1658400760 0 7 $GNGGA,105239.000,4424.57217,N,00854.83307,E,1,12,0.8,1.4,M,44.7,M,,*41
32797 1658400760 0 7 $GNGGA,105240.000,4424.57209,N,00854.83281,E,1,12,0.8,1.5,M,44.7,M,,*4E
32798 1658400761 0 7 $GNGGA,105241.000,4424.57198,N,00854.83265,E,1,12,0.8,1.3,M,44.7,M,,*48
32799 1658400762 0 3 2.625 4.979
32800 1658400762 0 4 2.622 1.544
32801 1658400762 0 5 0.47
32802 1658400762 0 6 0.10
32803 1658400762 0 8 4.994 9.473 8.93
32804 1658400762 0 1 1.260
32805 1658400763 0 0 26.74 8.22 108.8 67.61 136.4 8.49 14.8 0.0 272.8 1.07 46.01 1.1
32806 1658400763 0 7 $GNGGA,105242.000,4424.57205,N,00854.83249,E,1,12,0.8,1.4,M,44.7,M,,*45
32807 1658400763 0 7 $GNGGA,105243.000,4424.57213,N,00854.83227,E,1,12,0.8,1.4,M,44.7,M,,*4B
32808 1658400764 0 7 $GNGGA,105244.000,4424.57222,N,00854.83217,E,1,12,0.8,1.4,M,44.7,M,,*4D
32809 1658400765 0 3 2.626 4.979
32810 1658400765 0 4 2.623 1.541
32811 1658400765 0 5 0.47
32812 1658400765 0 6 0.10
32813 1658400765 0 8 4.994 9.473 8.96
32814 1658400766 0 1 1.323
32815 1658400766 0 0 26.76 8.22 108.7 67.70 136.4 8.49 14.8 0.0 273.5 1.08 46.08 1.1
32816 1658400766 0 7 $GNGGA,105245.000,4424.57225,N,00854.83206,E,1,12,0.8,1.5,M,44.7,M,,*4A
32817 1658400766 0 7 $GNGGA,105246.000,4424.57239,N,00854.83182,E,1,12,0.8,1.5,M,44.7,M,,*4B
32818 1658400767 0 7 $GNGGA,105247.000,4424.57239,N,00854.83175,E,1,12,0.8,1.5,M,44.7,M,,*42
32819 1658400768 0 3 2.625 4.979
32820 1658400768 0 4 2.620 1.539
32821 1658400768 0 5 0.47
32822 1658400768 0 6 0.10
32823 1658400768 0 8 4.994 9.473 8.93
32824 1658400768 0 1 1.451
32825 1658400769 0 0 26.75 8.22 108.6 67.70 136.3 8.49 14.8 0.0 277.2 1.07 46.08 1.1
32826 1658400769 0 7 $GNGGA,105248.000,4424.57222,N,00854.83153,E,1,12,0.8,1.1,M,44.7,M,,*47
32827 1658400769 0 7 $GNGGA,105249.000,4424.57221,N,00854.83151,E,1,12,0.8,1.2,M,44.7,M,,*44
32828 1658400770 0 7 $GNGGA,105250.000,4424.57220,N,00854.83144,E,1,12,0.8,1.2,M,44.7,M,,*49
32829 1658400771 0 3 2.625 4.979
32830 1658400771 0 4 2.620 1.541
32831 1658400771 0 5 0.48
32832 1658400771 0 6 0.10
32833 1658400771 0 8 4.994 9.464 8.93
32834 1658400772 0 7 $GNGGA,105251.000,4424.57223,N,00854.83137,E,1,12,0.8,1.2,M,44.7,M,,*4F
32835 1658400772 0 7 $GNGGA,105252.000,4424.57184,N,00854.83189,E,1,12,0.8,0.6,M,44.7,M,,*42
32836 1658400773 0 0 26.71 8.22 108.6 67.67 136.1 8.48 14.8 0.0 277.6 1.06 46.06 1.1
32837 1658400773 0 1 1.491
32838 1658400773 0 1 1.360
32839 1658400773 0 1 1.402
32840 1658400774 0 3 2.624 4.979
32841 1658400774 0 4 2.619 1.542
32842 1658400774 0 5 0.48
32843 1658400774 0 6 0.10
32844 1658400774 0 8 4.994 9.473 8.93
32845 1658400775 0 1 2.060
32846 1658400775 0 0 26.63 8.22 108.6 67.70 136.0 8.48 14.9 0.0 283.0 1.07 46.09 1.1
32847 1658400775 0 7 $GNGGA,105253.000,4424.57177,N,00854.83132,E,1,12,0.8,0.3,M,44.7,M,,*4A
32848 1658400776 0 7 $GNGGA,105256.000,4424.57121,N,00854.82986,E,1,12,0.8,0.5,M,44.7,M,,*4C
32849 1658400777 0 3 2.624 4.979
32850 1658400777 0 4 2.616 1.544
32851 1658400777 0 5 0.48
32852 1658400777 0 6 0.10
32853 1658400777 0 8 4.994 9.455 8.93
32854 1658400778 0 1 1.413
32855 1658400778 0 0 26.62 8.22 108.6 67.68 136.1 8.49 14.8 0.0 283.0 1.06 46.07 1.1
32856 1658400778 0 7 $GNGGA,105257.000,4424.57109,N,00854.82912,E,1,12,0.8,0.6,M,44.7,M,,*49
32857 1658400778 0 7 $GNGGA,105258.000,4424.57093,N,00854.82865,E,1,12,0.8,0.6,M,44.7,M,,*45
32858 1658400779 0 7 $GNGGA,105259.000,4424.57083,N,00854.82833,E,1,12,0.8,0.7,M,44.7,M,,*47
32859 1658400780 0 3 2.623 4.979
32860 1658400780 0 4 2.617 1.544
32861 1658400780 0 5 0.48
32862 1658400780 0 6 0.10
32863 1658400780 0 8 4.994 9.455 8.93
32864 1658400780 0 1 1.460
32865 1658400781 0 0 26.64 8.22 108.5 67.64 136.1 8.49 14.8 0.0 282.4 1.06 46.04 1.1
32866 1658400781 0 7 $GNGGA,105300.000,4424.57087,N,00854.82764,E,1,12,0.8,0.9,M,44.7,M,,*4D
32867 1658400781 0 7 $GNGGA,105301.000,4424.57101,N,00854.82717,E,1,12,0.8,0.9,M,44.7,M,,*47
32868 1658400782 0 7 $GNGGA,105302.000,4424.57109,N,00854.82675,E,1,12,0.8,1.0,M,44.7,M,,*41
32869 1658400783 0 3 2.623 4.979
32870 1658400783 0 4 2.616 1.541
32871 1658400783 0 5 0.48
32872 1658400783 0 6 0.10
32873 1658400783 0 8 4.994 9.473 8.93
32874 1658400784 0 1 1.452
32875 1658400784 0 0 26.61 8.22 108.5 67.71 136.1 8.49 14.9 0.0 284.5 1.06 46.09 1.1
32876 1658400784 0 7 $GNGGA,105303.000,4424.57117,N,00854.82629,E,1,12,0.8,1.0,M,44.7,M,,*46
32877 1658400784 0 7 $GNGGA,105304.000,4424.57122,N,00854.82592,E,1,12,0.8,1.1,M,44.7,M,,*45
32878 1658400785 0 7 $GNGGA,105305.000,4424.57118,N,00854.82462,E,1,12,0.8,1.2,M,44.7,M,,*40
32880 1658400786 0 4 2.615 1.542
32881 1658400786 0 5 0.48
32882 1658400786 0 6 0.10
32883 1658400786 0 8 4.994 9.473 8.93
32884 1658400786 0 1 1.455
32885 1658400787 0 0 26.62 8.22 108.5 67.67 136.1 8.49 14.9 0.0 284.6 1.06 46.06 1.1
32886 1658400787 0 7 $GNGGA,105306.000,4424.57108,N,00854.82361,E,1,12,0.8,1.3,M,44.7,M,,*47
32887 1658400787 0 7 $GNGGA,105307.000,4424.57094,N,00854.82277,E,1,12,0.8,1.5,M,44.7,M,,*42
32888 1658400788 0 7 $GNGGA,105308.000,4424.57092,N,00854.82170,E,1,12,0.8,1.6,M,44.7,M,,*4C
32889 1658400789 0 3 2.621 4.979
32890 1658400789 0 4 2.613 1.541
32891 1658400789 0 5 0.48
32892 1658400789 0 6 0.10
32893 1658400789 0 8 4.994 9.455 8.93
32894 1658400790 0 1 1.405
32895 1658400790 0 0 26.60 8.22 108.4 67.57 136.1 8.50 14.9 0.0 286.9 1.04 45.99 1.1
32896 1658400790 0 7 $GNGGA,105309.000,4424.57102,N,00854.82074,E,1,12,0.8,1.7,M,44.7,M,,*41
32897 1658400790 0 7 $GNGGA,105310.000,4424.57115,N,00854.81971,E,1,12,0.8,1.8,M,44.7,M,,*4F
32898 1658400791 0 7 $GNGGA,105311.000,4424.57118,N,00854.81840,E,1,12,0.8,1.8,M,44.7,M,,*40
32899 1658400792 0 3 2.621 4.979
32900 1658400792 0 4 2.613 1.544
32901 1658400792 0 5 0.48
32902 1658400792 0 6 0.10
32903 1658400792 0 8 4.994 9.464 8.96
32904 1658400792 0 1 1.506
32905 1658400793 0 0 26.61 8.22 108.4 67.55 136.1 8.50 14.9 0.0 286.5 1.04 45.97 1.1
32906 1658400793 0 7 $GNGGA,105312.000,4424.57111,N,00854.81739,E,1,12,0.8,1.9,M,44.7,M,,*4A
32907 1658400793 0 7 $GNGGA,105313.000,4424.57097,N,00854.81637,E,1,12,0.8,2.0,M,44.7,M,,*41
32908 1658400794 0 7 $GNGGA,105314.000,4424.57097,N,00854.81556,E,1,12,0.8,2.0,M,44.7,M,,*42
32909 1658400795 0 3 2.619 4.979
32910 1658400795 0 4 2.611 1.546
32911 1658400795 0 5 0.48
32912 1658400795 0 6 0.10
32913 1658400795 0 8 4.994 9.455 8.96
32914 1658400796 0 1 1.597
32915 1658400796 0 0 26.60 8.22 108.4 67.57 136.0 8.49 14.9 0.0 288.2 1.03 45.99 1.1
32916 1658400796 0 7 $GNGGA,105315.000,4424.57092,N,00854.81535,E,1,12,0.8,2.0,M,44.7,M,,*43
32917 1658400797 0 7 $GNGGA,105317.000,4424.57087,N,00854.81480,E,1,12,0.8,2.1,M,44.7,M,,*4B
32918 1658400798 0 3 2.618 4.979
32919 1658400798 0 4 2.606 1.546
32920 1658400798 0 5 0.48
32921 1658400798 0 6 0.10
32922 1658400798 0 8 4.994 9.473 8.93
32923 1658400798 0 1 1.056
32924 1658400799 0 7 $GNGGA,105318.000,4424.57079,N,00854.81371,E,1,12,0.8,2.4,M,44.7,M,,*49
32925 1658400799 0 0 26.57 8.22 108.4 67.58 136.0 8.49 14.9 0.0 289.2 1.00 45.99 1.1
32926 1658400799 0 7 $GNGGA,105319.000,4424.57075,N,00854.81252,E,1,12,0.8,2.6,M,44.7,M,,*46
32927 1658400800 0 7 $GNGGA,105320.000,4424.57078,N,00854.81132,E,1,12,0.8,2.7,M,44.7,M,,*45
32928 1658400801 0 3 2.617 4.979
32929 1658400801 0 4 2.600 1.536
32930 1658400801 0 5 0.48
32931 1658400801 0 6 0.10
32932 1658400801 0 8 4.994 9.473 8.93
32933 1658400802 0 7 $GNGGA,105321.000,4424.57070,N,00854.80998,E,1,12,0.8,2.9,M,44.7,M,,*4B
32934 1658400802 0 7 $GNGGA,105322.000,4424.57067,N,00854.80874,E,1,12,0.8,3.0,M,44.7,M,,*45
32935 1658400803 0 0 26.55 8.22 108.4 67.61 135.9 8.49 14.9 0.0 290.0 0.98 46.02 1.1
32936 1658400803 0 1 2.354
32937 1658400803 0 1 1.525
32938 1658400803 0 1 1.354
32939 1658400804 0 3 2.613 4.979
32940 1658400804 0 4 2.596 1.529
32941 1658400804 0 5 0.48
32942 1658400804 0 6 0.10
32943 1658400804 0 8 4.994 9.473 8.93
32944 1658400805 0 1 1.801
32945 1658400805 0 0 26.58 8.22 108.4 67.57 135.9 8.49 14.9 0.0 292.8 0.96 45.99 1.1
32946 1658400805 0 7 $GNGGA,105323.000,4424.57070,N,00854.80740,E,1,12,0.8,2.9,M,44.7,M,,*42
32947 1658400806 0 7 $GNGGA,105326.000,4424.57098,N,00854.80368,E,1,12,0.8,2.8,M,44.7,M,,*4E
32948 1658400807 0 3 2.611 4.979
32949 1658400807 0 4 2.591 1.529
32950 1658400807 0 5 0.48
32951 1658400807 0 6 0.10
32952 1658400807 0 8 4.994 9.473 8.93
32953 1658400808 0 1 1.182
32954 1658400808 0 0 26.61 8.22 108.3 67.59 135.9 8.48 14.9 0.0 289.9 0.94 46.00 1.1
32955 1658400808 0 7 $GNGGA,105327.000,4424.57112,N,00854.80242,E,1,12,0.8,2.9,M,44.7,M,,*44
32956 1658400809 0 7 $GNGGA,105329.000,4424.57137,N,00854.80005,E,1,12,0.8,2.8,M,44.7,M,,*4D
32957 1658400810 0 3 2.608 4.979
32958 1658400810 0 4 2.587 1.529
32959 1658400810 0 5 0.48
32960 1658400810 0 6 0.10
32961 1658400810 0 8 4.994 9.464 8.91
32962 1658400810 0 1 0.740
32963 1658400811 0 0 26.57 8.22 108.3 67.67 135.9 8.48 14.9 0.0 292.5 0.89 46.06 1.1
32964 1658400811 0 7 $GNGGA,105330.000,4424.57157,N,00854.79888,E,1,12,0.8,2.6,M,44.7,M,,*46
32965 1658400811 0 7 $GNGGA,105331.000,4424.57170,N,00854.79744,E,1,12,0.8,2.2,M,44.7,M,,*49
32966 1658400812 0 7 $GNGGA,105332.000,4424.57165,N,00854.79602,E,1,12,0.8,1.9,M,44.7,M,,*45
32967 1658400813 0 3 2.606 4.979
32968 1658400813 0 4 2.584 1.529
32969 1658400813 0 5 0.48
32970 1658400813 0 6 0.10
32971 1658400813 0 8 4.994 9.426 8.96
32972 1658400814 0 1 1.086
32973 1658400814 0 0 26.61 8.22 108.2 67.62 135.9 8.48 14.8 0.0 293.4 0.88 46.02 1.1
32974 1658400814 0 7 $GNGGA,105333.000,4424.57161,N,00854.79490,E,1,12,0.8,1.7,M,44.7,M,,*47
32975 1658400814 0 7 $GNGGA,105334.000,4424.57163,N,00854.79427,E,1,12,0.8,1.8,M,44.7,M,,*41
32976 1658400815 0 7 $GNGGA,105335.000,4424.57166,N,00854.79351,E,1,12,0.8,1.8,M,44.7,M,,*43
32977 1658400816 0 3 2.603 4.979
32978 1658400816 0 4 2.581 1.529
32979 1658400816 0 5 0.48
32980 1658400816 0 6 0.10
32981 1658400816 0 8 4.994 9.370 8.93
32982 1658400817 0 1 1.724
32983 1658400817 0 0 26.58 8.22 108.2 67.66 135.9 8.48 14.9 0.0 292.7 0.85 46.05 1.1
32984 1658400817 0 7 $GNGGA,105336.000,4424.57175,N,00854.79269,E,1,12,0.8,1.6,M,44.7,M,,*46
32985 1658400817 0 7 $GNGGA,105337.000,4424.57190,N,00854.79177,E,1,12,0.8,1.3,M,44.7,M,,*45
32986 1658400818 0 7 $GNGGA,105338.000,4424.57206,N,00854.79076,E,1,12,0.8,1.0,M,44.7,M,,*45
32987 1658400819 0 3 2.601 4.979
32988 1658400819 0 4 2.577 1.531
32989 1658400819 0 5 0.48
32990 1658400819 0 6 0.10
32991 1658400819 0 8 4.994 9.360 8.93
32992 1658400820 0 1 2.211
32993 1658400820 0 0 26.53 8.22 108.2 67.63 135.9 8.49 14.9 0.0 297.0 0.82 46.03 1.1
32994 1658400820 0 7 $GNGGA,105339.000,4424.57222,N,00854.78972,E,1,12,0.8,0.8,M,44.7,M,,*47
32995 1658400820 0 7 $GNGGA,105340.000,4424.57238,N,00854.78875,E,1,12,0.8,0.6,M,44.7,M,,*4A
32996 1658400821 0 7 $GNGGA,105341.000,4424.57255,N,00854.78765,E,1,12,0.8,0.0,M,44.7,M,,*48
32997 1658400822 0 3 2.601 4.979
33693 1658401036 0 1 1.771
33694 1658401036 0 0 26.71 8.22 107.3 67.64 137.6 8.57 14.9 0.0 301.7 1.07 46.04 1.1
33695 1658401036 0 7 $GNGGA,105715.000,4424.59376,N,00854.65915,E,1,12,0.8,0.7,M,44.7,M,,*41
33696 1658401036 0 7 $GNGGA,105716.000,4424.59369,N,00854.65900,E,1,12,0.8,0.8,M,44.7,M,,*47
33697 1658401037 0 7 $GNGGA,105717.000,4424.59362,N,00854.65885,E,1,12,0.8,0.9,M,44.7,M,,*40
33698 1658401038 0 3 2.616 4.979
33699 1658401038 0 4 2.620 1.566
33700 1658401038 0 5 0.48
33701 1658401038 0 6 0.10
33702 1658401038 0 8 4.997 9.351 8.89
33703 1658401039 0 1 1.777
33704 1658401039 0 0 26.72 8.22 107.4 67.62 137.6 8.57 14.9 0.0 301.3 1.08 46.02 1.1
33705 1658401039 0 7 $GNGGA,105718.000,4424.59352,N,00854.65871,E,1,12,0.8,1.1,M,44.7,M,,*4E
33706 1658401039 0 7 $GNGGA,105719.000,4424.59339,N,00854.65819,E,1,12,0.8,1.1,M,44.7,M,,*4C
33707 1658401040 0 7 $GNGGA,105720.000,4424.59332,N,00854.65817,E,1,12,0.8,1.1,M,44.7,M,,*43
33708 1658401041 0 3 2.616 4.979
33709 1658401041 0 4 2.619 1.564
33710 1658401041 0 5 0.48
33711 1658401041 0 6 0.10
33712 1658401041 0 8 4.994 9.351 8.87
33713 1658401042 0 7 $GNGGA,105721.000,4424.59329,N,00854.65805,E,1,12,0.8,1.2,M,44.7,M,,*48
33714 1658401042 0 7 $GNGGA,105722.000,4424.59327,N,00854.65794,E,1,12,0.8,1.2,M,44.7,M,,*42
33715 1658401043 0 0 26.73 8.22 107.4 67.54 137.6 8.58 14.9 0.0 301.0 1.06 45.96 1.1
33716 1658401043 0 1 1.724
33717 1658401043 0 1 1.800
33718 1658401043 0 1 1.815
33719 1658401044 0 3 2.616 4.979
33720 1658401044 0 4 2.620 1.564
33721 1658401044 0 5 0.48
33722 1658401044 0 6 0.10
33723 1658401044 0 8 4.997 9.341 8.93
33724 1658401045 0 1 2.406
33725 1658401045 0 0 26.73 8.22 107.4 67.48 137.6 8.58 14.9 0.0 301.7 1.07 45.91 1.1
33726 1658401045 0 7 $GNGGA,105723.000,4424.59319,N,00854.65777,E,1,12,0.8,1.3,M,44.7,M,,*42
33727 1658401046 0 7 $GNGGA,105726.000,4424.59302,N,00854.65696,E,1,12,0.8,1.9,M,44.7,M,,*49
33728 1658401047 0 3 2.616 4.979
33729 1658401047 0 4 2.620 1.566
33730 1658401047 0 5 0.48
33731 1658401047 0 6 0.10
33732 1658401049 0 8 4.994 9.332 8.91
33733 1658401049 0 1 1.834
33734 1658401049 0 0 26.74 8.22 107.4 67.58 137.6 8.57 14.9 0.0 301.9 1.07 45.99 1.1
33735 1658401049 0 7 $GNGGA,105727.000,4424.59294,N,00854.65638,E,1,12,0.8,2.4,M,44.7,M,,*4C
33736 1658401049 0 7 $GNGGA,105728.000,4424.59308,N,00854.65591,E,1,12,0.8,2.5,M,44.7,M,,*46
33737 1658401050 0 7 $GNGGA,105729.000,4424.59324,N,00854.65571,E,1,12,0.8,2.7,M,44.7,M,,*45
33738 1658401051 0 3 2.616 4.979
33739 1658401051 0 4 2.620 1.566
33740 1658401051 0 5 0.48
33741 1658401051 0 6 0.10
33742 1658401051 0 8 4.994 9.332 8.80
33743 1658401052 0 1 1.833
33744 1658401052 0 0 26.76 8.22 107.4 67.54 137.6 8.57 14.9 0.0 301.1 1.07 45.96 1.1
33745 1658401052 0 7 $GNGGA,105730.000,4424.59331,N,00854.65560,E,1,12,0.8,2.9,M,44.7,M,,*47
33746 1658401052 0 7 $GNGGA,105731.000,4424.59337,N,00854.65515,E,1,12,0.8,2.5,M,44.7,M,,*4E
33747 1658401053 0 7 $GNGGA,105732.000,4424.59348,N,00854.65472,E,1,12,0.8,2.4,M,44.7,M,,*44
33748 1658401054 0 3 2.616 4.979
33749 1658401054 0 4 2.620 1.564
33750 1658401054 0 5 0.48
33751 1658401054 0 6 0.10
33752 1658401054 0 8 4.994 9.341 8.89
33753 1658401055 0 1 1.758
33754 1658401055 0 0 26.75 8.22 107.4 67.59 137.6 8.57 14.9 0.0 301.5 1.07 45.99 1.1
33755 1658401055 0 7 $GNGGA,105733.000,4424.59348,N,00854.65429,E,1,12,0.8,2.3,M,44.7,M,,*4C
33756 1658401055 0 7 $GNGGA,105734.000,4424.59348,N,00854.65419,E,1,12,0.8,2.4,M,44.7,M,,*4F
33757 1658401056 0 7 $GNGGA,105735.000,4424.59350,N,00854.65412,E,1,12,0.8,2.5,M,44.7,M,,*4D
33758 1658401057 0 3 2.617 4.979
33759 1658401057 0 4 2.620 1.564
33760 1658401057 0 5 0.48
33761 1658401057 0 6 0.10
33762 1658401057 0 8 4.997 9.304 8.80
33763 1658401058 0 1 1.825
33764 1658401058 0 0 26.77 8.22 107.4 67.61 137.7 8.57 14.9 0.0 300.9 1.07 46.01 1.1
33765 1658401058 0 7 $GNGGA,105736.000,4424.59352,N,00854.65404,E,1,12,0.8,2.7,M,44.7,M,,*49
33766 1658401058 0 7 $GNGGA,105737.000,4424.59357,N,00854.65400,E,1,12,0.8,2.7,M,44.7,M,,*49
33767 1658401059 0 7 $GNGGA,105738.000,4424.59361,N,00854.65392,E,1,12,0.8,2.8,M,44.7,M,,*40
33768 1658401060 0 3 2.617 4.979
33769 1658401060 0 4 2.620 1.561
33770 1658401060 0 5 0.48
33771 1658401060 0 6 0.10
33772 1658401060 0 8 4.994 9.304 8.91
33773 1658401061 0 1 1.681
33774 1658401061 0 0 26.79 8.22 107.5 67.54 137.7 8.57 14.9 0.0 300.8 1.07 45.96 1.1
33775 1658401061 0 7 $GNGGA,105739.000,4424.59391,N,00854.65368,E,1,12,0.8,3.2,M,44.7,M,,*40
33776 1658401061 0 7 $GNGGA,105740.000,4424.59398,N,00854.65368,E,1,12,0.8,3.3,M,44.7,M,,*46
33777 1658401062 0 7 $GNGGA,105741.000,4424.59406,N,00854.65357,E,1,12,0.8,3.4,M,44.7,M,,*4C
33778 1658401063 0 3 2.617 4.979
33779 1658401063 0 4 2.620 1.554
33780 1658401063 0 5 0.48
33781 1658401063 0 6 0.10
33782 1658401063 0 8 4.997 9.313 8.80
33783 1658401064 0 1 1.940
33784 1658401064 0 0 26.82 8.22 107.6 67.46 137.7 8.57 14.9 0.0 300.2 1.07 45.89 1.1
33785 1658401064 0 7 $GNGGA,105742.000,4424.59414,N,00854.65343,E,1,12,0.8,3.5,M,44.7,M,,*48
33786 1658401064 0 7 $GNGGA,105743.000,4424.59420,N,00854.65341,E,1,12,0.8,3.6,M,44.7,M,,*4F
33787 1658401065 0 7 $GNGGA,105744.000,4424.59436,N,00854.65330,E,1,12,0.8,3.7,M,44.7,M,,*48
33788 1658401066 0 3 2.617 4.979
33789 1658401066 0 4 2.620 1.534
33790 1658401066 0 5 0.48
33791 1658401066 0 6 0.10
33792 1658401066 0 8 4.994 9.304 8.91
33793 1658401067 0 1 1.950
33794 1658401067 0 0 26.80 8.22 107.5 67.55 137.6 8.57 14.9 0.0 301.9 1.06 45.96 1.1
33795 1658401067 0 7 $GNGGA,105745.000,4424.59448,N,00854.65321,E,1,12,0.8,3.7,M,44.7,M,,*40
33796 1658401067 0 7 $GNGGA,105746.000,4424.59461,N,00854.65316,E,1,12,0.8,3.7,M,44.7,M,,*4C
33797 1658401068 0 7 $GNGGA,105747.000,4424.59465,N,00854.65318,E,1,12,0.8,3.8,M,44.7,M,,*48
33798 1658401069 0 3 2.617 4.979
33799 1658401069 0 4 2.620 1.542
33800 1658401069 0 5 0.48
33801 1658401069 0 6 0.10
33802 1658401069 0 8 4.994 9.304 8.82
33803 1658401070 0 1 1.882
33804 1658401070 0 0 26.81 8.22 107.6 67.51 137.7 8.57 14.9 0.0 302.6 1.07 45.93 1.1
33805 1658401070 0 7 $GNGGA,105748.000,4424.59475,N,00854.65312,E,1,12,0.8,3.8,M,44.7,M,,*4C
33806 1658401070 0 7 $GNGGA,105749.000,4424.59474,N,00854.65299,E,1,12,0.8,3.8,M,44.7,M,,*4E
33807 1658401071 0 7 $GNGGA,105750.000,4424.59485,N,00854.65293,E,1,12,0.8,3.9,M,44.7,M,,*43
33808 1658401072 0 3 2.617 4.979
33809 1658401072 0 4 2.621 1.544
33810 1658401072 0 5 0.48
33811 1658401072 0 6 0.10
33812 1658401072 0 8 4.994 9.275 8.80
33813 1658401073 0 7 $GNGGA,105751.000,4424.59497,N,00854.65284,E,1,12,0.8,3.8,M,44.7,M,,*46
33814 1658401073 0 7 $GNGGA,105752.000,4424.59501,N,00854.65270,E,1,12,0.8,3.9,M,44.7,M,,*41
33815 1658401074 0 0 26.81 8.22 107.6 67.55 137.7 8.57 14.9 0.0 302.1 1.08 45.97 1.1
33816 1658401074 0 1 2.509
33817 1658401074 0 1 2.084
33818 1658401074 0 1 2.057
33819 1658401075 0 3 2.620 4.979
33820 1658401075 0 4 2.633 1.541
33821 1658401075 0 5 0.48
33822 1658401075 0 6 0.10
33823 1658401075 0 8 4.997 9.304 8.91
33824 1658401076 0 1 2.111
33825 1658401076 0 0 26.81 8.22 107.7 67.50 137.8 8.58 14.9 0.0 303.1 1.22 45.92 1.1
33827 1658401077 0 7 $GNGGA,105756.000,4424.59526,N,00854.65208,E,1,12,0.8,4.2,M,44.7,M,,*43
33828 1658401078 0 3 2.701 4.979
33829 1658401078 0 4 2.700 1.529
33830 1658401078 0 5 0.48
33831 1658401078 0 6 0.10
33832 1658401079 0 8 4.994 9.332 8.89
33833 1658401079 0 1 2.410
33834 1658401079 0 0 26.76 8.22 107.7 67.63 137.8 8.58 14.9 0.0 304.4 1.86 46.03 1.1
33835 1658401079 0 7 $GNGGA,105757.000,4424.59588,N,00854.65273,E,1,12,0.8,3.7,M,44.7,M,,*48
33836 1658401079 0 7 $GNGGA,105758.000,4424.59596,N,00854.65256,E,1,12,0.8,3.9,M,44.7,M,,*41
33837 1658401080 0 7 $GNGGA,105759.000,4424.59601,N,00854.65242,E,1,12,0.8,4.0,M,44.7,M,,*46
33838 1658401081 0 3 2.796 4.979
33839 1658401081 0 4 2.710 1.539
33840 1658401081 0 5 0.48
33841 1658401081 0 6 0.10
33842 1658401081 0 8 4.994 9.445 8.80
33843 1658401082 0 1 2.650
33844 1658401082 0 0 26.72 8.22 107.7 67.63 137.8 8.59 14.9 0.0 310.7 2.78 46.03 1.1
33845 1658401082 0 7 $GNGGA,105800.000,4424.59607,N,00854.65222,E,1,12,0.8,4.1,M,44.7,M,,*44
33846 1658401082 0 7 $GNGGA,105801.000,4424.59613,N,00854.65208,E,1,12,0.8,4.1,M,44.7,M,,*48
33847 1658401083 0 7 $GNGGA,105802.000,4424.59658,N,00854.65252,E,1,12,0.8,4.2,M,44.7,M,,*48
33848 1658401084 0 3 2.800 4.979
33849 1658401084 0 4 2.712 1.534
33850 1658401084 0 5 0.48
33851 1658401084 0 6 0.10
33852 1658401084 0 8 4.994 9.473 8.91
33853 1658401085 0 1 3.450
33854 1658401085 0 0 26.48 8.22 107.7 67.68 137.8 8.62 15.0 0.0 319.7 4.02 46.07 1.1
33855 1658401085 0 7 $GNGGA,105803.000,4424.59665,N,00854.65241,E,1,12,0.8,4.1,M,44.7,M,,*46
33856 1658401085 0 7 $GNGGA,105804.000,4424.59674,N,00854.65233,E,1,12,0.8,4.1,M,44.7,M,,*44
33857 1658401086 0 7 $GNGGA,105805.000,4424.59684,N,00854.65229,E,1,12,0.8,4.0,M,44.7,M,,*40
33858 1658401087 0 3 2.804 4.979
33859 1658401087 0 4 2.715 1.536
33860 1658401087 0 5 0.48
33861 1658401087 0 6 0.10
33862 1658401087 0 8 4.994 9.492 8.80
33863 1658401088 0 1 3.721
33864 1658401088 0 0 26.25 8.22 107.8 67.47 137.8 8.66 15.0 0.0 318.0 5.24 45.92 1.0
33865 1658401088 0 7 $GNGGA,105806.000,4424.59685,N,00854.65214,E,1,12,0.8,4.1,M,44.7,M,,*4D
33866 1658401088 0 7 $GNGGA,105807.000,4424.59688,N,00854.65207,E,1,12,0.8,4.0,M,44.7,M,,*42
33867 1658401089 0 7 $GNGGA,105808.000,4424.59694,N,00854.65199,E,1,12,0.9,4.1,M,44.7,M,,*44
33868 1658401090 0 3 2.807 4.979
33869 1658401090 0 4 2.715 1.536
33870 1658401090 0 5 0.48
33871 1658401090 0 6 0.10
33872 1658401090 0 8 4.994 9.483 8.91
33873 1658401091 0 1 3.711
33874 1658401091 0 0 26.16 8.22 107.8 67.63 137.8 8.66 15.0 0.0 321.7 6.23 46.04 1.0
33875 1658401091 0 7 $GNGGA,105809.000,4424.59702,N,00854.65183,E,1,12,0.9,4.1,M,44.7,M,,*40
33876 1658401091 0 7 $GNGGA,105810.000,4424.59706,N,00854.65169,E,1,12,0.9,4.2,M,44.7,M,,*4B
33877 1658401092 0 7 $GNGGA,105811.000,4424.59712,N,00854.65160,E,1,12,0.9,4.1,M,44.7,M,,*45
33878 1658401093 0 3 2.809 4.979
33879 1658401093 0 4 2.715 1.556
33880 1658401093 0 5 0.48
33881 1658401093 0 6 0.10
33882 1658401093 0 8 4.994 9.502 8.78
33883 1658401094 0 1 3.665
33884 1658401094 0 0 25.69 8.22 107.8 67.92 137.7 8.71 15.1 0.0 348.9 7.09 46.29 1.0
33885 1658401094 0 7 $GNGGA,105812.000,4424.59716,N,00854.65152,E,1,12,0.9,4.2,M,44.7,M,,*40
33886 1658401094 0 7 $GNGGA,105813.000,4424.59724,N,00854.65140,E,1,12,0.9,4.3,M,44.7,M,,*42
33887 1658401095 0 7 $GNGGA,105814.000,4424.59724,N,00854.65141,E,1,12,0.9,3.4,M,44.7,M,,*44
33888 1658401096 0 3 2.811 4.979
33889 1658401096 0 4 2.717 1.561
33890 1658401096 0 5 0.48
33891 1658401096 0 6 0.10
33892 1658401096 0 8 4.994 9.445 8.82
33893 1658401097 0 1 4.223
33894 1658401097 0 0 25.17 8.22 107.9 67.57 137.7 8.80 15.3 0.0 346.2 7.88 46.02 1.0
33895 1658401097 0 7 $GNGGA,105815.000,4424.59735,N,00854.65135,E,1,12,0.9,3.5,M,44.7,M,,*47
33896 1658401098 0 7 $GNGGA,105817.000,4424.59753,N,00854.65122,E,1,12,0.9,3.5,M,44.7,M,,*43
33897 1658401099 0 3 2.810 4.979
33898 1658401099 0 4 2.717 1.561
33899 1658401099 0 5 0.48
33900 1658401099 0 6 0.10
33901 1658401099 0 8 4.994 9.483 8.80
33902 1658401100 0 1 4.296
33903 1658401100 0 0 25.00 8.22 108.0 67.45 137.6 8.82 15.2 0.0 345.0 8.47 45.94 1.0
33904 1658401100 0 7 $GNGGA,105818.000,4424.59765,N,00854.65123,E,1,12,0.9,3.5,M,44.7,M,,*48
33905 1658401100 0 7 $GNGGA,105819.000,4424.59775,N,00854.65118,E,1,12,0.9,3.5,M,44.7,M,,*40
33906 1658401101 0 7 $GNGGA,105820.000,4424.59786,N,00854.65113,E,1,12,0.9,3.4,M,44.7,M,,*4C
33907 1658401102 0 3 2.811 4.979
33908 1658401102 0 4 2.716 1.564
33909 1658401102 0 5 0.48
33910 1658401102 0 6 0.10
33911 1658401103 0 8 4.994 9.455 8.80
33912 1658401103 0 7 $GNGGA,105821.000,4424.59797,N,00854.65105,E,1,12,0.9,3.4,M,44.7,M,,*4A
33913 1658401103 0 7 $GNGGA,105822.000,4424.59807,N,00854.65100,E,1,12,0.9,3.4,M,44.7,M,,*4A
33914 1658401104 0 0 24.83 8.22 108.0 67.47 137.5 8.84 15.3 0.0 347.1 9.05 45.95 0.9
33915 1658401104 0 1 3.988
33916 1658401104 0 1 3.404
33917 1658401104 0 1 3.093
33918 1658401105 0 3 2.810 4.979
33919 1658401105 0 4 2.717 1.561
33920 1658401105 0 5 0.47
33921 1658401105 0 6 0.10
33922 1658401105 0 8 4.994 9.445 8.91
33923 1658401106 0 1 3.636
33924 1658401106 0 0 24.70 8.22 108.1 67.32 137.3 8.85 15.3 0.0 347.2 9.24 45.84 0.9
33925 1658401106 0 7 $GNGGA,105823.000,4424.59821,N,00854.65093,E,1,12,0.9,3.4,M,44.7,M,,*44
33926 1658401107 0 7 $GNGGA,105826.000,4424.59856,N,00854.65068,E,1,12,0.9,3.5,M,44.7,M,,*44
33927 1658401108 0 3 2.810 4.979
33928 1658401108 0 4 2.715 1.561
33929 1658401108 0 5 0.47
33930 1658401108 0 6 0.10
33931 1658401109 0 8 4.994 9.473 8.82
33932 1658401109 0 1 3.818
33933 1658401109 0 0 24.74 8.22 108.2 67.23 137.2 8.84 15.3 0.0 342.5 9.24 45.77 0.9
33934 1658401109 0 7 $GNGGA,105827.000,4424.59872,N,00854.65056,E,1,12,0.9,3.6,M,44.7,M,,*4D
33935 1658401110 0 7 $GNGGA,105829.000,4424.59886,N,00854.65045,E,1,12,0.9,4.0,M,44.7,M,,*4B
33936 1658401111 0 3 2.811 4.979
33937 1658401111 0 4 2.715 1.564
33938 1658401111 0 5 0.47
33939 1658401111 0 6 0.10
33940 1658401111 0 8 4.994 9.473 8.91
33941 1658401112 0 1 3.577
33942 1658401112 0 0 24.71 8.22 108.1 67.26 136.9 8.83 15.3 0.0 328.1 9.24 45.79 0.9
33943 1658401112 0 7 $GNGGA,105830.000,4424.59899,N,00854.65031,E,1,12,0.9,4.1,M,44.7,M,,*4F
33944 1658401112 0 7 $GNGGA,105831.000,4424.59910,N,00854.65021,E,1,12,0.9,4.2,M,44.7,M,,*4C
33945 1658401113 0 7 $GNGGA,105832.000,4424.59916,N,00854.64970,E,1,12,0.9,3.7,M,44.7,M,,*47
33946 1658401114 0 3 2.810 4.979
33947 1658401114 0 4 2.715 1.564
33948 1658401114 0 5 0.46
33949 1658401114 0 6 0.10
33950 1658401115 0 8 4.994 9.492 8.87
33951 1658401115 0 1 3.924
33952 1658401115 0 0 24.88 8.22 107.9 67.30 136.8 8.80 15.3 0.0 318.2 9.25 45.82 1.0
33953 1658401115 0 7 $GNGGA,105833.000,4424.59926,N,00854.64907,E,1,12,0.9,3.3,M,44.7,M,,*41
33954 1658401116 0 7 $GNGGA,105835.000,4424.59957,N,00854.64858,E,1,12,0.9,3.7,M,44.7,M,,*4E
33955 1658401117 0 3 2.810 4.979
33956 1658401117 0 4 2.715 1.591
33957 1658401117 0 5 0.46
33958 1658401117 0 6 0.09
33959 1658401117 0 8 4.994 9.483 8.80
33960 1658401118 0 1 3.752
33961 1658401118 0 0 25.06 8.22 107.9 67.39 136.7 8.75 15.2 0.0 314.9 9.25 45.89 1.0
33962 1658401118 0 7 $GNGGA,105836.000,4424.59967,N,00854.64848,E,1,12,0.9,3.9,M,44.7,M,,*41
33963 1658401118 0 7 $GNGGA,105837.000,4424.59983,N,00854.64830,E,1,12,0.9,3.9,M,44.7,M,,*45
33964 1658401119 0 7 $GNGGA,105838.000,4424.59998,N,00854.64815,E,1,12,0.9,4.0,M,44.7,M,,*49
33965 1658401120 0 3 2.810 4.979
33966 1658401120 0 4 2.715 1.584
33967 1658401120 0 5 0.46
33968 1658401120 0 6 0.09
33969 1658401120 0 8 4.994 9.483 8.80
33970 1658401121 0 1 3.816
33971 1658401121 0 0 25.14 8.22 107.9 67.45 136.5 8.73 15.1 0.0 312.0 9.25 45.94 1.0
33972 1658401121 0 7 $GNGGA,105839.000,4424.60014,N,00854.64799,E,1,12,0.9,4.1,M,44.7,M,,*45
33973 1658401122 0 7 $GNGGA,105841.000,4424.60050,N,00854.64769,E,1,12,0.9,4.3,M,44.7,M,,*47
33974 1658401123 0 3 2.810 4.979
33975 1658401123 0 4 2.715 1.584
33976 1658401123 0 5 0.45
33977 1658401123 0 6 0.09
33978 1658401123 0 8 4.994 9.464 8.80
33979 1658401124 0 1 3.285
33980 1658401124 0 0 25.17 8.22 108.0 67.44 136.4 8.72 15.0 0.0 311.7 9.25 45.93 1.0
33981 1658401124 0 7 $GNGGA,105842.000,4424.60067,N,00854.64752,E,1,12,0.9,4.4,M,44.7,M,,*4F
33982 1658401124 0 7 $GNGGA,105843.000,4424.60085,N,00854.64736,E,1,12,0.9,4.5,M,44.7,M,,*41
33983 1658401125 0 7 $GNGGA,105844.000,4424.60099,N,00854.64717,E,1,12,0.9,4.6,M,44.7,M,,*4B
33984 1658401126 0 3 2.810 4.979
33985 1658401126 0 4 2.715 1.584
33986 1658401126 0 5 0.45
33987 1658401126 0 6 0.09
33988 1658401126 0 8 4.994 9.473 8.80
33989 1658401127 0 1 4.605
33990 1658401127 0 0 25.16 8.22 108.0 67.47 136.3 8.71 14.9 0.0 309.6 9.25 45.95 1.0
33991 1658401127 0 7 $GNGGA,105845.000,4424.60113,N,00854.64708,E,1,12,0.9,4.6,M,44.7,M,,*47
33992 1658401128 0 7 $GNGGA,105847.000,4424.60132,N,00854.64678,E,1,12,0.9,4.8,M,44.7,M,,*4E
33993 1658401129 0 3 2.810 4.979
33994 1658401129 0 4 2.714 1.586
33995 1658401129 0 5 0.45
33996 1658401129 0 6 0.09
33997 1658401129 0 8 4.994 9.483 8.80
33998 1658401130 0 1 3.422
33999 1658401130 0 0 25.09 8.22 108.0 67.43 136.0 8.71 14.9 0.0 311.3 9.25 45.92 0.9
34000 1658401130 0 7 $GNGGA,105848.000,4424.60146,N,00854.64677,E,1,12,0.9,4.2,M,44.7,M,,*47
34001 1658401130 0 7 $GNGGA,105849.000,4424.60160,N,00854.64660,E,1,12,0.9,4.4,M,44.7,M,,*42
34002 1658401131 0 7 $GNGGA,105850.000,4424.60165,N,00854.64645,E,1,12,0.9,4.4,M,44.7,M,,*48
34003 1658401132 0 3 2.810 4.979
34004 1658401132 0 4 2.714 1.586
34005 1658401132 0 5 0.44
34006 1658401132 0 6 0.09
34007 1658401132 0 8 4.994 9.502 8.80
34008 1658401133 0 7 $GNGGA,105851.000,4424.60175,N,00854.64630,E,1,12,0.9,4.6,M,44.7,M,,*48
34009 1658401133 0 7 $GNGGA,105852.000,4424.60185,N,00854.64623,E,1,12,0.9,4.6,M,44.7,M,,*46
34010 1658401134 0 0 24.54 8.22 108.0 67.74 135.8 8.76 15.2 0.0 321.3 9.05 46.17 0.9
34011 1658401134 0 1 3.201
34012 1658401134 0 1 3.017
34013 1658401134 0 1 3.038
34014 1658401135 0 3 2.811 4.979
34015 1658401135 0 4 2.714 1.589
34016 1658401135 0 5 0.44
34017 1658401135 0 6 0.09
34018 1658401135 0 8 4.994 9.492 8.87
34019 1658401136 0 1 3.349
34020 1658401136 0 0 24.74 8.22 108.1 67.23 135.5 8.74 15.0 0.0 306.6 8.63 45.77 0.9
34021 1658401136 0 7 $GNGGA,105853.000,4424.60197,N,00854.64610,E,1,12,0.9,4.7,M,44.7,M,,*45
34022 1658401137 0 7 $GNGGA,105856.000,4424.60215,N,00854.64575,E,1,12,0.9,4.9,M,44.7,M,,*47
34023 1658401138 0 3 2.812 4.979
34024 1658401138 0 4 2.712 1.594
34025 1658401138 0 5 0.44
34026 1658401138 0 6 0.09
34027 1658401138 0 8 4.994 9.426 8.78
34028 1658401139 0 1 3.114
34029 1658401139 0 7 $GNGGA,105857.000,4424.60219,N,00854.64562,E,1,12,0.9,4.9,M,44.7,M,,*4C
34030 1658401139 0 0 24.88 8.22 108.2 67.17 135.2 8.70 14.9 0.0 298.2 8.25 45.72 0.9
34031 1658401139 0 7 $GNGGA,105858.000,4424.60224,N,00854.64545,E,1,12,0.9,5.0,M,44.7,M,,*40
34032 1658401140 0 7 $GNGGA,105859.000,4424.60230,N,00854.64533,E,1,12,0.9,5.0,M,44.7,M,,*45
34033 1658401141 0 3 2.812 4.979
34034 1658401141 0 4 2.712 1.591
34035 1658401141 0 5 0.43
34036 1658401141 0 6 0.09
34037 1658401141 0 8 4.994 9.473 8.78
34038 1658401142 0 1 3.623
34039 1658401142 0 0 24.91 8.22 108.2 67.26 134.9 8.67 14.9 0.0 295.0 7.97 45.79 0.9
34040 1658401142 0 7 $GNGGA,105900.000,4424.60232,N,00854.64480,E,1,12,0.9,5.5,M,44.7,M,,*46
34041 1658401142 0 7 $GNGGA,105901.000,4424.60220,N,00854.64414,E,1,12,0.9,6.0,M,44.7,M,,*4F
34042 1658401143 0 7 $GNGGA,105902.000,4424.60225,N,00854.64363,E,1,12,0.9,6.5,M,44.7,M,,*4B
34043 1658401144 0 3 2.810 4.979
34044 1658401144 0 4 2.712 1.591
34045 1658401144 0 5 0.43
34046 1658401144 0 6 0.09
34047 1658401144 0 8 4.994 9.389 8.78
34048 1658401145 0 1 4.312
34049 1658401145 0 0 24.95 8.22 108.2 67.34 134.6 8.64 14.9 0.0 291.0 7.55 45.85 0.9
34050 1658401145 0 7 $GNGGA,105903.000,4424.60222,N,00854.64310,E,1,12,0.9,7.3,M,44.7,M,,*4E
34051 1658401146 0 7 $GNGGA,105904.000,4424.60213,N,00854.64259,E,1,12,0.9,7.6,M,44.7,M,,*42
34052 1658401146 0 7 $GNGGA,105905.000,4424.60219,N,00854.64188,E,1,12,0.9,7.5,M,44.7,M,,*45
34053 1658401147 0 3 2.810 4.979
34054 1658401147 0 4 2.712 1.591
34055 1658401147 0 5 0.43
34056 1658401147 0 6 0.09
34057 1658401147 0 8 4.994 9.426 8.80
34058 1658401148 0 1 4.209
34059 1658401148 0 0 25.05 8.22 108.2 67.36 134.3 8.60 14.8 0.0 284.9 7.15 45.86 0.9
34060 1658401148 0 7 $GNGGA,105906.000,4424.60236,N,00854.64139,E,1,12,0.9,7.3,M,44.7,M,,*47
34061 1658401148 0 7 $GNGGA,105907.000,4424.60249,N,00854.64078,E,1,12,0.9,7.0,M,44.7,M,,*49
34062 1658401149 0 7 $GNGGA,105908.000,4424.60251,N,00854.64048,E,1,12,0.9,7.2,M,44.7,M,,*4E
34063 1658401150 0 3 2.813 4.979
34064 1658401150 0 4 2.712 1.594
34065 1658401150 0 5 0.43
34066 1658401150 0 6 0.09
34067 1658401150 0 8 4.994 9.426 8.80
34068 1658401151 0 1 3.560
34069 1658401151 0 7 $GNGGA,105909.000,4424.60248,N,00854.64010,E,1,12,0.9,7.5,M,44.7,M,,*4D
34070 1658401151 0 0 25.31 8.22 108.0 67.17 134.1 8.57 14.7 0.0 278.8 6.73 45.71 0.9
34071 1658401152 0 7 $GNGGA,105910.000,4424.60256,N,00854.63987,E,1,12,0.9,7.5,M,44.7,M,,*4A
34072 1658401152 0 7 $GNGGA,105911.000,4424.60269,N,00854.63953,E,1,12,0.9,7.6,M,44.7,M,,*4D
34073 1658401153 0 3 2.810 4.979
34074 1658401153 0 4 2.711 1.594
34075 1658401153 0 5 0.42
34076 1658401153 0 6 0.09
34077 1658401153 0 8 4.994 9.455 8.78
34078 1658401154 0 1 4.201
34079 1658401154 0 0 25.66 8.22 107.9 66.93 134.2 8.53 14.6 0.0 261.2 6.30 45.51 1.0
34080 1658401154 0 7 $GNGGA,105912.000,4424.60274,N,00854.63942,E,1,12,0.9,7.6,M,44.7,M,,*42
34081 1658401154 0 7 $GNGGA,105913.000,4424.60291,N,00854.63919,E,1,12,0.9,7.6,M,44.7,M,,*46
34082 1658401155 0 7 $GNGGA,105914.000,4424.60303,N,00854.63860,E,1,12,0.9,8.4,M,44.7,M,,*49
34083 1658401156 0 3 2.812 4.979
34084 1658401156 0 4 2.711 1.594
34085 1658401156 0 5 0.42
34086 1658401156 0 6 0.09
34087 1658401156 0 8 4.994 9.426 8.78
34088 1658401157 0 1 3.556
34089 1658401157 0 0 25.95 8.22 107.8 66.91 134.4 8.50 14.5 0.0 259.6 5.90 45.49 1.0
34090 1658401157 0 7 $GNGGA,105915.000,4424.60322,N,00854.63826,E,1,12,0.9,8.4,M,44.7,M,,*49
34091 1658401158 0 7 $GNGGA,105917.000,4424.60347,N,00854.63798,E,1,12,0.9,8.3,M,44.7,M,,*45
34092 1658401159 0 3 2.810 4.979
34094 1658401159 0 5 0.42
34095 1658401159 0 6 0.09
34096 1658401159 0 8 4.994 9.464 8.78
34097 1658401160 0 1 3.602
34098 1658401160 0 0 26.04 8.22 107.6 67.20 134.5 8.49 14.5 0.0 256.6 5.49 45.71 1.0
34099 1658401160 0 7 $GNGGA,105918.000,4424.60361,N,00854.63787,E,1,12,0.9,8.4,M,44.7,M,,*47
34100 1658401160 0 7 $GNGGA,105919.000,4424.60373,N,00854.63712,E,1,12,0.9,8.3,M,44.7,M,,*4E
34101 1658401161 0 7 $GNGGA,105920.000,4424.60380,N,00854.63666,E,1,12,0.9,8.2,M,44.7,M,,*4B
34102 1658401162 0 3 2.810 4.979
34103 1658401162 0 4 2.710 1.594
34104 1658401162 0 5 0.42
34105 1658401162 0 6 0.09
34106 1658401162 0 8 4.994 9.426 8.80
34107 1658401163 0 7 $GNGGA,105921.000,4424.60397,N,00854.63651,E,1,12,0.9,8.6,M,44.7,M,,*4C
34108 1658401163 0 7 $GNGGA,105922.000,4424.60414,N,00854.63634,E,1,12,0.9,8.6,M,44.7,M,,*40
34109 1658401164 0 0 26.08 8.22 107.6 67.24 134.7 8.49 14.5 0.0 255.1 5.10 45.74 1.0
34110 1658401164 0 1 3.939
34111 1658401164 0 1 3.735
34112 1658401164 0 1 3.604
34113 1658401165 0 3 2.810 4.979
34114 1658401165 0 4 2.709 1.596
34115 1658401165 0 5 0.42
34116 1658401165 0 6 0.09
34117 1658401165 0 8 4.994 9.398 8.80
34118 1658401166 0 1 3.648
34119 1658401166 0 0 26.14 8.22 107.5 67.39 134.8 8.49 14.5 0.0 251.9 4.70 45.86 1.0
34120 1658401166 0 7 $GNGGA,105923.000,4424.60426,N,00854.63621,E,1,12,0.9,8.5,M,44.7,M,,*47
34121 1658401167 0 7 $GNGGA,105926.000,4424.60466,N,00854.63553,E,1,12,0.9,8.4,M,44.7,M,,*41
34122 1658401168 0 3 2.810 4.979
34123 1658401168 0 4 2.708 1.594
34124 1658401168 0 5 0.42
34125 1658401168 0 6 0.09
34126 1658401168 0 8 4.994 9.398 8.78
34127 1658401169 0 1 3.886
34128 1658401169 0 0 26.18 8.22 107.5 67.48 134.9 8.48 14.5 0.0 251.2 4.31 45.93 1.0
34129 1658401169 0 7 $GNGGA,105927.000,4424.60490,N,00854.63546,E,1,12,0.9,8.4,M,44.7,M,,*4D
34130 1658401169 0 7 $GNGGA,105928.000,4424.60506,N,00854.63525,E,1,12,0.9,8.2,M,44.7,M,,*4F
34131 1658401170 0 7 $GNGGA,105929.000,4424.60520,N,00854.63520,E,1,12,0.9,8.2,M,44.7,M,,*4F
34132 1658401171 0 3 2.810 4.979
34133 1658401171 0 4 2.708 1.591
34134 1658401171 0 5 0.42
34135 1658401171 0 6 0.09
34136 1658401171 0 8 4.994 9.407 8.78
34137 1658401172 0 1 3.434
34138 1658401172 0 0 26.23 8.22 107.4 67.43 135.0 8.48 14.5 0.0 250.9 4.00 45.89 1.0
34139 1658401172 0 7 $GNGGA,105930.000,4424.60533,N,00854.63497,E,1,12,0.9,8.1,M,44.7,M,,*4B
34140 1658401172 0 7 $GNGGA,105931.000,4424.60537,N,00854.63483,E,1,12,0.9,8.0,M,44.7,M,,*4A
34141 1658401173 0 7 $GNGGA,105932.000,4424.60544,N,00854.63468,E,1,12,0.9,7.8,M,44.7,M,,*4F
34142 1658401174 0 3 2.810 4.979
34143 1658401174 0 4 2.707 1.594
34144 1658401174 0 5 0.42
34145 1658401174 0 6 0.09
34146 1658401174 0 8 4.994 9.398 8.78
34147 1658401175 0 1 3.888
34148 1658401175 0 0 26.26 8.22 107.4 67.51 135.1 8.48 14.5 0.0 250.4 3.72 45.95 1.0
34149 1658401175 0 7 $GNGGA,105933.000,4424.60556,N,00854.63457,E,1,12,0.9,7.7,M,44.7,M,,*4E
34150 1658401175 0 7 $GNGGA,105934.000,4424.60568,N,00854.63446,E,1,12,0.9,7.6,M,44.7,M,,*45
34151 1658401176 0 7 $GNGGA,105935.000,4424.60579,N,00854.63436,E,1,12,0.9,7.5,M,44.7,M,,*40
34152 1658401177 0 3 2.810 4.979
34153 1658401177 0 4 2.707 1.594
34154 1658401177 0 5 0.43
34155 1658401177 0 6 0.09
34156 1658401177 0 8 4.994 9.417 8.78
34157 1658401178 0 1 3.462
34158 1658401178 0 0 26.30 8.22 107.4 67.43 135.3 8.49 14.5 0.0 251.3 3.46 45.89 1.0
34159 1658401178 0 7 $GNGGA,105936.000,4424.60588,N,00854.63427,E,1,12,0.9,7.4,M,44.7,M,,*4C
34160 1658401178 0 7 $GNGGA,105937.000,4424.60598,N,00854.63410,E,1,12,0.9,7.3,M,44.7,M,,*4F
34161 1658401179 0 7 $GNGGA,105938.000,4424.60607,N,00854.63400,E,1,12,0.9,7.2,M,44.7,M,,*45
34162 1658401180 0 3 2.809 4.979
34163 1658401180 0 4 2.706 1.594
34164 1658401180 0 5 0.43
34165 1658401180 0 6 0.09
34166 1658401180 0 8 4.994 9.417 8.78
34167 1658401181 0 1 3.860
34168 1658401181 0 0 26.31 8.22 107.4 67.43 135.3 8.49 14.5 0.0 249.9 3.04 45.89 1.0
34169 1658401181 0 7 $GNGGA,105939.000,4424.60615,N,00854.63386,E,1,12,0.9,7.2,M,44.7,M,,*4E
34170 1658401181 0 7 $GNGGA,105940.000,4424.60623,N,00854.63375,E,1,12,0.9,7.1,M,44.7,M,,*4A
34171 1658401182 0 7 $GNGGA,105941.000,4424.60629,N,00854.63376,E,1,12,0.9,7.1,M,44.7,M,,*42
34172 1658401183 0 3 2.808 4.979
34173 1658401183 0 4 2.705 1.594
34174 1658401183 0 5 0.43
34175 1658401183 0 6 0.09
34176 1658401183 0 8 4.994 9.417 8.78
34177 1658401184 0 1 3.032
34178 1658401184 0 0 26.40 8.22 107.4 67.57 135.4 8.48 14.5 0.0 248.1 2.73 45.99 1.0
34179 1658401184 0 7 $GNGGA,105942.000,4424.60638,N,00854.63367,E,1,12,0.9,7.0,M,44.7,M,,*40
34180 1658401184 0 7 $GNGGA,105943.000,4424.60643,N,00854.63363,E,1,12,0.9,6.9,M,44.7,M,,*41
34181 1658401185 0 7 $GNGGA,105944.000,4424.60651,N,00854.63355,E,1,12,0.9,6.8,M,44.7,M,,*41
34182 1658401186 0 3 2.805 4.979
34183 1658401186 0 4 2.705 1.591
34185 1658401186 0 6 0.09
34186 1658401186 0 8 4.994 9.398 8.80
34187 1658401187 0 1 3.288
34188 1658401187 0 0 26.52 8.22 107.4 67.52 135.5 8.47 14.5 0.0 246.9 2.56 45.95 1.0
34189 1658401187 0 7 $GNGGA,105945.000,4424.60659,N,00854.63349,E,1,12,0.9,6.8,M,44.7,M,,*45
34190 1658401187 0 7 $GNGGA,105946.000,4424.60667,N,00854.63343,E,1,12,0.9,6.7,M,44.7,M,,*4E
34191 1658401188 0 7 $GNGGA,105947.000,4424.60674,N,00854.63335,E,1,12,0.9,6.6,M,44.7,M,,*4D
34192 1658401189 0 3 2.796 4.979
34193 1658401189 0 4 2.704 1.591
34194 1658401189 0 5 0.43
34195 1658401189 0 6 0.09
34196 1658401189 0 8 4.994 9.398 8.78
34197 1658401190 0 1 3.008
34198 1658401190 0 0 26.56 8.22 107.5 67.42 135.6 8.47 14.5 0.0 247.1 2.23 45.87 1.0
34199 1658401190 0 7 $GNGGA,105948.000,4424.60680,N,00854.63329,E,1,12,0.9,6.5,M,44.7,M,,*47
34200 1658401190 0 7 $GNGGA,105949.000,4424.60686,N,00854.63324,E,1,12,0.9,6.5,M,44.7,M,,*4D
34201 1658401191 0 7 $GNGGA,105950.000,4424.60692,N,00854.63316,E,1,12,0.9,6.5,M,44.7,M,,*41
34202 1658401192 0 3 2.785 4.979
34203 1658401192 0 4 2.700 1.591
34204 1658401192 0 5 0.43
34205 1658401192 0 6 0.09
34206 1658401192 0 8 4.994 9.407 8.80
34207 1658401193 0 7 $GNGGA,105951.000,4424.60696,N,00854.63310,E,1,12,0.9,6.3,M,44.7,M,,*44
34208 1658401193 0 7 $GNGGA,105952.000,4424.60698,N,00854.63304,E,1,12,0.9,6.2,M,44.7,M,,*4D
34209 1658401194 0 7 $GNGGA,105953.000,4424.60699,N,00854.63297,E,1,12,0.9,6.2,M,44.7,M,,*46
34210 1658401195 0 3 2.733 4.979
34211 1658401195 0 4 2.695 1.591
34212 1658401195 0 1 3.362
34213 1658401195 0 5 0.44
34214 1658401195 0 6 0.09
34215 1658401196 0 8 4.994 9.398 8.80
34216 1658401196 0 0 26.61 8.22 107.4 67.52 135.7 8.47 14.6 0.0 247.9 1.73 45.95 1.0
34218 1658401196 0 7 $GNGGA,105955.000,4424.60695,N,00854.63273,E,1,12,0.9,6.4,M,44.7,M,,*40
34219 1658401197 0 7 $GNGGA,105956.000,4424.60699,N,00854.63267,E,1,12,0.9,6.5,M,44.7,M,,*4B
34220 1658401198 0 3 2.652 4.979
34221 1658401198 0 4 2.657 1.589
34222 1658401198 0 5 0.44
34223 1658401198 0 1 2.784
34224 1658401198 0 6 0.09
34225 1658401199 0 8 4.994 9.407 8.80
34226 1658401199 0 0 26.60 8.22 107.4 67.56 136.0 8.49 14.6 0.0 250.8 1.34 45.98 1.0
34227 1658401199 0 7 $GNGGA,105957.000,4424.60701,N,00854.63264,E,1,12,0.9,6.7,M,44.7,M,,*4B
34228 1658401199 0 7 $GNGGA,105958.000,4424.60704,N,00854.63262,E,1,12,0.9,6.7,M,44.7,M,,*47
34229 1658401200 0 7 $GNGGA,105959.000,4424.60704,N,00854.63257,E,1,12,0.9,6.8,M,44.7,M,,*4F
34230 1658401201 0 3 2.630 4.979
34231 1658401201 0 4 2.625 1.554
34232 1658401201 0 5 0.44
34233 1658401201 0 6 0.09
34234 1658401201 0 1 2.847
34235 1658401202 0 8 4.994 9.398 8.80
34236 1658401202 0 0 26.60 8.22 107.4 67.60 136.0 8.49 14.6 0.0 251.5 1.08 46.01 1.0
34237 1658401202 0 7 $GNGGA,110000.000,4424.60705,N,00854.63254,E,1,12,0.9,6.8,M,44.7,M,,*4C
34238 1658401202 0 7 $GNGGA,110001.000,4424.60706,N,00854.63249,E,1,12,0.9,6.8,M,44.7,M,,*42
34239 1658401203 0 7 $GNGGA,110002.000,4424.60707,N,00854.63246,E,1,12,0.9,6.8,M,44.7,M,,*4F
34240 1658401204 0 3 2.630 4.979
34241 1658401204 0 4 2.624 1.544
34242 1658401204 0 1 2.582
34243 1658401204 0 5 0.44
34244 1658401204 0 6 0.09
34245 1658401205 0 8 4.994 9.417 8.80
34246 1658401205 0 0 26.65 8.22 107.4 67.54 136.1 8.49 14.6 0.0 252.2 1.09 45.96 1.1
34247 1658401205 0 7 $GNGGA,110003.000,4424.60708,N,00854.63241,E,1,12,0.9,6.8,M,44.7,M,,*46
34248 1658401205 0 7 $GNGGA,110004.000,4424.60705,N,00854.63234,E,1,12,0.9,7.0,M,44.7,M,,*47
34249 1658401206 0 7 $GNGGA,110005.000,4424.60706,N,00854.63229,E,1,12,0.9,7.0,M,44.7,M,,*49
