/home/danielacabiddu/Devel/src/MATRAC/test/tuttomatrac/data/porto_grid.mesh
2010 1658406182 0 3 2.578 4.978
2011 1658406182 0 4 2.547 1.483
2012 1658406182 0 5 0.37
2013 1658406182 0 6 0.10
2014 1658406183 0 8 4.997 12.144 11.87
2015 1658406183 0 1 0.635
2016 1658406183 0 0 27.70 8.21 146.5 56.03 138.4 8.92 17.6 0.0 270.0 0.69 37.14 1.3
2017 1658406183 0 7 $GNGGA,122301.000,4424.19549,N,00855.15107,E,1,14,0.8,2.9,M,44.7,M,,*4C
2018 1658406185 0 3 2.581 4.978
2026 1658406187 0 7 $GNGGA,122306.000,4424.19556,N,00855.15117,E,1,14,0.8,2.8,M,44.7,M,,*45
2027 1658406188 0 3 2.581 4.977
2028 1658406188 0 4 2.556 1.493
2029 1658406188 0 5 0.38
2030 1658406188 0 6 0.10
2031 1658406188 0 8 4.997 12.144 11.89
2032 1658406188 0 1 1.075
2033 1658406189 0 0 27.72 8.21 146.2 67.59 137.5 8.43 17.5 0.0 274.0 0.75 45.96 1.3
2034 1658406189 0 7 $GNGGA,122307.000,4424.19555,N,00855.15120,E,1,14,0.8,2.8,M,44.7,M,,*43
2035 1658406190 0 7 $GNGGA,122309.000,4424.19559,N,00855.15124,E,1,14,0.8,2.8,M,44.7,M,,*45
2036 1658406191 0 3 2.582 4.978
2037 1658406191 0 4 2.561 1.493
2038 1658406191 0 5 0.38
2039 1658406191 0 6 0.10
2040 1658406191 0 8 4.997 12.135 11.89
2041 1658406191 0 1 0.599
2042 1658406192 0 0 27.73 8.20 146.1 67.66 137.0 8.40 17.5 0.0 275.7 0.79 46.02 1.3
2043 1658406192 0 7 $GNGGA,122310.000,4424.19560,N,00855.15126,E,1,14,0.8,2.8,M,44.7,M,,*45
2044 1658406193 0 7 $GNGGA,122312.000,4424.19562,N,00855.15129,E,1,14,0.8,2.8,M,44.7,M,,*4A
2046 1658406194 0 4 2.555 1.481
2047 1658406194 0 5 0.38
2048 1658406194 0 6 0.10
2049 1658406194 0 8 4.997 12.135 11.89
2050 1658406194 0 1 0.607
2051 1658406195 0 0 27.72 8.20 145.8 67.74 136.5 8.37 17.5 0.0 277.1 0.78 46.08 1.3
2052 1658406195 0 7 $GNGGA,122313.000,4424.19563,N,00855.15130,E,1,14,0.8,2.8,M,44.7,M,,*42
2053 1658406196 0 7 $GNGGA,122315.000,4424.19565,N,00855.15134,E,1,14,0.8,2.8,M,44.7,M,,*46
2054 1658406197 0 3 2.581 4.978
2055 1658406197 0 4 2.554 1.439
2056 1658406197 0 5 0.38
2057 1658406197 0 6 0.10
2058 1658406198 0 8 4.997 12.135 11.91
2059 1658406198 0 1 0.565
2060 1658406198 0 0 27.72 8.20 145.7 67.78 135.9 8.33 17.5 0.0 278.9 0.74 46.11 1.3
2061 1658406198 0 7 $GNGGA,122316.000,4424.19566,N,00855.15135,E,1,14,0.8,2.8,M,44.7,M,,*47
2062 1658406200 0 3 2.581 4.978
2063 1658406200 0 4 2.555 1.446
2064 1658406200 0 5 0.38
2065 1658406200 0 6 0.10
2066 1658406200 0 8 4.997 12.126 11.89
2067 1658406201 0 1 0.571
2068 1658406201 0 0 27.72 8.20 145.6 67.90 135.3 8.28 17.6 0.0 280.9 0.75 46.21 1.3
2069 1658406201 0 7 $GNGGA,122319.000,4424.19570,N,00855.15137,E,1,14,0.8,2.8,M,44.7,M,,*4D
2070 1658406203 0 3 2.581 4.978
2071 1658406203 0 4 2.560 1.444
2072 1658406203 0 5 0.39
2073 1658406203 0 6 0.10
2074 1658406203 0 8 4.997 12.116 11.89
2075 1658406203 0 1 0.511
2076 1658406204 0 0 27.72 8.21 145.4 67.85 134.6 8.24 17.6 0.0 282.7 0.76 46.17 1.3
2077 1658406204 0 7 $GNGGA,122322.000,4424.19575,N,00855.15139,E,1,14,0.8,2.8,M,44.7,M,,*4E
2078 1658406205 0 7 $GNGGA,122324.000,4424.19577,N,00855.15141,E,1,14,0.8,2.8,M,44.7,M,,*45
2079 1658406206 0 3 2.582 4.978
2080 1658406206 0 4 2.564 1.446
2081 1658406206 0 5 0.39
2082 1658406206 0 6 0.10
2083 1658406206 0 8 4.997 12.098 11.89
2084 1658406206 0 1 0.620
2085 1658406207 0 0 27.72 8.21 145.3 67.82 133.9 8.20 17.6 0.0 283.8 0.80 46.14 1.3
2086 1658406207 0 7 $GNGGA,122325.000,4424.19579,N,00855.15143,E,1,14,0.8,2.8,M,44.7,M,,*48
2087 1658406208 0 7 $GNGGA,122327.000,4424.19582,N,00855.15144,E,1,14,0.8,2.9,M,44.7,M,,*48
2088 1658406209 0 3 2.582 4.978
2089 1658406209 0 4 2.551 1.449
2090 1658406209 0 5 0.39
2091 1658406209 0 6 0.11
2092 1658406209 0 8 4.997 12.088 11.89
2093 1658406209 0 1 0.674
2094 1658406210 0 0 27.72 8.21 145.2 67.68 133.4 8.18 17.6 0.0 285.1 0.71 46.04 1.3
2095 1658406210 0 7 $GNGGA,122328.000,4424.19582,N,00855.15146,E,1,14,0.8,2.8,M,44.7,M,,*44
2096 1658406211 0 7 $GNGGA,122330.000,4424.19583,N,00855.15148,E,1,14,0.8,2.8,M,44.7,M,,*42
2097 1658406212 0 3 2.582 4.978
2098 1658406212 0 4 2.551 1.451
2099 1658406212 0 5 0.39
2100 1658406212 0 6 0.11
2101 1658406213 0 8 4.997 12.079 11.91
2102 1658406213 0 1 0.569
2103 1658406213 0 0 27.71 8.21 145.0 67.86 132.7 8.13 17.6 0.0 287.3 0.70 46.18 1.3
2104 1658406213 0 7 $GNGGA,122331.000,4424.19584,N,00855.15149,E,1,14,0.8,2.8,M,44.7,M,,*45
2105 1658406215 0 3 2.582 4.978
2106 1658406215 0 4 2.554 1.454
2107 1658406215 0 5 0.39
2108 1658406215 0 6 0.11
2109 1658406215 0 8 4.997 12.060 11.91
2110 1658406215 0 1 0.970
2111 1658406216 0 0 27.71 8.21 144.9 67.86 132.3 8.10 17.6 0.0 289.7 0.72 46.18 1.3
2112 1658406216 0 7 $GNGGA,122334.000,4424.19588,N,00855.15154,E,1,14,0.8,2.8,M,44.7,M,,*40
2113 1658406217 0 7 $GNGGA,122336.000,4424.19590,N,00855.15156,E,1,14,0.8,2.8,M,44.7,M,,*49
2114 1658406218 0 3 2.584 4.978
2115 1658406218 0 4 2.553 1.451
2116 1658406218 0 5 0.40
2117 1658406218 0 6 0.11
2118 1658406218 0 8 4.997 12.060 11.89
2119 1658406218 0 1 0.644
2120 1658406219 0 0 27.71 8.20 144.7 67.80 131.8 8.08 17.6 0.0 291.0 0.76 46.13 1.3
2121 1658406219 0 7 $GNGGA,122337.000,4424.19591,N,00855.15159,E,1,14,0.8,2.8,M,44.7,M,,*46
2122 1658406221 0 3 2.585 4.978
2123 1658406221 0 4 2.560 1.451
2124 1658406221 0 5 0.40
2125 1658406221 0 6 0.11
2126 1658406221 0 8 4.997 11.882 11.89
2127 1658406221 0 1 0.661
2128 1658406222 0 0 27.71 8.20 144.5 67.91 131.4 8.05 17.6 0.0 292.5 0.80 46.21 1.3
2129 1658406222 0 7 $GNGGA,122340.000,4424.19596,N,00855.15163,E,1,14,0.8,2.8,M,44.7,M,,*48
2130 1658406223 0 7 $GNGGA,122342.000,4424.19598,N,00855.15167,E,1,14,0.8,2.9,M,44.7,M,,*41
2131 1658406224 0 3 2.584 4.978
2132 1658406224 0 4 2.567 1.449
2133 1658406224 0 5 0.40
2134 1658406224 0 6 0.11
2135 1658406224 0 8 4.997 11.891 11.89
2136 1658406224 0 1 0.596
2137 1658406225 0 0 27.71 8.20 144.5 67.88 131.2 8.04 17.6 0.0 294.3 0.77 46.19 1.3
2138 1658406225 0 7 $GNGGA,122343.000,4424.19612,N,00855.15166,E,1,14,0.8,2.9,M,44.7,M,,*40
2139 1658406227 0 3 2.585 4.978
2140 1658406227 0 4 2.565 1.451
2141 1658406227 0 5 0.40
2142 1658406227 0 6 0.11
2143 1658406228 0 8 4.997 12.126 11.91
2144 1658406228 0 1 0.543
2145 1658406228 0 0 27.71 8.20 144.3 67.86 130.8 8.01 17.6 0.0 295.2 0.79 46.17 1.3
2146 1658406228 0 7 $GNGGA,122346.000,4424.19617,N,00855.15172,E,1,14,0.8,2.9,M,44.7,M,,*45
2147 1658406230 0 3 2.582 4.977
2148 1658406230 0 4 2.555 1.451
2149 1658406230 0 5 0.40
2150 1658406230 0 6 0.11
2151 1658406230 0 8 4.997 12.285 11.91
2152 1658406230 0 1 0.559
2153 1658406231 0 0 27.71 8.20 144.2 67.91 130.5 7.99 17.6 0.0 297.5 0.72 46.22 1.3
2154 1658406231 0 7 $GNGGA,122349.000,4424.19622,N,00855.15177,E,1,14,0.8,3.0,M,44.7,M,,*41
2155 1658406232 0 7 $GNGGA,122351.000,4424.19626,N,00855.15180,E,1,14,0.8,3.0,M,44.7,M,,*44
2156 1658406233 0 3 2.583 4.978
2157 1658406233 0 4 2.551 1.454
2158 1658406233 0 5 0.40
2159 1658406233 0 6 0.11
2160 1658406233 0 8 4.997 12.182 11.89
2161 1658406233 0 1 0.640
2162 1658406234 0 0 27.71 8.21 144.1 67.74 130.2 7.98 17.6 0.0 298.6 0.74 46.08 1.3
2163 1658406234 0 7 $GNGGA,122352.000,4424.19627,N,00855.15182,E,1,14,0.8,3.0,M,44.7,M,,*44
2164 1658406235 0 7 $GNGGA,122354.000,4424.19630,N,00855.15183,E,1,14,0.8,3.0,M,44.7,M,,*45
2165 1658406236 0 3 2.583 4.978
2166 1658406236 0 4 2.558 1.451
2167 1658406236 0 5 0.41
2168 1658406236 0 6 0.11
2169 1658406237 0 8 4.997 11.938 11.89
2170 1658406237 0 1 0.598
2171 1658406237 0 0 27.72 8.20 143.9 67.75 130.0 7.97 17.6 0.0 299.6 0.74 46.09 1.3
2172 1658406237 0 7 $GNGGA,122355.000,4424.19632,N,00855.15184,E,1,14,0.8,3.0,M,44.7,M,,*41
2173 1658406239 0 3 2.584 4.978
2174 1658406239 0 4 2.555 1.459
2175 1658406239 0 5 0.41
2176 1658406239 0 6 0.11
2177 1658406239 0 8 4.997 11.938 11.89
2178 1658406239 0 1 0.583
2179 1658406240 0 0 27.73 8.20 143.9 67.74 129.7 7.94 17.6 0.0 301.2 0.75 46.08 1.3
2180 1658406240 0 7 $GNGGA,122358.000,4424.19643,N,00855.15183,E,1,14,0.8,3.1,M,44.7,M,,*4C
2181 1658406242 0 3 2.583 4.978
2182 1658406242 0 4 2.548 1.471
2183 1658406242 0 5 0.41
2184 1658406242 0 6 0.11
2185 1658406242 0 8 4.997 11.938 11.89
2186 1658406242 0 1 1.107
2187 1658406243 0 0 27.75 8.20 143.7 67.77 129.6 7.94 17.6 0.0 301.7 0.75 46.10 1.3
2188 1658406243 0 7 $GNGGA,122401.000,4424.19651,N,00855.15182,E,1,14,0.8,3.1,M,44.7,M,,*45
2189 1658406245 0 3 2.583 4.978
2190 1658406245 0 4 2.553 1.471
2191 1658406245 0 5 0.41
2192 1658406245 0 6 0.11
2193 1658406245 0 8 4.997 11.929 11.89
2194 1658406245 0 1 0.561
2195 1658406246 0 0 27.76 8.21 143.5 67.87 129.3 7.92 17.6 0.0 304.0 0.75 46.18 1.3
2196 1658406246 0 7 $GNGGA,122404.000,4424.19673,N,00855.15168,E,1,14,0.8,3.2,M,44.7,M,,*47
2197 1658406247 0 7 $GNGGA,122406.000,4424.19697,N,00855.15181,E,1,14,0.8,3.4,M,44.7,M,,*4E
2198 1658406248 0 3 2.583 4.978
2199 1658406248 0 2 nan 17.28599929 0.96420001 0.13300000 0.15520000 0.00210000 0.15230000 nan 1.00000000 70.42800140
2200 1658406248 0 0 27.76 8.21 143.4 67.83 129.3 7.91 17.6 0.0 304.8 0.74 46.15 1.3
2201 1658406248 0 1 0.565
2202 1658406248 0 7 $GNGGA,122407.000,4424.19701,N,00855.15185,E,1,14,0.8,3.4,M,44.7,M,,*45
2203 1658406249 0 7 $GNGGA,122408.000,4424.19705,N,00855.15190,E,1,14,0.8,3.4,M,44.7,M,,*4A
2204 1658406250 0 7 $GNGGA,122409.000,4424.19709,N,00855.15195,E,1,14,0.8,3.3,M,44.7,M,,*45
2205 1658406251 0 3 2.583 4.978
2206 1658406251 0 4 2.557 1.476
2207 1658406251 0 5 0.41
2208 1658406251 0 6 0.11
2209 1658406251 0 8 4.997 11.938 11.89
2210 1658406251 0 1 0.560
2211 1658406252 0 0 27.77 8.20 143.3 67.78 129.1 7.90 17.6 0.0 305.8 0.73 46.11 1.3
2212 1658406252 0 7 $GNGGA,122410.000,4424.19713,N,00855.15201,E,1,14,0.8,3.3,M,44.7,M,,*48
2213 1658406254 0 3 2.583 4.978
2214 1658406254 0 4 2.551 1.479
2215 1658406254 0 5 0.41
2216 1658406254 0 6 0.11
2217 1658406254 0 8 4.997 11.947 11.89
2218 1658406254 0 1 0.626
2219 1658406255 0 0 27.77 8.20 143.2 67.82 128.9 7.89 17.6 0.0 307.1 0.70 46.14 1.3
2220 1658406255 0 7 $GNGGA,122413.000,4424.19719,N,00855.15208,E,1,14,0.8,3.3,M,44.7,M,,*48
2221 1658406257 0 3 2.583 4.978
2222 1658406257 0 4 2.552 1.486
2223 1658406257 0 5 0.41
2224 1658406257 0 6 0.11
2225 1658406257 0 8 4.997 11.947 11.87
2226 1658406257 0 1 0.449
2227 1658406258 0 0 27.77 8.20 143.1 67.76 128.7 7.88 17.6 0.0 308.1 0.75 46.10 1.3
2228 1658406258 0 7 $GNGGA,122416.000,4424.19728,N,00855.15222,E,1,14,0.8,3.3,M,44.7,M,,*47
2229 1658406260 0 3 2.584 4.978
2230 1658406260 0 4 2.554 1.476
2231 1658406260 0 5 0.41
2232 1658406260 0 6 0.11
2233 1658406260 0 8 4.997 11.938 11.87
2234 1658406260 0 1 0.555
2235 1658406261 0 0 27.77 8.20 142.9 67.67 128.7 7.88 17.6 0.0 309.6 0.77 46.03 1.3
2236 1658406261 0 7 $GNGGA,122419.000,4424.19733,N,00855.15228,E,1,14,0.8,3.3,M,44.7,M,,*48
2237 1658406263 0 3 2.583 4.978
2238 1658406263 0 4 2.560 1.471
2239 1658406263 0 5 0.41
2240 1658406263 0 6 0.11
2241 1658406263 0 8 4.997 11.938 11.89
2242 1658406263 0 1 0.610
2243 1658406264 0 0 27.77 8.20 142.9 67.79 128.6 7.87 17.6 0.0 311.1 0.72 46.12 1.3
2244 1658406264 0 7 $GNGGA,122422.000,4424.19739,N,00855.15232,E,1,14,0.8,3.3,M,44.7,M,,*41
2245 1658406266 0 3 2.583 4.978
2246 1658406266 0 4 2.562 1.459
2247 1658406266 0 5 0.41
2248 1658406266 0 6 0.11
2249 1658406266 0 8 4.997 11.929 11.89
2250 1658406266 0 1 0.627
2251 1658406267 0 0 27.78 8.20 142.7 67.78 128.5 7.87 17.6 0.0 311.6 0.74 46.11 1.3
2252 1658406267 0 7 $GNGGA,122425.000,4424.19757,N,00855.15244,E,1,14,0.8,3.3,M,44.7,M,,*4F
2253 1658406269 0 3 2.581 4.978
2254 1658406269 0 4 2.548 1.471
2255 1658406269 0 5 0.42
2256 1658406269 0 6 0.11
2257 1658406269 0 8 4.997 11.938 11.89
2258 1658406269 0 1 1.048
2259 1658406270 0 0 27.77 8.20 142.6 67.82 128.5 7.86 17.6 0.0 311.6 0.68 46.14 1.3
2260 1658406270 0 7 $GNGGA,122428.000,4424.19777,N,00855.15258,E,1,14,0.8,3.3,M,44.7,M,,*4D
2261 1658406271 0 7 $GNGGA,122430.000,4424.19792,N,00855.15268,E,1,14,0.8,3.3,M,44.7,M,,*4C
2262 1658406272 0 3 2.581 4.978
2263 1658406272 0 4 2.546 1.471
2264 1658406272 0 5 0.42
2265 1658406272 0 6 0.11
2266 1658406272 0 8 4.997 11.938 11.89
2267 1658406272 0 1 0.473
2268 1658406273 0 0 27.76 8.20 142.5 67.90 128.4 7.86 17.6 0.0 314.3 0.65 46.20 1.3
2269 1658406273 0 7 $GNGGA,122431.000,4424.19799,N,00855.15270,E,1,14,0.8,3.4,M,44.7,M,,*48
2270 1658406274 0 7 $GNGGA,122433.000,4424.19816,N,00855.15274,E,1,14,0.8,3.4,M,44.7,M,,*46
2271 1658406275 0 3 2.583 4.978
2272 1658406275 0 4 2.553 1.481
2273 1658406275 0 5 0.42
2274 1658406275 0 6 0.11
2275 1658406276 0 8 4.997 11.938 11.87
2276 1658406276 0 1 0.628
2277 1658406276 0 0 27.76 8.20 142.3 67.86 128.3 7.85 17.6 0.0 314.4 0.76 46.17 1.3
2278 1658406276 0 7 $GNGGA,122434.000,4424.19820,N,00855.15277,E,1,14,0.8,3.4,M,44.7,M,,*47
2279 1658406278 0 3 2.584 4.978
2280 1658406278 0 4 2.547 1.479
2281 1658406278 0 5 0.42
2282 1658406278 0 6 0.11
2283 1658406278 0 8 4.997 11.947 11.89
2284 1658406278 0 1 0.531
2285 1658406279 0 0 27.76 8.20 142.2 67.83 128.1 7.84 17.6 0.0 315.1 0.75 46.15 1.3
2286 1658406279 0 7 $GNGGA,122437.000,4424.19841,N,00855.15299,E,1,14,0.8,3.5,M,44.7,M,,*42
2287 1658406281 0 3 2.583 4.978
2288 1658406281 0 4 2.548 1.481
2289 1658406281 0 5 0.42
2290 1658406281 0 6 0.11
2291 1658406281 0 8 4.997 11.938 11.89
2292 1658406281 0 1 0.571
2293 1658406282 0 0 27.76 8.20 142.1 67.88 128.2 7.84 17.6 0.0 316.5 0.72 46.19 1.3
2294 1658406282 0 7 $GNGGA,122440.000,4424.19863,N,00855.15317,E,1,14,0.8,3.5,M,44.7,M,,*45
2295 1658406284 0 3 2.584 4.978
3240 1658406622 0 7 $GNGGA,123022.000,4424.09709,N,00855.22886,E,1,14,0.8,-1.7,M,44.7,M,,*6C
3241 1658406623 0 1 0.743
3242 1658406623 0 3 2.618 4.978
3243 1658406623 0 4 2.597 1.558
3244 1658406623 0 5 0.40
3245 1658406624 0 6 0.11
3247 1658406624 0 0 27.38 8.21 133.2 67.78 128.8 7.94 16.9 0.0 298.9 1.24 46.13 1.2
3248 1658406624 0 7 $GNGGA,123023.000,4424.09683,N,00855.22886,E,1,14,0.8,-2.0,M,44.7,M,,*6A
3249 1658406624 0 7 $GNGGA,123024.000,4424.09684,N,00855.22887,E,1,14,0.8,-2.0,M,44.7,M,,*6B
3250 1658406625 0 7 $GNGGA,123025.000,4424.09685,N,00855.22888,E,1,14,0.8,-1.9,M,44.7,M,,*6E
3251 1658406626 0 1 0.689
3252 1658406626 0 3 2.618 4.978
3253 1658406626 0 4 2.597 1.563
3254 1658406626 0 5 0.40
3255 1658406627 0 6 0.11
3256 1658406627 0 8 4.997 12.276 11.91
3257 1658406627 0 0 27.40 8.21 133.2 67.74 128.8 7.93 16.9 0.0 297.6 1.28 46.09 1.3
3258 1658406627 0 7 $GNGGA,123026.000,4424.09683,N,00855.22890,E,1,14,0.8,-1.9,M,44.7,M,,*62
3259 1658406627 0 7 $GNGGA,123027.000,4424.09680,N,00855.22891,E,1,14,0.8,-1.9,M,44.7,M,,*61
3260 1658406628 0 7 $GNGGA,123028.000,4424.09677,N,00855.22893,E,1,14,0.8,-1.9,M,44.7,M,,*64
3261 1658406629 0 1 0.700
3262 1658406629 0 3 2.613 4.978
3263 1658406629 0 4 2.597 1.586
3264 1658406629 0 5 0.40
3265 1658406630 0 6 0.11
3266 1658406630 0 8 4.997 12.295 11.89
3267 1658406630 0 0 27.36 8.21 133.1 67.69 128.8 7.94 16.9 0.0 297.7 1.25 46.05 1.3
3268 1658406630 0 7 $GNGGA,123029.000,4424.09675,N,00855.22894,E,1,14,0.8,-1.9,M,44.7,M,,*60
3269 1658406630 0 7 $GNGGA,123030.000,4424.09673,N,00855.22896,E,1,14,0.8,-1.9,M,44.7,M,,*6C
3270 1658406631 0 7 $GNGGA,123031.000,4424.09670,N,00855.22898,E,1,14,0.8,-1.9,M,44.7,M,,*60
3271 1658406632 0 1 0.697
3272 1658406632 0 3 2.612 4.978
3273 1658406632 0 4 2.596 1.586
3274 1658406632 0 5 0.40
3275 1658406633 0 6 0.11
3276 1658406633 0 8 4.997 12.295 11.91
3277 1658406633 0 0 27.34 8.21 133.0 67.69 128.8 7.94 16.9 0.0 298.2 1.25 46.05 1.2
3278 1658406633 0 7 $GNGGA,123032.000,4424.09668,N,00855.22900,E,1,14,0.8,-1.9,M,44.7,M,,*6A
3279 1658406633 0 7 $GNGGA,123033.000,4424.09666,N,00855.22901,E,1,14,0.8,-1.9,M,44.7,M,,*64
3280 1658406634 0 7 $GNGGA,123034.000,4424.09664,N,00855.22901,E,1,14,0.8,-1.9,M,44.7,M,,*61
3281 1658406635 0 1 0.564
3282 1658406635 0 3 2.618 4.978
3283 1658406635 0 4 2.597 1.583
3284 1658406635 0 5 0.40
3285 1658406636 0 6 0.11
3286 1658406636 0 8 4.997 12.295 11.89
3287 1658406636 0 0 27.35 8.21 133.0 67.70 128.8 7.94 16.9 0.0 297.2 1.24 46.06 1.2
3288 1658406636 0 7 $GNGGA,123035.000,4424.09663,N,00855.22901,E,1,14,0.8,-1.9,M,44.7,M,,*67
3289 1658406636 0 7 $GNGGA,123036.000,4424.09662,N,00855.22902,E,1,14,0.8,-1.9,M,44.7,M,,*66
3290 1658406637 0 7 $GNGGA,123037.000,4424.09661,N,00855.22902,E,1,14,0.8,-1.9,M,44.7,M,,*64
3291 1658406638 0 1 0.558
3292 1658406638 0 3 2.618 4.978
3293 1658406638 0 4 2.597 1.583
3294 1658406638 0 5 0.40
3295 1658406639 0 6 0.11
3296 1658406639 0 8 4.997 12.295 11.89
3297 1658406639 0 0 27.35 8.21 132.9 67.75 128.9 7.95 16.9 0.0 297.3 1.21 46.10 1.2
3298 1658406639 0 7 $GNGGA,123038.000,4424.09660,N,00855.22903,E,1,14,0.8,-1.9,M,44.7,M,,*6B
3299 1658406640 0 7 $GNGGA,123039.000,4424.09659,N,00855.22904,E,1,14,0.8,-1.9,M,44.7,M,,*67
3300 1658406641 0 7 $GNGGA,123040.000,4424.09658,N,00855.22906,E,1,14,0.8,-1.9,M,44.7,M,,*6A
3301 1658406641 0 1 0.923
3302 1658406641 0 3 2.615 4.978
3303 1658406641 0 4 2.597 1.588
3304 1658406641 0 5 0.39
3305 1658406642 0 6 0.11
3306 1658406642 0 8 4.997 12.285 11.89
3307 1658406642 0 0 27.35 8.21 132.8 67.74 128.9 7.95 16.9 0.0 297.1 1.19 46.09 1.2
3308 1658406642 0 7 $GNGGA,123041.000,4424.09656,N,00855.22908,E,1,14,0.8,-1.8,M,44.7,M,,*6A
3309 1658406642 0 7 $GNGGA,123042.000,4424.09655,N,00855.22909,E,1,14,0.8,-1.8,M,44.7,M,,*6B
3310 1658406643 0 7 $GNGGA,123043.000,4424.09653,N,00855.22910,E,1,14,0.8,-1.8,M,44.7,M,,*64
3311 1658406644 0 1 0.789
3312 1658406644 0 3 2.616 4.978
3313 1658406644 0 4 2.596 1.588
3314 1658406644 0 5 0.39
3315 1658406645 0 6 0.11
3316 1658406645 0 8 4.997 12.285 11.89
3317 1658406645 0 0 27.39 8.21 132.7 67.77 129.0 7.94 16.8 0.0 295.3 1.25 46.12 1.2
3318 1658406645 0 7 $GNGGA,123044.000,4424.09651,N,00855.22912,E,1,14,0.8,-1.8,M,44.7,M,,*63
3319 1658406645 0 7 $GNGGA,123045.000,4424.09650,N,00855.22914,E,1,14,0.8,-1.7,M,44.7,M,,*6A
3320 1658406646 0 7 $GNGGA,123046.000,4424.09648,N,00855.22915,E,1,14,0.8,-1.7,M,44.7,M,,*61
3321 1658406647 0 1 1.182
3322 1658406647 0 3 2.616 4.978
3323 1658406647 0 4 2.596 1.588
3324 1658406648 0 5 0.39
3325 1658406648 0 6 0.11
3326 1658406648 0 8 4.997 12.285 11.89
3327 1658406648 0 0 27.36 8.21 132.6 67.82 129.0 7.95 16.9 0.0 295.5 1.29 46.15 1.2
3328 1658406648 0 7 $GNGGA,123047.000,4424.09647,N,00855.22916,E,1,14,0.8,-1.7,M,44.7,M,,*6C
3329 1658406648 0 7 $GNGGA,123048.000,4424.09645,N,00855.22917,E,1,14,0.8,-1.6,M,44.7,M,,*61
3330 1658406649 0 7 $GNGGA,123049.000,4424.09644,N,00855.22918,E,1,14,0.8,-1.6,M,44.7,M,,*6E
3331 1658406650 0 1 0.728
3332 1658406650 0 3 2.614 4.978
3333 1658406650 0 4 2.597 1.588
3334 1658406650 0 5 0.39
3335 1658406651 0 6 0.11
3336 1658406651 0 8 4.997 12.295 11.89
3337 1658406651 0 0 27.34 8.21 132.7 67.79 129.1 7.95 16.9 0.0 296.1 1.24 46.13 1.2
3338 1658406651 0 7 $GNGGA,123050.000,4424.09644,N,00855.22919,E,1,14,0.8,-1.6,M,44.7,M,,*67
3339 1658406651 0 7 $GNGGA,123051.000,4424.09642,N,00855.22920,E,1,14,0.8,-1.5,M,44.7,M,,*69
3340 1658406652 0 7 $GNGGA,123052.000,4424.09641,N,00855.22919,E,1,14,0.8,-1.5,M,44.7,M,,*63
3341 1658406653 0 1 0.543
3342 1658406653 0 3 2.612 4.978
3343 1658406653 0 4 2.596 1.591
3344 1658406653 0 5 0.39
3345 1658406654 0 6 0.11
3346 1658406654 0 8 4.997 12.295 11.91
3347 1658406654 0 0 27.33 8.21 132.6 67.78 129.1 7.96 16.9 0.0 296.2 1.21 46.12 1.2
3348 1658406654 0 7 $GNGGA,123053.000,4424.09641,N,00855.22919,E,1,14,0.8,-1.5,M,44.7,M,,*62
3349 1658406654 0 7 $GNGGA,123054.000,4424.09639,N,00855.22919,E,1,14,0.8,-1.5,M,44.7,M,,*6A
3350 1658406655 0 7 $GNGGA,123055.000,4424.09637,N,00855.22920,E,1,14,0.8,-1.4,M,44.7,M,,*6E
3351 1658406656 0 1 0.675
3352 1658406656 0 3 2.615 4.978
3353 1658406656 0 4 2.595 1.588
3354 1658406656 0 5 0.39
3355 1658406657 0 6 0.11
3356 1658406657 0 8 4.997 12.285 11.91
3357 1658406657 0 0 27.34 8.21 132.5 67.79 129.1 7.96 16.8 0.0 295.1 1.25 46.14 1.2
3358 1658406657 0 7 $GNGGA,123056.000,4424.09635,N,00855.22920,E,1,14,0.8,-1.4,M,44.7,M,,*6F
3359 1658406657 0 7 $GNGGA,123057.000,4424.09632,N,00855.22921,E,1,14,0.8,-1.4,M,44.7,M,,*68
3360 1658406658 0 7 $GNGGA,123058.000,4424.09630,N,00855.22921,E,1,14,0.8,-1.4,M,44.7,M,,*65
3361 1658406659 0 1 0.727
3362 1658406659 0 3 2.620 4.978
3363 1658406659 0 4 2.597 1.588
3364 1658406659 0 5 0.39
3365 1658406660 0 6 0.11
3366 1658406660 0 8 4.997 12.295 11.89
3367 1658406660 0 0 27.39 8.21 132.4 67.71 129.1 7.95 16.8 0.0 293.9 1.31 46.07 1.2
3368 1658406660 0 7 $GNGGA,123059.000,4424.09628,N,00855.22921,E,1,14,0.8,-1.4,M,44.7,M,,*6D
3369 1658406661 0 7 $GNGGA,123100.000,4424.09625,N,00855.22921,E,1,14,0.8,-1.3,M,44.7,M,,*6A
3370 1658406661 0 7 $GNGGA,123101.000,4424.09624,N,00855.22921,E,1,14,0.8,-1.3,M,44.7,M,,*6A
3371 1658406662 0 1 0.522
3372 1658406662 0 3 2.625 4.978
3373 1658406662 0 4 2.600 1.588
3374 1658406663 0 5 0.39
3375 1658406663 0 6 0.11
3376 1658406663 0 8 4.997 12.304 11.91
3377 1658406663 0 0 27.40 8.21 132.3 67.76 129.1 7.95 16.8 0.0 293.4 1.24 46.11 1.2
3378 1658406663 0 7 $GNGGA,123102.000,4424.09622,N,00855.22922,E,1,14,0.8,-1.3,M,44.7,M,,*6C
3379 1658406664 0 7 $GNGGA,123103.000,4424.09620,N,00855.22922,E,1,14,0.8,-1.3,M,44.7,M,,*6F
3380 1658406664 0 7 $GNGGA,123104.000,4424.09618,N,00855.22922,E,1,14,0.8,-1.2,M,44.7,M,,*62
3381 1658406665 0 1 0.627
3382 1658406665 0 3 2.619 4.978
3383 1658406665 0 4 2.597 1.588
3384 1658406665 0 5 0.39
3385 1658406666 0 6 0.11
3386 1658406666 0 8 4.997 12.295 11.89
3387 1658406666 0 0 27.42 8.21 132.2 67.76 129.2 7.95 16.8 0.0 293.1 1.20 46.11 1.2
3388 1658406666 0 7 $GNGGA,123105.000,4424.09617,N,00855.22922,E,1,14,0.8,-1.2,M,44.7,M,,*6C
3389 1658406667 0 7 $GNGGA,123106.000,4424.09615,N,00855.22923,E,1,14,0.8,-1.2,M,44.7,M,,*6C
3390 1658406667 0 7 $GNGGA,123107.000,4424.09613,N,00855.22924,E,1,14,0.8,-1.1,M,44.7,M,,*6F
3391 1658406668 0 1 0.806
3392 1658406668 0 3 2.616 4.978
3393 1658406668 0 4 2.596 1.588
3394 1658406669 0 5 0.39
3395 1658406669 0 6 0.11
3396 1658406669 0 8 4.997 12.276 11.89
3397 1658406669 0 0 27.41 8.21 132.2 67.71 129.2 7.96 16.8 0.0 293.8 1.22 46.07 1.2
3398 1658406670 0 7 $GNGGA,123108.000,4424.09611,N,00855.22924,E,1,14,0.8,-1.1,M,44.7,M,,*62
3399 1658406671 0 1 0.619
3400 1658406671 0 3 2.619 4.978
3401 1658406671 0 4 2.597 1.588
3402 1658406671 0 5 0.39
3403 1658406672 0 6 0.11
3404 1658406672 0 8 4.997 12.285 11.91
3405 1658406672 0 0 27.40 8.21 132.1 67.74 129.3 7.96 16.8 0.0 293.5 1.27 46.10 1.2
3406 1658406672 0 7 $GNGGA,123111.000,4424.09606,N,00855.22926,E,1,14,0.8,-1.0,M,44.7,M,,*6F
3407 1658406672 0 7 $GNGGA,123112.000,4424.09605,N,00855.22927,E,1,14,0.8,-1.0,M,44.7,M,,*6E
3408 1658406673 0 7 $GNGGA,123113.000,4424.09604,N,00855.22927,E,1,14,0.8,-1.0,M,44.7,M,,*6E
3409 1658406674 0 1 1.274
3410 1658406674 0 3 2.621 4.978
3411 1658406674 0 4 2.597 1.588
3412 1658406675 0 5 0.39
3413 1658406675 0 6 0.11
3414 1658406675 0 8 4.997 12.285 11.89
3415 1658406675 0 0 27.39 8.21 132.0 67.68 129.2 7.96 16.8 0.0 293.9 1.24 46.05 1.2
3416 1658406675 0 7 $GNGGA,123114.000,4424.09602,N,00855.22928,E,1,14,0.8,-1.0,M,44.7,M,,*60
3417 1658406675 0 7 $GNGGA,123115.000,4424.09601,N,00855.22928,E,1,14,0.8,-0.9,M,44.7,M,,*6A
3418 1658406676 0 7 $GNGGA,123116.000,4424.09600,N,00855.22928,E,1,14,0.8,-0.9,M,44.7,M,,*68
3419 1658406677 0 1 0.586
3420 1658406677 0 3 2.693 4.978
3421 1658406677 0 4 2.604 1.588
3422 1658406678 0 5 0.39
3423 1658406678 0 6 0.11
3424 1658406678 0 8 4.997 12.295 11.91
3425 1658406678 0 0 27.38 8.21 131.9 67.78 129.3 7.96 16.8 0.0 294.9 1.50 46.12 1.2
3426 1658406678 0 7 $GNGGA,123117.000,4424.09598,N,00855.22928,E,1,14,0.8,-0.9,M,44.7,M,,*6B
3427 1658406679 0 7 $GNGGA,123118.000,4424.09596,N,00855.22929,E,1,14,0.8,-0.8,M,44.7,M,,*6A
3428 1658406679 0 7 $GNGGA,123119.000,4424.09595,N,00855.22928,E,1,14,0.8,-0.8,M,44.7,M,,*69
3429 1658406680 0 1 0.672
3430 1658406680 0 3 2.757 4.978
3431 1658406680 0 4 2.606 1.588
3432 1658406681 0 5 0.39
3433 1658406681 0 6 0.11
3434 1658406681 0 8 4.997 12.285 11.89
3435 1658406681 0 0 27.32 8.21 131.8 67.82 129.2 7.97 16.8 0.0 295.7 2.04 46.16 1.2
3436 1658406681 0 7 $GNGGA,123120.000,4424.09593,N,00855.22928,E,1,14,0.8,-0.8,M,44.7,M,,*65
3437 1658406681 0 7 $GNGGA,123121.000,4424.09591,N,00855.22928,E,1,14,0.8,-0.8,M,44.7,M,,*66
3438 1658406682 0 7 $GNGGA,123122.000,4424.09590,N,00855.22928,E,1,14,0.8,-0.7,M,44.7,M,,*6B
3439 1658406683 0 1 0.699
3440 1658406683 0 3 2.772 4.978
3441 1658406683 0 4 2.607 1.591
3442 1658406684 0 5 0.39
3443 1658406684 0 6 0.11
3444 1658406684 0 8 4.997 12.295 11.89
3445 1658406684 0 0 27.30 8.21 131.7 67.77 129.2 7.97 16.8 0.0 295.3 2.48 46.12 1.2
3446 1658406684 0 7 $GNGGA,123123.000,4424.09589,N,00855.22928,E,1,14,0.8,-0.7,M,44.7,M,,*62
3447 1658406685 0 7 $GNGGA,123124.000,4424.09588,N,00855.22928,E,1,14,0.8,-0.7,M,44.7,M,,*64
3448 1658406685 0 7 $GNGGA,123125.000,4424.09588,N,00855.22927,E,1,14,0.8,-0.7,M,44.7,M,,*6A
3449 1658406686 0 1 0.783
3450 1658406686 0 3 2.784 4.978
3451 1658406686 0 4 2.610 1.591
3452 1658406687 0 5 0.39
3453 1658406687 0 6 0.11
3454 1658406687 0 8 4.997 12.276 11.89
3455 1658406687 0 0 27.29 8.21 131.6 67.72 129.2 7.98 16.8 0.0 294.7 3.03 46.08 1.2
3456 1658406687 0 7 $GNGGA,123126.000,4424.09587,N,00855.22927,E,1,14,0.8,-0.6,M,44.7,M,,*67
3457 1658406687 0 7 $GNGGA,123127.000,4424.09586,N,00855.22927,E,1,14,0.8,-0.6,M,44.7,M,,*67
3458 1658406688 0 7 $GNGGA,123128.000,4424.09585,N,00855.22927,E,1,14,0.8,-0.6,M,44.7,M,,*6B
3459 1658406689 0 1 0.698
3460 1658406689 0 3 2.787 4.978
3461 1658406689 0 4 2.611 1.588
3462 1658406690 0 5 0.39
3463 1658406690 0 6 0.11
3464 1658406690 0 8 4.997 12.266 11.91
3465 1658406690 0 0 27.30 8.21 131.6 67.83 129.2 7.97 16.8 0.0 294.4 3.61 46.16 1.2
3466 1658406690 0 7 $GNGGA,123129.000,4424.09583,N,00855.22929,E,1,14,0.8,-0.6,M,44.7,M,,*62
3467 1658406691 0 7 $GNGGA,123130.000,4424.09583,N,00855.22930,E,1,14,0.8,-0.5,M,44.7,M,,*61
3468 1658406691 0 7 $GNGGA,123131.000,4424.09581,N,00855.22930,E,1,14,0.8,-0.5,M,44.7,M,,*62
3469 1658406692 0 1 0.842
3470 1658406692 0 3 2.788 4.978
3471 1658406692 0 4 2.613 1.588
3472 1658406693 0 5 0.39
3473 1658406693 0 6 0.11
3474 1658406693 0 8 4.997 12.276 11.89
3475 1658406693 0 0 27.30 8.21 131.5 67.66 129.2 7.97 16.8 0.0 297.5 4.29 46.03 1.2
3476 1658406693 0 7 $GNGGA,123132.000,4424.09581,N,00855.22931,E,1,14,0.8,-0.5,M,44.7,M,,*60
3477 1658406693 0 7 $GNGGA,123133.000,4424.09580,N,00855.22932,E,1,14,0.8,-0.5,M,44.7,M,,*63
3478 1658406694 0 7 $GNGGA,123134.000,4424.09579,N,00855.22932,E,1,14,0.8,-0.4,M,44.7,M,,*63
3479 1658406695 0 1 1.114
3480 1658406695 0 3 2.788 4.978
3481 1658406695 0 4 2.613 1.591
3482 1658406696 0 5 0.39
3483 1658406696 0 6 0.11
3484 1658406696 0 8 4.997 12.266 11.89
3485 1658406696 0 0 27.03 8.21 131.5 67.73 129.2 8.01 17.0 0.0 303.2 5.07 46.10 1.2
3486 1658406696 0 7 $GNGGA,123135.000,4424.09578,N,00855.22932,E,1,14,0.8,-0.4,M,44.7,M,,*63
3487 1658406697 0 7 $GNGGA,123137.000,4424.09577,N,00855.22933,E,1,14,0.8,-0.3,M,44.7,M,,*68
3488 1658406698 0 1 1.330
3489 1658406698 0 3 2.788 4.979
3490 1658406698 0 4 2.614 1.593
3491 1658406699 0 5 0.39
3492 1658406699 0 6 0.11
3493 1658406699 0 8 4.997 12.079 11.89
3494 1658406699 0 0 26.56 8.22 131.5 67.77 129.2 8.06 17.0 0.0 324.1 5.97 46.15 1.2
3495 1658406699 0 7 $GNGGA,123138.000,4424.09577,N,00855.22933,E,1,14,0.8,-0.3,M,44.7,M,,*67
3496 1658406699 0 7 $GNGGA,123139.000,4424.09577,N,00855.22933,E,1,14,0.8,-0.3,M,44.7,M,,*66
3497 1658406700 0 7 $GNGGA,123140.000,4424.09576,N,00855.22934,E,1,14,0.8,-0.3,M,44.7,M,,*6E
3498 1658406701 0 1 3.438
3499 1658406701 0 3 2.788 4.978
3500 1658406701 0 4 2.614 1.593
3501 1658406701 0 5 0.39
3502 1658406702 0 6 0.11
3503 1658406702 0 8 4.997 11.863 11.89
3504 1658406702 0 0 26.20 8.22 131.5 67.55 129.1 8.12 17.2 0.0 324.1 6.79 45.98 1.2
3505 1658406702 0 7 $GNGGA,123141.000,4424.09576,N,00855.22934,E,1,14,0.8,-0.3,M,44.7,M,,*6F
3506 1658406702 0 7 $GNGGA,123142.000,4424.09577,N,00855.22934,E,1,14,0.8,-0.3,M,44.7,M,,*6D
3507 1658406703 0 7 $GNGGA,123143.000,4424.09577,N,00855.22934,E,1,14,0.8,-0.2,M,44.7,M,,*6D
3508 1658406704 0 1 3.265
3509 1658406704 0 3 2.787 4.978
3510 1658406704 0 4 2.614 1.591
3511 1658406705 0 5 0.39
3512 1658406705 0 6 0.11
3513 1658406705 0 8 4.997 12.229 11.91
3514 1658406705 0 0 25.76 8.23 131.6 67.41 129.1 8.17 17.3 0.0 332.2 7.59 45.89 1.2
3515 1658406705 0 7 $GNGGA,123144.000,4424.09577,N,00855.22935,E,1,14,0.8,-0.2,M,44.7,M,,*6B
3516 1658406705 0 7 $GNGGA,123145.000,4424.09576,N,00855.22936,E,1,14,0.8,-0.2,M,44.7,M,,*68
3517 1658406706 0 7 $GNGGA,123146.000,4424.09575,N,00855.22936,E,1,14,0.8,-0.2,M,44.7,M,,*68
3518 1658406707 0 1 3.638
3519 1658406707 0 3 2.788 4.978
3520 1658406707 0 4 2.616 1.594
3521 1658406708 0 5 0.39
3522 1658406708 0 6 0.11
3523 1658406708 0 8 4.997 12.116 11.89
3524 1658406708 0 0 25.57 8.23 131.6 67.41 129.1 8.20 17.2 0.0 331.4 8.44 45.89 1.2
3525 1658406708 0 7 $GNGGA,123147.000,4424.09575,N,00855.22936,E,1,14,0.8,-0.1,M,44.7,M,,*6A
3526 1658406709 0 7 $GNGGA,123149.000,4424.09574,N,00855.22937,E,1,14,0.8,-0.1,M,44.7,M,,*64
3527 1658406710 0 1 4.957
3528 1658406710 0 3 2.788 4.978
3529 1658406710 0 4 2.616 1.593
3530 1658406711 0 5 0.39
3531 1658406711 0 6 0.11
3532 1658406711 0 8 4.997 12.022 11.89
3533 1658406711 0 0 25.28 8.23 131.7 67.34 129.1 8.24 17.3 0.0 339.4 9.38 45.84 1.2
3534 1658406711 0 7 $GNGGA,123150.000,4424.09573,N,00855.22937,E,1,14,0.8,-0.1,M,44.7,M,,*6B
3535 1658406711 0 7 $GNGGA,123151.000,4424.09572,N,00855.22938,E,1,14,0.8,-0.1,M,44.7,M,,*64
3536 1658406712 0 7 $GNGGA,123152.000,4424.09572,N,00855.22939,E,1,14,0.8,-0.1,M,44.7,M,,*66
3537 1658406713 0 1 6.326
3538 1658406713 0 3 2.789 4.978
3539 1658406713 0 4 2.616 1.593
3540 1658406714 0 5 0.38
3541 1658406714 0 6 0.10
3542 1658406714 0 8 4.997 12.248 11.91
3543 1658406714 0 0 24.79 8.23 131.9 67.31 129.1 8.31 17.4 0.0 351.4 10.34 45.83 1.1
3544 1658406714 0 7 $GNGGA,123153.000,4424.09571,N,00855.22939,E,1,14,0.8,-0.1,M,44.7,M,,*64
3545 1658406714 0 7 $GNGGA,123154.000,4424.09570,N,00855.22939,E,1,14,0.8,-0.1,M,44.7,M,,*62
3546 1658406715 0 7 $GNGGA,123155.000,4424.09570,N,00855.22940,E,1,14,0.8,-0.1,M,44.7,M,,*6D
3547 1658406716 0 1 5.897
3548 1658406716 0 3 2.789 4.978
3549 1658406716 0 4 2.616 1.593
3550 1658406717 0 5 0.38
3551 1658406717 0 6 0.10
3552 1658406717 0 8 4.997 12.069 11.89
3553 1658406717 0 0 24.47 8.23 132.0 67.25 129.2 8.36 17.4 0.0 351.2 11.32 45.79 1.1
3554 1658406717 0 7 $GNGGA,123156.000,4424.09569,N,00855.22941,E,1,14,0.8,-0.1,M,44.7,M,,*67
3555 1658406718 0 7 $GNGGA,123157.000,4424.09568,N,00855.22942,E,1,14,0.8,-0.1,M,44.7,M,,*64
3556 1658406718 0 7 $GNGGA,123158.000,4424.09567,N,00855.22943,E,1,14,0.8,-0.1,M,44.7,M,,*65
3557 1658406719 0 1 4.901
3558 1658406719 0 3 2.789 4.978
3559 1658406719 0 4 2.615 1.593
3560 1658406720 0 5 0.38
3561 1658406720 0 6 0.11
3562 1658406720 0 8 4.997 12.116 11.91
3563 1658406720 0 0 24.01 8.23 132.1 67.46 129.2 8.42 17.4 0.0 350.7 12.01 45.96 1.1
3564 1658406720 0 7 $GNGGA,123159.000,4424.09566,N,00855.22943,E,1,14,0.8,-0.1,M,44.7,M,,*65
3565 1658406721 0 7 $GNGGA,123201.000,4424.09564,N,00855.22944,E,1,14,0.8,-0.0,M,44.7,M,,*6F
3566 1658406722 0 1 5.241
3567 1658406722 0 3 2.789 4.978
3568 1658406722 0 4 2.614 1.593
3569 1658406723 0 5 0.37
3570 1658406723 0 6 0.10
3571 1658406723 0 8 4.997 12.257 11.89
3572 1658406723 0 0 24.13 8.23 132.1 67.19 129.3 8.42 17.3 0.0 342.1 11.93 45.75 1.1
3573 1658406723 0 7 $GNGGA,123202.000,4424.09563,N,00855.22945,E,1,14,0.8,-0.0,M,44.7,M,,*6A
3574 1658406723 0 7 $GNGGA,123203.000,4424.09562,N,00855.22946,E,1,14,0.8,-0.0,M,44.7,M,,*69
3575 1658406724 0 7 $GNGGA,123204.000,4424.09561,N,00855.22947,E,1,14,0.8,-0.0,M,44.7,M,,*6C
3576 1658406725 0 1 4.607
3577 1658406725 0 3 2.788 4.978
3578 1658406725 0 4 2.614 1.596
3579 1658406726 0 5 0.37
3580 1658406726 0 6 0.10
3581 1658406726 0 8 4.997 12.229 11.91
3582 1658406726 0 0 23.99 8.23 132.2 67.32 129.3 8.44 17.2 0.0 341.7 11.73 45.86 1.0
3583 1658406726 0 7 $GNGGA,123205.000,4424.09559,N,00855.22948,E,1,14,0.8,-0.0,M,44.7,M,,*69
3584 1658406726 0 7 $GNGGA,123206.000,4424.09558,N,00855.22948,E,1,14,0.8,0.0,M,44.7,M,,*46
3585 1658406728 0 7 $GNGGA,123207.000,4424.09557,N,00855.22949,E,1,14,0.8,0.0,M,44.7,M,,*49
3586 1658406728 0 1 5.736
3587 1658406728 0 3 2.788 4.978
3588 1658406728 0 4 2.614 1.596
3589 1658406729 0 5 0.36
3590 1658406729 0 6 0.10
3591 1658406729 0 8 4.997 12.276 11.89
3592 1658406729 0 0 24.01 8.23 132.3 67.25 129.4 8.44 17.2 0.0 328.2 11.01 45.80 1.0
3593 1658406729 0 7 $GNGGA,123208.000,4424.09556,N,00855.22950,E,1,14,0.8,0.0,M,44.7,M,,*4F
3594 1658406729 0 7 $GNGGA,123209.000,4424.09554,N,00855.22951,E,1,14,0.8,0.0,M,44.7,M,,*4D
3595 1658406730 0 7 $GNGGA,123210.000,4424.09553,N,00855.22952,E,1,14,0.8,0.0,M,44.7,M,,*41
3596 1658406731 0 1 5.649
3597 1658406731 0 3 2.788 4.978
3598 1658406731 0 4 2.613 1.596
3599 1658406732 0 5 0.36
3600 1658406732 0 6 0.10
3601 1658406732 0 8 4.997 12.248 11.91
3602 1658406732 0 0 24.26 8.23 132.2 67.04 129.5 8.42 16.9 0.0 311.3 10.05 45.63 1.0
3603 1658406732 0 7 $GNGGA,123211.000,4424.09552,N,00855.22952,E,1,14,0.8,0.0,M,44.7,M,,*41
3604 1658406733 0 7 $GNGGA,123213.000,4424.09550,N,00855.22954,E,1,14,0.8,0.0,M,44.7,M,,*47
3605 1658406734 0 1 5.425
3606 1658406734 0 3 2.785 4.978
3607 1658406734 0 4 2.613 1.598
3608 1658406735 0 5 0.35
3609 1658406735 0 6 0.10
3610 1658406735 0 8 4.997 12.257 11.89
3611 1658406735 0 0 24.55 8.23 132.2 67.17 129.7 8.39 16.8 0.0 297.8 8.98 45.73 1.1
3612 1658406735 0 7 $GNGGA,123214.000,4424.09548,N,00855.22954,E,1,14,0.8,0.0,M,44.7,M,,*49
3613 1658406735 0 7 $GNGGA,123215.000,4424.09547,N,00855.22955,E,1,14,0.8,0.1,M,44.7,M,,*47
3614 1658406736 0 7 $GNGGA,123216.000,4424.09546,N,00855.22956,E,1,14,0.8,0.1,M,44.7,M,,*46
3615 1658406737 0 1 4.929
3616 1658406737 0 3 2.783 4.978
3617 1658406737 0 4 2.612 1.601
3618 1658406738 0 5 0.35
3619 1658406738 0 6 0.10
3620 1658406738 0 8 4.997 12.276 11.91
3621 1658406738 0 0 24.83 8.23 132.2 67.14 129.8 8.36 16.7 0.0 281.5 8.01 45.70 1.1
3622 1658406738 0 7 $GNGGA,123217.000,4424.09545,N,00855.22957,E,1,14,0.8,0.1,M,44.7,M,,*45
3623 1658406738 0 7 $GNGGA,123218.000,4424.09544,N,00855.22957,E,1,14,0.8,0.1,M,44.7,M,,*4B
3624 1658406739 0 7 $GNGGA,123219.000,4424.09543,N,00855.22958,E,1,14,0.8,0.1,M,44.7,M,,*42
3625 1658406740 0 1 4.900
3626 1658406740 0 3 2.783 4.978
3627 1658406740 0 4 2.610 1.613
3628 1658406741 0 5 0.34
3629 1658406741 0 6 0.09
3630 1658406741 0 8 4.997 12.276 11.91
3631 1658406741 0 0 25.19 8.23 132.0 67.11 130.0 8.32 16.5 0.0 276.1 7.02 45.67 1.1
3632 1658406741 0 7 $GNGGA,123220.000,4424.09542,N,00855.22959,E,1,14,0.8,0.1,M,44.7,M,,*48
3633 1658406741 0 7 $GNGGA,123221.000,4424.09541,N,00855.22961,E,1,14,0.8,0.1,M,44.7,M,,*41
3634 1658406742 0 7 $GNGGA,123222.000,4424.09540,N,00855.22962,E,1,14,0.8,0.2,M,44.7,M,,*43
3635 1658406743 0 1 3.583
3636 1658406743 0 3 2.781 4.978
3637 1658406743 0 4 2.610 1.611
3638 1658406744 0 5 0.34
3639 1658406744 0 6 0.09
3640 1658406744 0 8 4.997 12.248 11.91
3641 1658406744 0 0 25.42 8.23 132.0 67.25 130.3 8.30 16.4 0.0 260.6 5.98 45.77 1.1
3642 1658406744 0 7 $GNGGA,123223.000,4424.09539,N,00855.22963,E,1,14,0.8,0.2,M,44.7,M,,*4D
3643 1658406745 0 7 $GNGGA,123224.000,4424.09538,N,00855.22964,E,1,14,0.8,0.2,M,44.7,M,,*4C
3644 1658406745 0 7 $GNGGA,123225.000,4424.09536,N,00855.22965,E,1,14,0.8,0.2,M,44.7,M,,*42
3645 1658406746 0 1 2.808
3646 1658406746 0 3 2.779 4.978
3647 1658406746 0 4 2.608 1.603
3648 1658406747 0 5 0.33
3649 1658406747 0 6 0.09
3650 1658406747 0 8 4.997 12.257 11.91
3651 1658406747 0 0 25.93 8.23 131.9 66.86 130.6 8.27 16.3 0.0 242.1 5.02 45.45 1.1
3652 1658406747 0 7 $GNGGA,123226.000,4424.09535,N,00855.22966,E,1,14,0.8,0.2,M,44.7,M,,*41
3653 1658406748 0 7 $GNGGA,123227.000,4424.09532,N,00855.22967,E,1,14,0.8,0.2,M,44.7,M,,*46
3654 1658406748 0 7 $GNGGA,123228.000,4424.09531,N,00855.22969,E,1,14,0.8,0.3,M,44.7,M,,*45
3655 1658406749 0 1 2.207
3656 1658406749 0 3 2.778 4.978
3657 1658406749 0 4 2.607 1.601
3658 1658406750 0 5 0.33
3659 1658406750 0 6 0.09
3660 1658406750 0 8 4.997 12.191 11.89
3661 1658406750 0 0 26.77 8.22 131.9 67.28 130.9 8.16 16.0 0.0 230.0 4.10 45.76 1.2
3662 1658406750 0 7 $GNGGA,123229.000,4424.09529,N,00855.22970,E,1,14,0.8,0.3,M,44.7,M,,*45
3663 1658406751 0 7 $GNGGA,123230.000,4424.09528,N,00855.22971,E,1,14,0.8,0.3,M,44.7,M,,*4D
3664 1658406751 0 7 $GNGGA,123231.000,4424.09525,N,00855.22973,E,1,14,0.8,0.3,M,44.7,M,,*43
3665 1658406752 0 1 1.524
3666 1658406752 0 3 2.774 4.978
3667 1658406752 0 4 2.605 1.598
3668 1658406753 0 5 0.33
3669 1658406753 0 6 0.09
3670 1658406753 0 8 4.997 12.248 11.89
3671 1658406753 0 0 27.04 8.22 131.8 67.08 131.4 8.16 16.0 0.0 225.1 3.15 45.59 1.2
3672 1658406753 0 7 $GNGGA,123232.000,4424.09523,N,00855.22973,E,1,14,0.8,0.3,M,44.7,M,,*46
3673 1658406753 0 7 $GNGGA,123233.000,4424.09522,N,00855.22975,E,1,14,0.8,0.3,M,44.7,M,,*40
3674 1658406754 0 7 $GNGGA,123234.000,4424.09521,N,00855.22976,E,1,14,0.8,0.3,M,44.7,M,,*47
3675 1658406755 0 1 1.432
3676 1658406755 0 3 2.668 4.978
3677 1658406755 0 4 2.597 1.591
3678 1658406756 0 5 0.33
3679 1658406756 0 6 0.09
3680 1658406756 0 8 4.997 12.257 11.91
3681 1658406756 0 0 27.21 8.22 131.6 67.49 131.9 8.16 16.0 0.0 224.5 2.00 45.91 1.2
3682 1658406756 0 7 $GNGGA,123235.000,4424.09519,N,00855.22977,E,1,14,0.8,0.3,M,44.7,M,,*4C
3683 1658406757 0 7 $GNGGA,123236.000,4424.09518,N,00855.22978,E,1,14,0.8,0.3,M,44.7,M,,*41
3684 1658406758 0 7 $GNGGA,123237.000,4424.09516,N,00855.22979,E,1,14,0.8,0.3,M,44.7,M,,*4F
3685 1658406758 0 2 0.04510000 6.60160017 1.91120004 0.05079999 2.71970009 0.00440000 0.08900001 0.19969999 1.00000000 81.46900177
3686 1658406758 0 3 2.598 4.978
3687 1658406758 0 4 2.583 1.593
3688 1658406759 0 5 0.32
3689 1658406759 0 6 0.09
3690 1658406759 0 8 4.997 12.257 11.89
3691 1658406759 0 0 27.34 8.21 131.5 67.60 132.5 8.17 16.0 0.0 224.6 0.95 45.98 1.2
3692 1658406759 0 7 $GNGGA,123238.000,4424.09516,N,00855.22980,E,1,14,0.8,0.4,M,44.7,M,,*41
3693 1658406759 0 7 $GNGGA,123239.000,4424.09515,N,00855.22982,E,1,14,0.8,0.4,M,44.7,M,,*41
3694 1658406760 0 7 $GNGGA,123240.000,4424.09513,N,00855.22982,E,1,14,0.8,0.4,M,44.7,M,,*49
3695 1658406761 0 1 0.830
3696 1658406761 0 3 2.600 4.978
3697 1658406761 0 4 2.584 1.588
3698 1658406762 0 5 0.33
3699 1658406762 0 6 0.09
3700 1658406762 0 8 4.997 12.238 11.89
3701 1658406762 0 0 27.37 8.21 131.4 67.68 133.0 8.20 16.0 0.0 226.3 0.94 46.05 1.2
3702 1658406762 0 7 $GNGGA,123241.000,4424.09512,N,00855.22982,E,1,14,0.8,0.4,M,44.7,M,,*49
3703 1658406762 0 7 $GNGGA,123242.000,4424.09510,N,00855.22984,E,1,14,0.8,0.4,M,44.7,M,,*4E
3704 1658406763 0 7 $GNGGA,123243.000,4424.09508,N,00855.22984,E,1,14,0.8,0.4,M,44.7,M,,*46
3705 1658406764 0 1 0.572
3706 1658406764 0 3 2.600 4.978
3707 1658406764 0 4 2.584 1.588
3708 1658406765 0 5 0.32
3709 1658406765 0 6 0.09
3710 1658406765 0 8 4.997 12.266 11.91
3711 1658406765 0 0 27.39 8.21 131.3 67.65 133.8 8.25 16.0 0.0 227.0 0.91 46.02 1.2
3712 1658406765 0 7 $GNGGA,123244.000,4424.09507,N,00855.22984,E,1,14,0.8,0.4,M,44.7,M,,*4E
3713 1658406765 0 7 $GNGGA,123245.000,4424.09505,N,00855.22985,E,1,14,0.8,0.4,M,44.7,M,,*4C
