/home/danielacabiddu/Devel/src/MATRAC/test/tuttomatrac/data/porto_grid.mesh
38145 1658402488 0 6 0.09
38146 1658402488 0 8 4.994 8.455 8.01
38147 1658402488 0 1 2.662
38148 1658402488 0 0 27.19 8.22 107.6 67.70 138.7 8.57 14.2 0.0 235.0 1.06 46.07 1.1
38149 1658402489 0 7 $GNGGA,112127.000,4424.40742,N,00854.77745,E,1,11,1.0,-1.0,M,44.7,M,,*62
38150 1658402490 0 7 $GNGGA,112129.000,4424.40726,N,00854.77736,E,1,11,1.0,-0.9,M,44.7,M,,*62
38151 1658402490 0 3 2.638 4.979
38152 1658402490 0 4 2.624 1.607
38153 1658402491 0 5 0.55
38154 1658402491 0 6 0.09
38155 1658402491 0 8 4.994 8.455 7.97
38156 1658402491 0 1 2.519
38157 1658402491 0 0 27.17 8.22 107.5 67.57 138.7 8.58 14.3 0.0 238.8 1.08 45.97 1.1
38158 1658402492 0 7 $GNGGA,112130.000,4424.40715,N,00854.77731,E,1,11,1.0,-0.9,M,44.7,M,,*6D
38159 1658402492 0 7 $GNGGA,112131.000,4424.40704,N,00854.77727,E,1,11,1.0,-0.8,M,44.7,M,,*6A
38160 1658402493 0 7 $GNGGA,112132.000,4424.40698,N,00854.77720,E,1,11,1.0,-0.8,M,44.7,M,,*6A
38161 1658402493 0 3 2.638 4.979
38162 1658402493 0 4 2.627 1.594
38163 1658402494 0 5 0.55
38164 1658402494 0 6 0.09
38165 1658402494 0 8 4.994 8.445 8.01
38166 1658402494 0 1 2.572
38167 1658402494 0 0 27.17 8.22 107.3 67.59 138.7 8.58 14.3 0.0 239.6 1.09 45.98 1.1
38168 1658402495 0 7 $GNGGA,112133.000,4424.40685,N,00854.77710,E,1,11,1.0,-0.8,M,44.7,M,,*64
38169 1658402495 0 7 $GNGGA,112134.000,4424.40678,N,00854.77705,E,1,11,1.0,-0.8,M,44.7,M,,*65
38170 1658402496 0 7 $GNGGA,112135.000,4424.40669,N,00854.77697,E,1,11,1.0,-0.8,M,44.7,M,,*6E
38171 1658402496 0 3 2.638 4.979
38175 1658402497 0 8 4.994 8.436 7.99
38176 1658402497 0 1 2.373
38180 1658402499 0 7 $GNGGA,112138.000,4424.40638,N,00854.77673,E,1,11,1.0,-0.7,M,44.7,M,,*62
38181 1658402499 0 3 2.638 4.979
38183 1658402500 0 5 0.53
38184 1658402500 0 6 0.09
38185 1658402500 0 8 4.994 8.473 8.01
38186 1658402500 0 1 2.612
38187 1658402500 0 0 27.25 8.21 106.9 67.57 138.8 8.58 14.3 0.0 242.7 1.08 45.96 1.1
38188 1658402501 0 7 $GNGGA,112139.000,4424.40634,N,00854.77667,E,1,11,1.0,-0.7,M,44.7,M,,*6A
38189 1658402501 0 7 $GNGGA,112140.000,4424.40629,N,00854.77663,E,1,11,1.0,-0.6,M,44.7,M,,*6D
38190 1658402502 0 7 $GNGGA,112141.000,4424.40625,N,00854.77661,E,1,11,1.0,-0.6,M,44.7,M,,*62
38191 1658402502 0 3 2.637 4.979
38192 1658402502 0 4 2.621 1.592
38193 1658402503 0 5 0.45
38194 1658402503 0 6 0.09
38195 1658402503 0 8 4.994 8.473 7.99
38196 1658402503 0 1 2.888
38197 1658402503 0 0 27.26 8.22 106.7 67.78 138.8 8.57 14.4 0.0 244.2 1.06 46.13 1.1
38198 1658402504 0 7 $GNGGA,112142.000,4424.40618,N,00854.77657,E,1,11,1.0,-0.5,M,44.7,M,,*69
38199 1658402504 0 7 $GNGGA,112143.000,4424.40612,N,00854.77656,E,1,11,1.0,-0.5,M,44.7,M,,*63
38200 1658402505 0 7 $GNGGA,112144.000,4424.40606,N,00854.77652,E,1,11,1.0,-0.5,M,44.7,M,,*65
38201 1658402505 0 3 2.637 4.979
38202 1658402505 0 4 2.625 1.594
38203 1658402506 0 5 0.44
38204 1658402506 0 6 0.09
38205 1658402506 0 8 4.994 8.558 7.99
38206 1658402506 0 1 2.692
38207 1658402506 0 0 27.23 8.22 106.6 67.48 138.8 8.58 14.4 0.0 247.3 1.05 45.90 1.1
38208 1658402507 0 7 $GNGGA,112145.000,4424.40600,N,00854.77650,E,1,11,1.0,-0.5,M,44.7,M,,*60
38209 1658402507 0 7 $GNGGA,112146.000,4424.40594,N,00854.77646,E,1,11,1.0,-0.5,M,44.7,M,,*6A
38210 1658402508 0 7 $GNGGA,112147.000,4424.40588,N,00854.77641,E,1,11,1.0,-0.5,M,44.7,M,,*61
38211 1658402508 0 3 2.640 4.979
38212 1658402508 0 4 2.630 1.577
38213 1658402509 0 5 0.44
38214 1658402509 0 6 0.09
38215 1658402509 0 8 4.994 8.577 7.99
38216 1658402509 0 1 3.157
38217 1658402509 0 0 27.18 8.22 106.5 67.50 138.6 8.58 14.5 0.0 251.2 1.07 45.91 1.1
38218 1658402510 0 7 $GNGGA,112148.000,4424.40585,N,00854.77640,E,1,11,1.0,-0.5,M,44.7,M,,*62
38219 1658402510 0 7 $GNGGA,112149.000,4424.40579,N,00854.77641,E,1,11,1.0,-0.5,M,44.7,M,,*61
38220 1658402511 0 7 $GNGGA,112150.000,4424.40572,N,00854.77639,E,1,11,1.0,-0.5,M,44.7,M,,*6D
38221 1658402511 0 3 2.641 4.979
38222 1658402511 0 4 2.634 1.579
38223 1658402512 0 5 0.44
38224 1658402512 0 6 0.10
38225 1658402512 0 8 4.994 8.549 7.95
38226 1658402513 0 7 $GNGGA,112151.000,4424.40561,N,00854.77638,E,1,11,1.0,-0.5,M,44.7,M,,*6F
38227 1658402514 0 0 27.11 8.22 106.4 67.65 138.5 8.57 14.5 0.0 256.0 1.11 46.03 1.1
38228 1658402514 0 3 2.625 4.979
38229 1658402515 0 4 2.591 1.579
38230 1658402515 0 5 0.44
38231 1658402515 0 6 0.10
38232 1658402515 0 8 4.994 8.558 7.97
38233 1658402515 0 1 2.480
38234 1658402515 0 0 27.17 8.22 106.3 67.65 138.5 8.56 14.4 0.0 254.0 0.92 46.03 1.1
38235 1658402516 0 7 $GNGGA,112153.000,4424.40548,N,00854.77637,E,1,11,1.0,-0.5,M,44.7,M,,*69
38236 1658402517 0 7 $GNGGA,112156.000,4424.40485,N,00854.77643,E,1,11,1.0,-0.7,M,44.7,M,,*6D
38237 1658402517 0 3 2.592 4.979
38238 1658402517 0 4 2.548 1.522
38239 1658402518 0 5 0.45
38240 1658402518 0 6 0.10
38241 1658402518 0 8 4.994 8.577 7.99
38242 1658402518 0 1 3.791
38243 1658402518 0 0 27.12 8.22 106.2 29.99 138.3 9.99 15.0 0.0 252.6 0.40 18.52 1.1
38244 1658402519 0 7 $GNGGA,112157.000,4424.40441,N,00854.77652,E,1,11,1.0,-0.8,M,44.7,M,,*6B
38245 1658402520 0 7 $GNGGA,112159.000,4424.40428,N,00854.77660,E,1,11,1.0,-0.6,M,44.7,M,,*65
38246 1658402520 0 3 2.592 4.979
38247 1658402520 0 4 2.525 1.559
38248 1658402521 0 5 0.46
38249 1658402521 0 6 0.11
38250 1658402521 0 8 4.994 8.568 7.95
38251 1658402521 0 1 0.078
38252 1658402521 0 0 27.02 8.25 101.6 0.225 138.2 11.08 5.3 0.0 55.1 0.41 0.10 0.5
38253 1658402522 0 7 $GNGGA,112200.000,4424.40424,N,00854.77658,E,1,11,1.0,-0.6,M,44.7,M,,*6D
38254 1658402522 0 7 $GNGGA,112201.000,4424.40420,N,00854.77656,E,1,11,1.0,-0.6,M,44.7,M,,*66
38255 1658402523 0 7 $GNGGA,112202.000,4424.40414,N,00854.77659,E,1,11,1.0,-0.6,M,44.7,M,,*6D
38256 1658402523 0 3 2.592 4.979
38257 1658402523 0 4 2.509 1.551
38258 1658402524 0 5 0.45
38259 1658402524 0 6 0.10
38260 1658402524 0 8 4.994 8.568 7.99
38261 1658402524 0 1 -0.062
38262 1658402524 0 0 26.93 8.28 99.9 0.070 138.1 11.10 4.4 0.0 40.1 0.41 0.03 0.5
38263 1658402525 0 7 $GNGGA,112203.000,4424.40410,N,00854.77659,E,1,11,1.0,-0.6,M,44.7,M,,*68
38264 1658402525 0 7 $GNGGA,112204.000,4424.40403,N,00854.77663,E,1,11,1.0,-0.6,M,44.7,M,,*64
38265 1658402526 0 7 $GNGGA,112205.000,4424.40395,N,00854.77670,E,1,11,1.0,-0.6,M,44.7,M,,*6F
38266 1658402526 0 3 2.591 4.979
38267 1658402527 0 4 2.505 1.532
38268 1658402527 0 5 0.45
38269 1658402527 0 6 0.10
38270 1658402527 0 8 4.994 8.587 7.95
38271 1658402527 0 1 -0.048
38272 1658402527 0 0 26.83 8.27 99.7 0.059 137.9 11.11 3.6 0.0 32.5 0.41 0.03 0.4
38273 1658402528 0 7 $GNGGA,112206.000,4424.40388,N,00854.77679,E,1,11,1.0,-0.6,M,44.7,M,,*69
38274 1658402528 0 7 $GNGGA,112207.000,4424.40382,N,00854.77682,E,1,11,1.0,-0.7,M,44.7,M,,*67
38275 1658402529 0 7 $GNGGA,112208.000,4424.40378,N,00854.77689,E,1,11,1.0,-0.7,M,44.7,M,,*66
38276 1658402529 0 3 2.592 4.979
38280 1658402530 0 8 4.994 8.577 7.99
38281 1658402530 0 1 -0.241
38282 1658402530 0 0 26.80 8.21 101.4 0.056 137.8 11.10 3.8 0.0 31.4 0.41 0.03 0.3
38283 1658402531 0 7 $GNGGA,112209.000,4424.40376,N,00854.77694,E,1,11,1.0,-0.8,M,44.7,M,,*6A
38284 1658402531 0 7 $GNGGA,112210.000,4424.40374,N,00854.77699,E,1,11,1.0,-0.8,M,44.7,M,,*6D
38285 1658402532 0 7 $GNGGA,112211.000,4424.40373,N,00854.77702,E,1,11,1.0,-0.9,M,44.7,M,,*69
38286 1658402532 0 3 2.592 4.979
38289 1658402533 0 6 0.11
38290 1658402533 0 8 4.994 8.568 7.99
38291 1658402533 0 1 -8.825
38292 1658402533 0 0 26.81 8.16 102.1 0.052 137.6 11.08 10.3 0.0 159.7 0.41 0.03 0.9
38293 1658402534 0 7 $GNGGA,112212.000,4424.40370,N,00854.77706,E,1,11,1.0,-0.9,M,44.7,M,,*6D
38294 1658402534 0 7 $GNGGA,112213.000,4424.40361,N,00854.77733,E,1,11,1.0,-0.6,M,44.7,M,,*65
38295 1658402535 0 7 $GNGGA,112214.000,4424.40360,N,00854.77736,E,1,11,1.0,-0.7,M,44.7,M,,*67
38296 1658402535 0 3 2.592 4.979
38297 1658402535 0 4 2.503 1.492
38298 1658402536 0 5 0.45
38299 1658402536 0 6 0.11
38300 1658402536 0 8 4.994 8.558 7.97
38301 1658402536 0 1 17.447
38302 1658402536 0 0 29.54 8.28 95.6 0.046 137.8 10.58 1.3 0.0 25.1 0.41 0.02 0.1
38303 1658402537 0 7 $GNGGA,112215.000,4424.40352,N,00854.77743,E,1,11,1.0,-0.7,M,44.7,M,,*65
38304 1658402538 0 7 $GNGGA,112217.000,4424.40333,N,00854.77756,E,1,11,1.0,-0.7,M,44.7,M,,*64
38305 1658402538 0 3 2.593 4.979
38306 1658402539 0 4 2.502 1.492
38307 1658402539 0 5 0.45
38314 1658402541 0 7 $GNGGA,112220.000,4424.40232,N,00854.77778,E,1,11,1.0,-0.2,M,44.7,M,,*69
38315 1658402541 0 3 2.593 4.979
38320 1658402543 0 7 $GNGGA,112221.000,4424.40205,N,00854.77817,E,1,11,1.0,-0.1,M,44.7,M,,*69
38321 1658402544 0 0 35.78 8.40 79.5 0.028 138.7 9.59 0.0 185.8 7.3 0.41 0.02 0.0
38323 1658402544 0 3 2.595 4.979
38328 1658402545 0 1 -5.152
38333 1658402547 0 4 2.495 1.487
38334 1658402548 0 5 0.47
38335 1658402548 0 6 0.10
38341 1658402550 0 7 $GNGGA,112229.000,4424.40112,N,00854.77876,E,1,11,1.0,-0.3,M,44.7,M,,*61
38342 1658402550 0 3 2.594 4.979
38348 1658402551 0 0 34.88 8.17 69.3 0.002 122.3 8.58 0.0 89.0 6.2 0.41 0.01 0.0
38352 1658402553 0 4 2.495 1.437
38353 1658402554 0 5 0.49
38360 1658402556 0 7 $GNGGA,112235.000,4424.40007,N,00854.77944,E,1,11,1.0,-0.5,M,44.7,M,,*6F
38361 1658402556 0 3 2.594 4.979
38365 1658402557 0 8 4.994 8.549 7.95
38366 1658402557 0 1 -4.266
38367 1658402557 0 0 33.15 8.28 68.0 0.001 118.2 8.53 0.0 45.9 6.1 0.41 0.01 0.0
38369 1658402559 0 7 $GNGGA,112238.000,4424.39930,N,00854.78044,E,1,11,1.0,-1.3,M,44.7,M,,*60
38370 1658402559 0 3 2.595 4.979
38372 1658402560 0 5 0.50
38373 1658402560 0 6 0.11
38377 1658402561 0 7 $GNGGA,112239.000,4424.39912,N,00854.78047,E,1,11,1.0,-1.2,M,44.7,M,,*63
38378 1658402562 0 7 $GNGGA,112241.000,4424.39876,N,00854.78058,E,1,11,1.0,-1.3,M,44.7,M,,*60
38379 1658402562 0 3 2.594 4.979
38380 1658402562 0 4 2.495 1.414
38381 1658402563 0 5 0.52
38382 1658402563 0 6 0.12
38388 1658402565 0 7 $GNGGA,112244.000,4424.39826,N,00854.78077,E,1,11,1.0,-1.3,M,44.7,M,,*6D
38389 1658402565 0 3 2.595 4.979
38398 1658402568 0 7 $GNGGA,112247.000,4424.39773,N,00854.78090,E,1,11,1.0,-1.3,M,44.7,M,,*68
38399 1658402568 0 3 2.594 4.979
38405 1658402569 0 0 32.63 20.75 -719.4 0.000 118.0 8.59 0.0 0.0 0.0 0.41 0.01 0.0
38406 1658402570 0 7 $GNGGA,112248.000,4424.39751,N,00854.78135,E,1,11,1.0,-2.1,M,44.7,M,,*68
38407 1658402571 0 7 $GNGGA,112250.000,4424.39695,N,00854.78217,E,1,11,1.0,-3.7,M,44.7,M,,*6C
38409 1658402571 0 4 2.495 1.409
38410 1658402572 0 5 0.54
38411 1658402572 0 6 0.12
38412 1658402572 0 8 4.994 8.511 7.90
38414 1658402574 0 0 31.59 31.26 -1342.4 0.000 117.3 8.69 0.0 0.0 0.0 0.41 0.01 0.0
38415 1658402574 0 1 2.000
38422 1658402575 0 0 30.93 37.11 -1683.0 0.000 116.8 8.75 0.0 0.0 0.0 0.41 0.01 0.0
38423 1658402575 0 7 $GNGGA,112253.000,4424.39658,N,00854.78246,E,1,11,1.0,-3.5,M,44.7,M,,*68
38424 1658402577 0 7 $GNGGA,112256.000,4424.39599,N,00854.78314,E,1,11,1.0,-3.5,M,44.7,M,,*65
38425 1658402577 0 3 2.594 4.979
38426 1658402577 0 4 2.495 1.409
38427 1658402578 0 5 0.56
38428 1658402578 0 6 0.13
38429 1658402578 0 8 4.994 8.511 7.93
38430 1658402578 0 1 2.658
38431 1658402578 0 0 30.36 41.11 -1914.6 0.000 116.4 8.81 0.0 0.0 0.0 0.41 0.01 0.0
38432 1658402579 0 7 $GNGGA,112257.000,4424.39581,N,00854.78323,E,1,11,1.0,-3.5,M,44.7,M,,*69
38433 1658402580 0 7 $GNGGA,112259.000,4424.39544,N,00854.78354,E,1,11,1.0,-3.4,M,44.7,M,,*6F
38434 1658402580 0 3 2.594 4.979
38435 1658402580 0 4 2.495 1.407
38436 1658402581 0 5 0.58
38437 1658402581 0 6 0.13
38438 1658402581 0 8 4.994 8.483 7.90
38439 1658402581 0 1 2.268
38440 1658402581 0 0 29.97 43.25 -2034.3 0.000 116.0 8.84 0.0 0.0 0.0 0.41 0.01 0.0
38441 1658402582 0 7 $GNGGA,112300.000,4424.39558,N,00854.78414,E,1,11,1.0,-2.8,M,44.7,M,,*61
38442 1658402583 0 7 $GNGGA,112302.000,4424.39520,N,00854.78459,E,1,11,1.0,-2.8,M,44.7,M,,*65
38443 1658402583 0 3 2.594 4.979
38444 1658402583 0 4 2.495 1.407
38445 1658402584 0 5 0.57
38446 1658402584 0 6 0.13
38447 1658402584 0 8 4.994 8.492 7.93
38448 1658402584 0 1 3.104
38449 1658402584 0 0 29.70 44.97 -2130.7 0.000 115.7 8.86 0.0 0.0 0.0 0.41 0.01 0.0
38450 1658402585 0 7 $GNGGA,112303.000,4424.39506,N,00854.78473,E,1,11,1.0,-2.8,M,44.7,M,,*68
38451 1658402585 0 7 $GNGGA,112304.000,4424.39497,N,00854.78487,E,1,11,1.0,-2.8,M,44.7,M,,*6D
38452 1658402586 0 7 $GNGGA,112305.000,4424.39476,N,00854.78510,E,1,11,1.0,-2.8,M,44.7,M,,*6C
38453 1658402586 0 3 2.594 4.979
38454 1658402586 0 4 2.495 1.409
38455 1658402587 0 5 0.57
38456 1658402587 0 6 0.14
38457 1658402587 0 8 4.994 8.492 7.93
38458 1658402587 0 1 4.910
38459 1658402587 0 0 29.57 46.11 -2192.4 0.000 115.4 8.85 0.0 0.0 0.0 0.41 0.01 0.0
38460 1658402588 0 7 $GNGGA,112306.000,4424.39470,N,00854.78521,E,1,11,1.0,-2.8,M,44.7,M,,*6B
38461 1658402588 0 7 $GNGGA,112307.000,4424.39464,N,00854.78533,E,1,11,1.0,-2.8,M,44.7,M,,*6C
38462 1658402589 0 7 $GNGGA,112308.000,4424.39453,N,00854.78541,E,1,11,1.0,-2.8,M,44.7,M,,*62
38463 1658402589 0 3 2.594 4.979
38464 1658402589 0 4 2.495 1.409
38465 1658402590 0 5 0.57
38466 1658402590 0 6 0.13
38467 1658402590 0 8 4.994 8.464 7.90
38468 1658402590 0 1 2.634
38469 1658402590 0 0 29.37 46.91 -2232.5 0.000 115.1 8.86 0.0 0.0 0.0 0.41 0.01 0.0
38470 1658402591 0 7 $GNGGA,112309.000,4424.39439,N,00854.78544,E,1,11,1.0,-2.9,M,44.7,M,,*6B
38471 1658402591 0 7 $GNGGA,112310.000,4424.39437,N,00854.78548,E,1,11,1.0,-2.9,M,44.7,M,,*61
38472 1658402592 0 7 $GNGGA,112311.000,4424.39430,N,00854.78558,E,1,11,1.0,-2.9,M,44.7,M,,*66
38473 1658402592 0 3 2.595 4.979
38474 1658402592 0 4 2.496 1.412
38475 1658402593 0 5 0.57
38476 1658402593 0 6 0.13
38477 1658402593 0 8 4.994 8.483 7.90
38478 1658402593 0 1 -8.595
38479 1658402593 0 0 29.20 47.47 -2259.0 0.000 113.8 8.79 0.0 0.0 0.0 0.41 0.01 0.0
38480 1658402594 0 7 $GNGGA,112312.000,4424.39421,N,00854.78568,E,1,11,1.0,-2.9,M,44.7,M,,*66
38481 1658402595 0 7 $GNGGA,112314.000,4424.39405,N,00854.78593,E,1,11,1.0,-2.9,M,44.7,M,,*62
38482 1658402595 0 3 2.607 4.980
38483 1658402595 0 4 2.592 1.409
38484 1658402596 0 5 0.57
38485 1658402596 0 6 0.13
38486 1658402596 0 8 4.994 8.455 7.90
38487 1658402596 0 1 2.224
38488 1658402596 0 0 27.02 8.45 119.8 35.19 112.9 8.00 21.5 0.0 550.9 0.76 22.10 2.8
38489 1658402597 0 7 $GNGGA,112315.000,4424.39398,N,00854.78608,E,1,11,1.0,-2.9,M,44.7,M,,*61
38490 1658402597 0 7 $GNGGA,112316.000,4424.39389,N,00854.78620,E,1,11,1.0,-2.9,M,44.7,M,,*68
38491 1658402598 0 7 $GNGGA,112317.000,4424.39377,N,00854.78635,E,1,11,1.0,-2.9,M,44.7,M,,*6C
38492 1658402598 0 3 2.612 4.979
38493 1658402598 0 4 2.590 1.472
38494 1658402599 0 5 0.57
38495 1658402599 0 6 0.13
38496 1658402599 0 8 4.994 8.455 7.90
38497 1658402599 0 1 2.052
38498 1658402599 0 0 26.78 8.25 119.0 67.30 112.5 7.01 20.4 0.0 518.3 0.88 45.77 1.6
38499 1658402600 0 7 $GNGGA,112318.000,4424.39372,N,00854.78652,E,1,11,1.0,-2.9,M,44.7,M,,*67
38500 1658402600 0 7 $GNGGA,112319.000,4424.39368,N,00854.78669,E,1,11,1.0,-2.9,M,44.7,M,,*65
38501 1658402601 0 7 $GNGGA,112320.000,4424.39362,N,00854.78687,E,1,11,1.0,-2.9,M,44.7,M,,*65
38502 1658402601 0 3 2.612 4.979
38503 1658402601 0 4 2.589 1.429
38504 1658402602 0 5 0.56
38505 1658402602 0 6 0.13
38506 1658402602 0 8 4.994 8.483 7.86
39335 1658402872 0 4 2.596 1.562
39336 1658402872 0 5 0.47
39337 1658402872 0 6 0.11
39338 1658402872 0 8 4.994 8.067 7.46
39339 1658402873 0 7 $GNGGA,112751.000,4424.43144,N,00854.67080,E,1,12,0.8,-12.5,M,44.7,M,,*54
39340 1658402873 0 7 $GNGGA,112752.000,4424.43149,N,00854.67077,E,1,12,0.8,-12.4,M,44.7,M,,*53
39341 1658402874 0 0 27.20 8.20 92.9 67.58 135.7 8.39 15.9 0.0 345.1 0.91 45.97 1.1
39342 1658402874 0 1 2.074
39343 1658402874 0 1 1.995
39344 1658402874 0 3 2.611 4.980
39345 1658402875 0 4 2.593 1.559
39346 1658402875 0 5 0.47
39347 1658402875 0 6 0.11
39348 1658402875 0 8 4.994 8.086 7.52
39349 1658402875 0 1 2.025
39350 1658402875 0 0 27.18 8.20 92.6 67.49 135.8 8.40 15.9 0.0 343.5 0.88 45.91 1.1
39351 1658402875 0 7 $GNGGA,112753.000,4424.43150,N,00854.67072,E,1,12,0.8,-12.3,M,44.7,M,,*58
39352 1658402877 0 7 $GNGGA,112756.000,4424.43098,N,00854.67085,E,1,12,0.8,-12.9,M,44.7,M,,*5A
39353 1658402877 0 3 2.611 4.980
39354 1658402877 0 4 2.596 1.559
39362 1658402880 0 7 $GNGGA,112759.000,4424.43076,N,00854.67065,E,1,12,0.8,-13.3,M,44.7,M,,*50
39363 1658402880 0 3 2.611 4.980
39367 1658402881 0 8 4.994 8.067 7.43
39368 1658402881 0 1 1.931
39372 1658402883 0 7 $GNGGA,112802.000,4424.43100,N,00854.67042,E,1,12,0.8,-13.0,M,44.7,M,,*57
39380 1658402885 0 7 $GNGGA,112803.000,4424.43108,N,00854.67030,E,1,12,0.8,-13.0,M,44.7,M,,*5B
39381 1658402885 0 7 $GNGGA,112804.000,4424.43117,N,00854.67021,E,1,12,0.8,-12.9,M,44.7,M,,*5A
39384 1658402886 0 4 2.715 1.557
39385 1658402887 0 5 0.47
39386 1658402887 0 6 0.11
39392 1658402889 0 7 $GNGGA,112808.000,4424.43153,N,00854.66986,E,1,12,0.8,-12.4,M,44.7,M,,*5E
39393 1658402889 0 3 2.836 4.980
39398 1658402890 0 1 2.449
39399 1658402890 0 0 26.56 8.22 92.2 67.68 136.1 8.50 16.0 0.0 363.5 3.27 46.07 1.1
39403 1658402892 0 3 2.845 4.980
39409 1658402893 0 0 26.32 8.22 92.4 67.70 136.1 8.53 16.1 0.0 364.4 4.31 46.10 1.1
39410 1658402893 0 7 $GNGGA,112812.000,4424.43167,N,00854.66961,E,1,12,0.8,-12.0,M,44.7,M,,*5F
39411 1658402894 0 7 $GNGGA,112813.000,4424.43173,N,00854.66950,E,1,12,0.8,-12.0,M,44.7,M,,*59
39412 1658402895 0 7 $GNGGA,112814.000,4424.43179,N,00854.66943,E,1,12,0.8,-11.9,M,44.7,M,,*5C
39415 1658402896 0 5 0.47
39416 1658402896 0 6 0.11
39417 1658402896 0 8 4.994 8.020 7.43
39422 1658402898 0 7 $GNGGA,112817.000,4424.43198,N,00854.66897,E,1,12,0.8,-11.9,M,44.7,M,,*58
39429 1658402899 0 0 25.87 8.22 93.1 67.76 136.2 8.60 16.2 0.0 375.0 6.24 46.15 1.1
39430 1658402900 0 7 $GNGGA,112818.000,4424.43202,N,00854.66890,E,1,12,0.8,-11.9,M,44.7,M,,*50
39433 1658402901 0 3 2.847 4.980
39434 1658402901 0 4 2.723 1.612
39440 1658402904 0 0 25.68 8.22 93.4 67.64 136.2 8.63 16.1 0.0 376.0 7.16 46.06 1.1
39441 1658402904 0 1 3.044
39442 1658402904 0 1 3.242
39445 1658402905 0 5 0.46
39446 1658402905 0 6 0.10
39447 1658402905 0 8 4.994 8.029 7.46
39451 1658402907 0 7 $GNGGA,112826.000,4424.43265,N,00854.66838,E,1,12,0.8,-11.2,M,44.7,M,,*55
39452 1658402907 0 3 2.846 4.980
39459 1658402908 0 7 $GNGGA,112827.000,4424.43274,N,00854.66834,E,1,12,0.8,-11.1,M,44.7,M,,*5B
39460 1658402909 0 7 $GNGGA,112828.000,4424.43281,N,00854.66827,E,1,12,0.8,-11.1,M,44.7,M,,*5C
39463 1658402910 0 4 2.725 1.612
39464 1658402911 0 5 0.45
39465 1658402911 0 6 0.10
39467 1658402911 0 1 4.755
39468 1658402911 0 0 24.92 8.22 94.4 67.46 136.5 8.76 16.2 0.0 385.8 9.50 45.95 1.0
39471 1658402913 0 7 $GNGGA,112832.000,4424.43304,N,00854.66803,E,1,12,0.8,-10.8,M,44.7,M,,*55
39472 1658402913 0 3 2.846 4.980
39477 1658402914 0 1 5.614
39478 1658402914 0 0 24.76 8.22 94.7 67.42 136.6 8.79 16.2 0.0 380.6 9.97 45.91 1.0
39479 1658402914 0 7 $GNGGA,112833.000,4424.43313,N,00854.66795,E,1,12,0.8,-10.7,M,44.7,M,,*5D
39481 1658402916 0 7 $GNGGA,112835.000,4424.43324,N,00854.66786,E,1,12,0.8,-10.5,M,44.7,M,,*5F
39482 1658402916 0 3 2.846 4.980
39488 1658402917 0 0 24.61 8.22 95.0 67.39 136.7 8.82 16.2 0.0 379.4 10.47 45.90 1.0
39489 1658402918 0 7 $GNGGA,112836.000,4424.43330,N,00854.66782,E,1,12,0.8,-10.4,M,44.7,M,,*5C
39490 1658402918 0 7 $GNGGA,112837.000,4424.43332,N,00854.66777,E,1,12,0.8,-10.4,M,44.7,M,,*55
39494 1658402920 0 5 0.44
39495 1658402920 0 6 0.10
39496 1658402920 0 8 4.994 8.020 7.39
39501 1658402922 0 7 $GNGGA,112841.000,4424.43359,N,00854.66767,E,1,12,0.8,-10.0,M,44.7,M,,*5C
39502 1658402922 0 3 2.846 4.980
39503 1658402922 0 4 2.724 1.637
39507 1658402923 0 1 3.967
39508 1658402923 0 0 24.38 8.22 95.5 67.34 136.9 8.87 16.1 0.0 374.8 11.32 45.86 1.0
39509 1658402924 0 7 $GNGGA,112842.000,4424.43362,N,00854.66762,E,1,12,0.8,-10.0,M,44.7,M,,*52
39512 1658402925 0 3 2.846 4.980
39513 1658402925 0 4 2.724 1.637
39521 1658402928 0 7 $GNGGA,112847.000,4424.43381,N,00854.66716,E,1,12,0.8,-10.0,M,44.7,M,,*59
39527 1658402929 0 1 3.912
39528 1658402929 0 0 24.25 8.22 95.9 67.50 137.2 8.90 16.0 0.0 361.9 11.35 45.99 1.0
39533 1658402931 0 4 2.723 1.637
39534 1658402932 0 5 0.42
39538 1658402933 0 7 $GNGGA,112852.000,4424.43423,N,00854.66638,E,1,12,0.8,-10.1,M,44.7,M,,*5E
39539 1658402934 0 0 24.19 8.22 96.1 67.44 137.3 8.92 15.9 0.0 355.5 11.36 45.94 1.0
39540 1658402934 0 1 4.243
39541 1658402934 0 3 2.847 4.980
39542 1658402935 0 4 2.723 1.637
39546 1658402935 0 1 3.555
39547 1658402935 0 0 24.18 8.22 96.3 67.46 137.4 8.93 15.9 0.0 349.4 11.39 45.96 1.0
39548 1658402936 0 7 $GNGGA,112853.000,4424.43421,N,00854.66585,E,1,12,0.8,-9.9,M,44.7,M,,*68
39549 1658402937 0 7 $GNGGA,112856.000,4424.43424,N,00854.66495,E,1,12,0.8,-9.6,M,44.7,M,,*67
39550 1658402937 0 3 2.847 4.980
39551 1658402937 0 4 2.722 1.637
39552 1658402938 0 5 0.41
39553 1658402938 0 6 0.09
39554 1658402938 0 8 4.994 8.039 7.39
39555 1658402938 0 1 3.312
39556 1658402938 0 0 24.17 8.22 96.5 67.39 137.5 8.94 15.9 0.0 342.8 11.41 45.91 1.0
39557 1658402938 0 7 $GNGGA,112857.000,4424.43424,N,00854.66483,E,1,12,0.8,-9.6,M,44.7,M,,*61
39558 1658402939 0 7 $GNGGA,112858.000,4424.43423,N,00854.66468,E,1,12,0.8,-9.5,M,44.7,M,,*6F
39559 1658402940 0 7 $GNGGA,112859.000,4424.43421,N,00854.66455,E,1,12,0.8,-9.5,M,44.7,M,,*62
39560 1658402940 0 3 2.847 4.980
39561 1658402941 0 4 2.722 1.634
39562 1658402941 0 5 0.41
39563 1658402941 0 6 0.09
39564 1658402941 0 8 4.994 7.954 7.41
39565 1658402941 0 1 3.909
39566 1658402941 0 0 24.15 8.22 96.6 67.28 137.5 8.95 15.8 0.0 335.1 11.37 45.82 0.9
39567 1658402942 0 7 $GNGGA,112900.000,4424.43421,N,00854.66443,E,1,12,0.8,-9.4,M,44.7,M,,*69
39568 1658402942 0 7 $GNGGA,112901.000,4424.43421,N,00854.66431,E,1,12,0.8,-9.4,M,44.7,M,,*6D
39569 1658402943 0 7 $GNGGA,112902.000,4424.43421,N,00854.66419,E,1,12,0.8,-9.4,M,44.7,M,,*64
39570 1658402943 0 3 2.847 4.980
39571 1658402943 0 4 2.722 1.637
39572 1658402944 0 5 0.40
39573 1658402944 0 6 0.09
39574 1658402944 0 8 4.994 7.954 7.37
39575 1658402944 0 1 3.474
39576 1658402944 0 0 24.14 8.22 96.7 67.39 137.6 8.95 15.8 0.0 330.1 11.35 45.90 0.9
39577 1658402945 0 7 $GNGGA,112903.000,4424.43422,N,00854.66407,E,1,12,0.8,-9.4,M,44.7,M,,*69
39578 1658402945 0 7 $GNGGA,112904.000,4424.43422,N,00854.66397,E,1,12,0.8,-9.3,M,44.7,M,,*67
39579 1658402946 0 7 $GNGGA,112905.000,4424.43424,N,00854.66383,E,1,12,0.8,-9.3,M,44.7,M,,*65
39580 1658402946 0 3 2.848 4.980
39581 1658402947 0 4 2.722 1.639
39582 1658402947 0 5 0.40
39583 1658402947 0 6 0.09
39584 1658402947 0 8 4.994 7.954 7.39
39585 1658402947 0 1 3.203
39586 1658402947 0 0 24.12 8.22 97.0 67.35 137.7 8.96 15.8 0.0 324.5 11.37 45.88 0.9
39587 1658402947 0 7 $GNGGA,112906.000,4424.43425,N,00854.66373,E,1,12,0.8,-9.2,M,44.7,M,,*69
39588 1658402948 0 7 $GNGGA,112907.000,4424.43445,N,00854.66324,E,1,12,0.8,-9.1,M,44.7,M,,*6F
39589 1658402949 0 7 $GNGGA,112908.000,4424.43449,N,00854.66303,E,1,12,0.8,-9.0,M,44.7,M,,*68
39590 1658402949 0 3 2.848 4.980
39591 1658402949 0 4 2.722 1.639
39592 1658402950 0 5 0.40
39593 1658402950 0 6 0.09
39594 1658402950 0 8 4.994 7.992 7.37
39595 1658402950 0 1 2.904
39596 1658402950 0 0 24.12 8.22 97.2 67.31 137.7 8.97 15.7 0.0 318.4 11.41 45.84 0.9
39597 1658402951 0 7 $GNGGA,112909.000,4424.43457,N,00854.66280,E,1,12,0.8,-8.9,M,44.7,M,,*64
39598 1658402951 0 7 $GNGGA,112910.000,4424.43467,N,00854.66251,E,1,12,0.8,-8.9,M,44.7,M,,*63
39599 1658402952 0 7 $GNGGA,112911.000,4424.43473,N,00854.66233,E,1,12,0.8,-8.8,M,44.7,M,,*62
39600 1658402952 0 3 2.848 4.980
39601 1658402952 0 4 2.721 1.642
39602 1658402953 0 5 0.39
39603 1658402953 0 6 0.09
39604 1658402953 0 8 4.994 7.963 7.32
39605 1658402953 0 1 2.886
39606 1658402953 0 0 24.12 8.22 97.3 67.32 137.7 8.96 15.7 0.0 312.1 11.39 45.86 0.9
39607 1658402953 0 7 $GNGGA,112912.000,4424.43476,N,00854.66222,E,1,12,0.8,-8.7,M,44.7,M,,*6B
39608 1658402954 0 7 $GNGGA,112913.000,4424.43480,N,00854.66210,E,1,12,0.8,-8.7,M,44.7,M,,*62
39609 1658402955 0 7 $GNGGA,112914.000,4424.43483,N,00854.66200,E,1,12,0.8,-8.6,M,44.7,M,,*66
39610 1658402955 0 3 2.848 4.980
39611 1658402955 0 4 2.721 1.639
39612 1658402956 0 5 0.39
39613 1658402956 0 6 0.09
39614 1658402956 0 8 4.994 7.944 7.32
39615 1658402956 0 1 2.994
39616 1658402956 0 0 24.12 8.22 97.4 67.36 137.8 8.97 15.6 0.0 304.9 11.35 45.88 0.9
39617 1658402957 0 7 $GNGGA,112915.000,4424.43489,N,00854.66188,E,1,12,0.8,-8.5,M,44.7,M,,*6D
39618 1658402958 0 7 $GNGGA,112917.000,4424.43500,N,00854.66168,E,1,12,0.8,-8.3,M,44.7,M,,*67
39619 1658402958 0 3 2.848 4.980
39620 1658402958 0 4 2.721 1.639
39621 1658402959 0 5 0.39
39622 1658402959 0 6 0.09
39623 1658402959 0 8 4.994 7.935 7.32
39624 1658402959 0 1 3.521
39625 1658402959 0 0 24.11 8.22 97.6 67.36 137.8 8.97 15.6 0.0 300.3 11.30 45.89 0.9
39626 1658402959 0 7 $GNGGA,112918.000,4424.43506,N,00854.66154,E,1,12,0.8,-8.3,M,44.7,M,,*61
39627 1658402960 0 7 $GNGGA,112919.000,4424.43511,N,00854.66143,E,1,12,0.8,-8.2,M,44.7,M,,*61
39628 1658402961 0 7 $GNGGA,112920.000,4424.43513,N,00854.66134,E,1,12,0.8,-8.1,M,44.7,M,,*6A
39629 1658402961 0 3 2.848 4.980
39630 1658402961 0 4 2.721 1.637
39631 1658402962 0 5 0.38
39632 1658402962 0 6 0.08
39633 1658402962 0 8 4.994 7.925 7.32
39634 1658402962 0 7 $GNGGA,112921.000,4424.43515,N,00854.66123,E,1,12,0.8,-8.0,M,44.7,M,,*6A
39635 1658402963 0 7 $GNGGA,112922.000,4424.43515,N,00854.66112,E,1,12,0.8,-8.0,M,44.7,M,,*6B
39636 1658402964 0 0 24.17 8.22 97.8 67.26 137.8 8.97 15.6 0.0 293.8 10.92 45.81 0.9
39637 1658402964 0 1 3.529
39638 1658402964 0 1 3.227
39639 1658402964 0 3 2.848 4.980
39640 1658402965 0 4 2.721 1.639
39641 1658402965 0 5 0.38
39642 1658402965 0 6 0.09
39643 1658402965 0 8 4.994 7.992 7.37
39644 1658402965 0 1 3.362
39645 1658402965 0 0 24.27 8.22 97.8 67.26 137.8 8.95 15.5 0.0 284.4 10.29 45.80 0.9
39646 1658402966 0 7 $GNGGA,112923.000,4424.43517,N,00854.66096,E,1,12,0.8,-7.9,M,44.7,M,,*63
39647 1658402967 0 7 $GNGGA,112926.000,4424.43517,N,00854.66064,E,1,12,0.8,-7.7,M,44.7,M,,*65
39648 1658402967 0 3 2.848 4.980
39649 1658402967 0 4 2.719 1.639
39650 1658402968 0 5 0.38
39651 1658402968 0 6 0.08
39652 1658402968 0 8 4.994 7.982 7.30
39653 1658402968 0 1 4.430
39654 1658402968 0 0 24.39 8.22 97.9 67.26 137.8 8.93 15.4 0.0 276.0 9.46 45.80 0.9
39655 1658402968 0 7 $GNGGA,112927.000,4424.43511,N,00854.66028,E,1,12,0.8,-7.9,M,44.7,M,,*64
39656 1658402969 0 7 $GNGGA,112928.000,4424.43513,N,00854.66012,E,1,12,0.8,-7.7,M,44.7,M,,*6E
39657 1658402970 0 7 $GNGGA,112929.000,4424.43514,N,00854.66003,E,1,12,0.8,-7.6,M,44.7,M,,*69
39658 1658402970 0 3 2.847 4.980
39659 1658402970 0 4 2.718 1.639
39660 1658402971 0 5 0.37
39661 1658402971 0 6 0.08
39662 1658402971 0 8 4.994 7.944 7.32
39663 1658402971 0 1 4.984
39664 1658402971 0 0 24.57 8.22 98.0 67.28 137.8 8.91 15.3 0.0 267.2 8.72 45.81 1.0
39665 1658402971 0 7 $GNGGA,112930.000,4424.43516,N,00854.65990,E,1,12,0.8,-7.6,M,44.7,M,,*63
39666 1658402972 0 7 $GNGGA,112931.000,4424.43515,N,00854.65969,E,1,12,0.8,-7.5,M,44.7,M,,*64
39667 1658402973 0 7 $GNGGA,112932.000,4424.43517,N,00854.65953,E,1,12,0.8,-7.4,M,44.7,M,,*6D
39668 1658402973 0 3 2.847 4.980
39669 1658402973 0 4 2.717 1.639
39670 1658402974 0 5 0.37
39671 1658402974 0 6 0.08
39672 1658402974 0 8 4.994 7.850 7.30
39673 1658402974 0 1 5.358
39674 1658402974 0 0 24.80 8.23 98.1 67.16 137.9 8.88 15.2 0.0 257.6 8.05 45.71 1.0
39675 1658402975 0 7 $GNGGA,112933.000,4424.43517,N,00854.65933,E,1,12,0.8,-7.4,M,44.7,M,,*6A
39676 1658402976 0 7 $GNGGA,112935.000,4424.43521,N,00854.65896,E,1,12,0.8,-7.2,M,44.7,M,,*61
39677 1658402976 0 3 2.847 4.980
39678 1658402977 0 4 2.717 1.642
39679 1658402977 0 5 0.37
39680 1658402977 0 6 0.08
39681 1658402977 0 8 4.994 7.803 7.34
39682 1658402977 0 1 4.529
39683 1658402977 0 0 25.07 8.23 98.0 67.17 138.0 8.84 15.1 0.0 249.8 7.36 45.72 1.0
39684 1658402978 0 7 $GNGGA,112936.000,4424.43522,N,00854.65879,E,1,12,0.8,-7.2,M,44.7,M,,*60
39685 1658402978 0 7 $GNGGA,112937.000,4424.43522,N,00854.65863,E,1,12,0.8,-7.2,M,44.7,M,,*6A
39686 1658402979 0 7 $GNGGA,112938.000,4424.43523,N,00854.65843,E,1,12,0.8,-7.1,M,44.7,M,,*65
39687 1658402979 0 3 2.847 4.980
39688 1658402979 0 4 2.717 1.647
39689 1658402980 0 5 0.37
39690 1658402980 0 6 0.08
39691 1658402980 0 8 4.994 7.803 7.28
39692 1658402980 0 1 4.095
39693 1658402980 0 0 25.29 8.23 98.1 67.09 138.0 8.82 15.1 0.0 240.7 6.50 45.65 1.0
39694 1658402980 0 7 $GNGGA,112939.000,4424.43525,N,00854.65828,E,1,12,0.8,-7.1,M,44.7,M,,*6F
39695 1658402981 0 7 $GNGGA,112940.000,4424.43509,N,00854.65797,E,1,12,0.8,-7.5,M,44.7,M,,*60
39696 1658402982 0 7 $GNGGA,112941.000,4424.43512,N,00854.65778,E,1,12,0.8,-7.4,M,44.7,M,,*6B
39697 1658402982 0 3 2.846 4.980
39698 1658402983 0 4 2.716 1.647
39699 1658402983 0 5 0.37
39700 1658402983 0 6 0.08
39701 1658402983 0 8 4.994 7.793 7.30
39702 1658402983 0 1 3.247
39703 1658402983 0 0 25.45 8.23 98.1 67.28 138.1 8.80 15.0 0.0 236.2 5.56 45.79 1.0
39704 1658402984 0 7 $GNGGA,112942.000,4424.43514,N,00854.65769,E,1,12,0.8,-7.3,M,44.7,M,,*69
39705 1658402984 0 7 $GNGGA,112943.000,4424.43514,N,00854.65759,E,1,12,0.8,-7.2,M,44.7,M,,*6A
39706 1658402985 0 7 $GNGGA,112944.000,4424.43516,N,00854.65745,E,1,12,0.8,-7.2,M,44.7,M,,*62
39707 1658402985 0 3 2.845 4.980
39708 1658402986 0 4 2.715 1.649
39709 1658402986 0 5 0.37
39710 1658402986 0 6 0.08
39711 1658402986 0 8 4.994 7.831 7.30
39712 1658402986 0 1 3.331
39713 1658402986 0 0 25.69 8.23 98.2 67.16 138.2 8.77 15.0 0.0 230.6 4.58 45.69 1.0
39714 1658402986 0 7 $GNGGA,112945.000,4424.43521,N,00854.65733,E,1,12,0.8,-7.1,M,44.7,M,,*65
39715 1658402987 0 7 $GNGGA,112946.000,4424.43524,N,00854.65717,E,1,12,0.8,-7.0,M,44.7,M,,*64
39716 1658402988 0 7 $GNGGA,112947.000,4424.43526,N,00854.65705,E,1,12,0.8,-7.0,M,44.7,M,,*64
39717 1658402988 0 3 2.841 4.980
39718 1658402989 0 4 2.713 1.649
39719 1658402989 0 5 0.37
39720 1658402989 0 6 0.08
39721 1658402989 0 8 4.994 7.793 7.32
39722 1658402989 0 1 3.028
39723 1658402989 0 0 26.00 8.23 98.2 67.31 138.2 8.72 14.8 0.0 222.4 3.39 45.80 1.0
39724 1658402990 0 7 $GNGGA,112948.000,4424.43528,N,00854.65698,E,1,12,0.8,-7.0,M,44.7,M,,*60
39725 1658402990 0 7 $GNGGA,112949.000,4424.43531,N,00854.65684,E,1,12,0.8,-6.9,M,44.7,M,,*6C
39726 1658402991 0 7 $GNGGA,112950.000,4424.43530,N,00854.65673,E,1,12,0.8,-6.8,M,44.7,M,,*6C
39727 1658402991 0 3 2.818 4.980
39733 1658402993 0 7 $GNGGA,112952.000,4424.43531,N,00854.65650,E,1,12,0.8,-6.7,M,44.7,M,,*61
39734 1658402994 0 0 26.28 8.23 98.2 67.36 138.3 8.69 14.7 0.0 217.9 2.20 45.83 1.0
39735 1658402994 0 1 2.809
39737 1658402994 0 3 2.701 4.980
39738 1658402995 0 4 2.696 1.649
39745 1658402997 0 7 $GNGGA,112956.000,4424.43525,N,00854.65608,E,1,12,0.8,-6.6,M,44.7,M,,*6C
39746 1658402997 0 3 2.666 4.980
39752 1658402998 0 7 $GNGGA,112957.000,4424.43522,N,00854.65597,E,1,12,0.8,-6.5,M,44.7,M,,*6C
39753 1658402998 0 0 26.85 8.22 97.7 67.43 138.6 8.62 14.7 0.0 210.6 1.34 45.87 1.1
39756 1658403000 0 3 2.665 4.980
39757 1658403001 0 4 2.664 1.647
39761 1658403001 0 1 2.333
39764 1658403002 0 7 $GNGGA,113001.000,4424.43513,N,00854.65550,E,1,12,0.8,-6.5,M,44.7,M,,*6E
39765 1658403003 0 7 $GNGGA,113002.000,4424.43514,N,00854.65538,E,1,12,0.8,-6.4,M,44.7,M,,*65
39766 1658403003 0 3 2.660 4.980
39767 1658403003 0 4 2.658 1.632
39768 1658403004 0 5 0.37
39769 1658403004 0 6 0.08
39770 1658403004 0 8 4.994 7.736 7.30
39771 1658403004 0 1 2.186
39772 1658403004 0 0 26.85 8.22 97.3 67.52 138.7 8.63 14.8 0.0 216.1 1.29 45.94 1.1
39773 1658403005 0 7 $GNGGA,113003.000,4424.43514,N,00854.65527,E,1,12,0.8,-6.5,M,44.7,M,,*6B
39774 1658403005 0 7 $GNGGA,113004.000,4424.43516,N,00854.65515,E,1,12,0.8,-6.4,M,44.7,M,,*6E
39775 1658403006 0 7 $GNGGA,113005.000,4424.43517,N,00854.65506,E,1,12,0.8,-6.5,M,44.7,M,,*6D
39776 1658403006 0 3 2.660 4.980
39777 1658403007 0 4 2.657 1.619
39778 1658403007 0 5 0.37
39779 1658403007 0 6 0.08
39780 1658403007 0 8 4.994 7.623 7.28
39781 1658403007 0 1 2.193
39782 1658403007 0 0 26.81 8.22 97.0 67.49 138.8 8.64 14.9 0.0 217.2 1.27 45.91 1.1
39783 1658403008 0 7 $GNGGA,113006.000,4424.43516,N,00854.65495,E,1,12,0.8,-6.5,M,44.7,M,,*64
39784 1658403008 0 7 $GNGGA,113007.000,4424.43517,N,00854.65490,E,1,12,0.8,-6.5,M,44.7,M,,*61
39785 1658403009 0 7 $GNGGA,113008.000,4424.43519,N,00854.65480,E,1,12,0.8,-6.4,M,44.7,M,,*60
39786 1658403009 0 3 2.666 4.980
39787 1658403009 0 4 2.663 1.574
39788 1658403010 0 5 0.38
39789 1658403010 0 6 0.09
39790 1658403010 0 8 4.994 7.613 7.25
39791 1658403010 0 1 2.769
39792 1658403010 0 0 26.84 8.22 96.8 67.49 138.8 8.64 14.9 0.0 217.2 1.32 45.91 1.1
39793 1658403010 0 7 $GNGGA,113009.000,4424.43520,N,00854.65470,E,1,12,0.8,-6.4,M,44.7,M,,*64
39794 1658403011 0 7 $GNGGA,113010.000,4424.43519,N,00854.65460,E,1,12,0.8,-6.4,M,44.7,M,,*67
