/home/danielacabiddu/Devel/src/MATRAC/test/tuttomatrac/data/porto_grid.mesh
12134 1658394081 0 7 $GNGGA,090120.000,4424.57319,N,00855.49584,E,1,12,0.8,11.3,M,44.7,M,,*74
12135 1658394081 0 3 2.647 4.979
12136 1658394082 0 4 2.543 1.499
12137 1658394082 0 5 0.73
12138 1658394082 0 6 0.10
12139 1658394082 0 8 4.994 9.728 9.49
12140 1658394082 0 1 2.340
12141 1658394082 0 0 26.93 8.17 126.9 67.46 127.2 7.90 16.3 0.0 254.3 0.46 45.89 1.1
12142 1658394083 0 7 $GNGGA,090121.000,4424.57320,N,00855.49587,E,1,12,0.8,11.3,M,44.7,M,,*7C
12143 1658394083 0 7 $GNGGA,090122.000,4424.57318,N,00855.49596,E,1,12,0.8,11.3,M,44.7,M,,*74
12144 1658394084 0 7 $GNGGA,090123.000,4424.57316,N,00855.49599,E,1,12,0.8,11.3,M,44.7,M,,*74
12145 1658394084 0 3 2.647 4.979
12146 1658394085 0 4 2.543 1.492
12147 1658394085 0 5 0.73
12148 1658394085 0 6 0.10
12149 1658394085 0 8 4.997 9.728 9.49
12150 1658394085 0 0 26.95 8.17 126.8 67.49 127.4 7.92 16.3 0.0 254.3 0.47 45.91 1.1
12151 1658394086 0 7 $GNGGA,090124.000,4424.57317,N,00855.49603,E,1,12,0.8,11.3,M,44.7,M,,*72
12152 1658394086 0 7 $GNGGA,090125.000,4424.57316,N,00855.49607,E,1,12,0.8,11.3,M,44.7,M,,*76
12153 1658394087 0 7 $GNGGA,090126.000,4424.57314,N,00855.49615,E,1,12,0.8,11.3,M,44.7,M,,*74
12154 1658394087 0 3 2.640 4.979
12155 1658394088 0 4 2.514 1.482
12156 1658394088 0 5 0.73
12157 1658394088 0 6 0.10
12158 1658394088 0 8 4.994 9.681 9.49
12159 1658394088 0 0 26.92 8.17 126.8 46.48 127.6 8.66 16.5 0.0 258.1 0.40 30.12 1.1
12160 1658394089 0 7 $GNGGA,090127.000,4424.57313,N,00855.49619,E,1,12,0.8,11.3,M,44.7,M,,*7E
12161 1658394089 0 7 $GNGGA,090128.000,4424.57311,N,00855.49625,E,1,12,0.8,11.3,M,44.7,M,,*7C
12162 1658394090 0 7 $GNGGA,090129.000,4424.57310,N,00855.49629,E,1,12,0.8,11.3,M,44.7,M,,*70
12163 1658394090 0 3 2.637 4.979
12164 1658394091 0 4 2.506 1.474
12165 1658394091 0 5 0.75
12166 1658394091 0 6 0.11
12167 1658394091 0 8 4.997 9.719 9.49
12168 1658394091 0 0 26.81 8.46 107.7 0.230 127.8 10.29 4.5 0.0 28.0 0.41 0.11 0.8
12169 1658394092 0 7 $GNGGA,090130.000,4424.57310,N,00855.49633,E,1,12,0.8,11.3,M,44.7,M,,*73
12170 1658394092 0 7 $GNGGA,090131.000,4424.57308,N,00855.49638,E,1,12,0.8,11.3,M,44.7,M,,*70
12171 1658394093 0 7 $GNGGA,090132.000,4424.57305,N,00855.49642,E,1,12,0.8,11.3,M,44.7,M,,*73
12172 1658394094 0 3 2.638 4.979
12173 1658394094 0 4 2.504 1.476
12174 1658394094 0 5 0.73
12175 1658394094 0 6 0.11
12176 1658394094 0 8 4.994 9.832 9.49
12177 1658394094 0 0 26.78 8.39 111.3 0.070 127.8 10.30 3.8 0.0 23.3 0.41 0.03 0.6
12178 1658394094 0 1 1.989
12179 1658394095 0 7 $GNGGA,090133.000,4424.57301,N,00855.49646,E,1,12,0.8,11.3,M,44.7,M,,*72
12180 1658394095 0 7 $GNGGA,090134.000,4424.57299,N,00855.49649,E,1,12,0.8,11.3,M,44.7,M,,*7A
12181 1658394096 0 7 $GNGGA,090135.000,4424.57294,N,00855.49653,E,1,12,0.8,11.2,M,44.7,M,,*7C
12182 1658394096 0 3 2.636 4.979
12183 1658394097 0 4 2.503 1.457
12184 1658394097 0 5 0.74
12185 1658394097 0 6 0.11
12186 1658394097 0 8 4.997 9.737 9.49
12187 1658394097 0 1 0.642
12189 1658394098 0 7 $GNGGA,090136.000,4424.57291,N,00855.49658,E,1,12,0.8,11.2,M,44.7,M,,*71
12190 1658394098 0 7 $GNGGA,090137.000,4424.57287,N,00855.49663,E,1,12,0.8,11.2,M,44.7,M,,*7F
12191 1658394099 0 7 $GNGGA,090138.000,4424.57286,N,00855.49667,E,1,12,0.8,11.2,M,44.7,M,,*75
12192 1658394099 0 3 2.637 4.979
12193 1658394100 0 4 2.501 1.454
12194 1658394100 0 5 0.74
12195 1658394100 0 6 0.11
12196 1658394100 0 8 4.997 9.737 9.49
12197 1658394100 0 1 1.561
12198 1658394100 0 0 26.63 8.31 110.8 0.050 127.8 10.33 3.0 0.0 17.4 0.41 0.03 0.3
12199 1658394101 0 7 $GNGGA,090139.000,4424.57283,N,00855.49673,E,1,12,0.8,11.2,M,44.7,M,,*74
12200 1658394101 0 7 $GNGGA,090140.000,4424.57280,N,00855.49677,E,1,12,0.8,11.2,M,44.7,M,,*7D
12201 1658394102 0 7 $GNGGA,090141.000,4424.57277,N,00855.49681,E,1,12,0.8,11.2,M,44.7,M,,*7D
12202 1658394102 0 3 2.635 4.979
12203 1658394103 0 4 2.501 1.452
12204 1658394103 0 5 0.74
12205 1658394103 0 6 0.11
12206 1658394103 0 8 4.997 9.747 9.51
12207 1658394103 0 1 1.459
12208 1658394103 0 0 26.57 8.28 110.9 0.046 127.8 10.33 2.8 0.0 14.5 0.41 0.02 0.3
12209 1658394104 0 7 $GNGGA,090142.000,4424.57274,N,00855.49682,E,1,12,0.8,11.2,M,44.7,M,,*7E
12210 1658394104 0 7 $GNGGA,090143.000,4424.57272,N,00855.49686,E,1,12,0.8,11.2,M,44.7,M,,*7D
12211 1658394105 0 7 $GNGGA,090144.000,4424.57269,N,00855.49692,E,1,12,0.8,11.2,M,44.7,M,,*75
12212 1658394105 0 3 2.634 4.979
12213 1658394106 0 4 2.500 1.452
12214 1658394106 0 5 0.75
12215 1658394106 0 6 0.11
12216 1658394106 0 8 4.997 9.747 9.51
12217 1658394106 0 1 1.726
12218 1658394106 0 0 26.50 8.24 111.5 0.042 127.6 10.33 2.4 0.0 11.8 0.41 0.02 0.2
12219 1658394107 0 7 $GNGGA,090145.000,4424.57266,N,00855.49697,E,1,12,0.8,11.2,M,44.7,M,,*7E
12220 1658394107 0 7 $GNGGA,090146.000,4424.57266,N,00855.49702,E,1,12,0.8,11.2,M,44.7,M,,*70
12221 1658394108 0 7 $GNGGA,090147.000,4424.57264,N,00855.49706,E,1,12,0.8,11.2,M,44.7,M,,*77
12222 1658394108 0 3 2.634 4.979
12223 1658394109 0 4 2.500 1.452
12224 1658394109 0 5 0.75
12225 1658394109 0 6 0.11
12226 1658394109 0 8 4.997 9.747 9.49
12227 1658394109 0 1 0.630
12228 1658394109 0 0 26.42 8.19 114.3 0.040 127.5 10.34 2.1 0.0 9.2 0.41 0.02 0.2
12229 1658394110 0 7 $GNGGA,090148.000,4424.57264,N,00855.49711,E,1,12,0.8,11.2,M,44.7,M,,*7E
12230 1658394110 0 7 $GNGGA,090149.000,4424.57263,N,00855.49717,E,1,12,0.8,11.2,M,44.7,M,,*7E
12231 1658394111 0 7 $GNGGA,090150.000,4424.57262,N,00855.49720,E,1,12,0.8,11.2,M,44.7,M,,*73
12232 1658394111 0 3 2.633 4.979
12233 1658394112 0 4 2.499 1.444
12234 1658394112 0 5 0.75
12235 1658394112 0 6 0.11
12236 1658394112 0 8 4.997 9.737 9.47
12237 1658394112 0 1 0.084
12238 1658394112 0 0 26.37 8.23 111.9 0.039 127.4 10.34 2.1 0.0 8.9 0.41 0.02 0.2
12239 1658394113 0 7 $GNGGA,090151.000,4424.57262,N,00855.49725,E,1,12,0.8,11.2,M,44.7,M,,*77
12240 1658394113 0 7 $GNGGA,090152.000,4424.57261,N,00855.49730,E,1,12,0.8,11.2,M,44.7,M,,*73
12241 1658394114 0 7 $GNGGA,090153.000,4424.57258,N,00855.49735,E,1,12,0.8,11.2,M,44.7,M,,*7D
12242 1658394114 0 3 2.633 4.979
12243 1658394115 0 4 2.499 1.445
12244 1658394115 0 5 0.74
12245 1658394115 0 6 0.11
12246 1658394115 0 8 4.994 9.455 9.45
12247 1658394115 0 1 -0.643
12248 1658394115 0 0 26.32 8.21 114.3 0.038 127.2 10.34 1.9 0.0 7.8 0.41 0.02 0.1
12249 1658394116 0 7 $GNGGA,090154.000,4424.57256,N,00855.49741,E,1,12,0.8,11.1,M,44.7,M,,*74
12250 1658394116 0 7 $GNGGA,090155.000,4424.57253,N,00855.49748,E,1,12,0.8,11.1,M,44.7,M,,*79
12251 1658394117 0 7 $GNGGA,090156.000,4424.57252,N,00855.49754,E,1,12,0.8,11.1,M,44.7,M,,*76
12252 1658394117 0 3 2.633 4.979
12253 1658394118 0 4 2.499 1.427
12254 1658394118 0 5 0.75
12255 1658394118 0 6 0.11
12256 1658394118 0 8 4.994 9.766 9.49
12257 1658394118 0 1 -0.347
12258 1658394118 0 0 26.27 8.20 115.3 0.037 127.1 10.34 1.7 0.0 6.4 0.41 0.02 0.1
12259 1658394119 0 7 $GNGGA,090157.000,4424.57249,N,00855.49761,E,1,12,0.8,11.1,M,44.7,M,,*7B
12260 1658394119 0 7 $GNGGA,090158.000,4424.57246,N,00855.49767,E,1,12,0.8,11.1,M,44.7,M,,*7D
12261 1658394120 0 7 $GNGGA,090159.000,4424.57243,N,00855.49773,E,1,12,0.8,11.1,M,44.7,M,,*7C
12262 1658394120 0 3 2.632 4.979
12263 1658394121 0 4 2.499 1.439
12264 1658394121 0 5 0.75
12265 1658394121 0 6 0.11
12266 1658394121 0 8 4.994 9.737 9.49
12267 1658394121 0 1 0.077
12268 1658394121 0 0 26.21 8.01 126.6 0.036 126.9 10.33 1.7 0.0 6.3 0.41 0.02 0.1
12269 1658394122 0 7 $GNGGA,090200.000,4424.57243,N,00855.49781,E,1,12,0.8,11.1,M,44.7,M,,*7E
12270 1658394122 0 7 $GNGGA,090201.000,4424.57241,N,00855.49787,E,1,12,0.8,11.1,M,44.7,M,,*7B
12271 1658394123 0 7 $GNGGA,090202.000,4424.57240,N,00855.49794,E,1,12,0.8,11.1,M,44.7,M,,*7B
12272 1658394123 0 3 2.632 4.979
12273 1658394124 0 4 2.497 1.412
12274 1658394124 0 5 0.75
12275 1658394124 0 6 0.11
12276 1658394124 0 8 4.997 9.737 9.49
12277 1658394124 0 1 -0.218
12278 1658394124 0 0 26.13 7.94 132.8 0.035 126.7 10.33 1.8 0.0 7.4 0.41 0.02 0.0
12279 1658394125 0 7 $GNGGA,090203.000,4424.57236,N,00855.49801,E,1,12,0.8,11.1,M,44.7,M,,*78
12280 1658394125 0 7 $GNGGA,090204.000,4424.57234,N,00855.49808,E,1,12,0.8,11.0,M,44.7,M,,*75
12281 1658394126 0 7 $GNGGA,090205.000,4424.57232,N,00855.49815,E,1,12,0.8,11.0,M,44.7,M,,*7E
12282 1658394126 0 3 2.632 4.979
12283 1658394127 0 4 2.498 1.412
12284 1658394127 0 5 0.75
12285 1658394127 0 6 0.11
12286 1658394127 0 8 4.994 9.775 9.51
12287 1658394127 0 1 -0.453
12288 1658394127 0 0 26.08 7.85 138.2 0.035 126.6 10.33 1.8 0.0 7.5 0.41 0.02 0.0
12289 1658394128 0 7 $GNGGA,090206.000,4424.57231,N,00855.49819,E,1,12,0.8,11.0,M,44.7,M,,*72
12290 1658394128 0 7 $GNGGA,090207.000,4424.57228,N,00855.49825,E,1,12,0.8,11.0,M,44.7,M,,*74
12291 1658394129 0 7 $GNGGA,090208.000,4424.57226,N,00855.49833,E,1,12,0.8,11.0,M,44.7,M,,*72
12292 1658394129 0 3 2.632 4.979
12293 1658394130 0 4 2.496 1.409
12294 1658394130 0 5 0.75
12295 1658394130 0 6 0.12
12296 1658394130 0 8 4.994 9.747 9.49
12297 1658394130 0 1 -0.260
12298 1658394130 0 0 26.05 7.92 134.4 0.034 126.4 10.33 1.9 0.0 7.6 0.41 0.02 0.0
12299 1658394131 0 7 $GNGGA,090209.000,4424.57223,N,00855.49839,E,1,12,0.8,11.0,M,44.7,M,,*7C
12300 1658394131 0 7 $GNGGA,090210.000,4424.57222,N,00855.49847,E,1,12,0.8,11.0,M,44.7,M,,*7C
12301 1658394132 0 7 $GNGGA,090211.000,4424.57220,N,00855.49854,E,1,12,0.8,11.0,M,44.7,M,,*7D
12302 1658394132 0 3 2.632 4.979
12303 1658394133 0 4 2.496 1.417
12304 1658394133 0 5 0.75
12305 1658394133 0 6 0.12
12306 1658394133 0 8 4.997 9.766 9.49
12307 1658394133 0 1 -0.555
12308 1658394133 0 0 26.03 8.02 129.4 0.033 126.3 10.32 1.9 0.0 8.0 0.41 0.02 0.1
12309 1658394134 0 7 $GNGGA,090212.000,4424.57218,N,00855.49859,E,1,12,0.8,11.0,M,44.7,M,,*78
12310 1658394134 0 7 $GNGGA,090213.000,4424.57215,N,00855.49867,E,1,12,0.8,11.0,M,44.7,M,,*79
12311 1658394135 0 7 $GNGGA,090214.000,4424.57212,N,00855.49874,E,1,12,0.8,11.0,M,44.7,M,,*7B
12312 1658394135 0 3 2.631 4.979
12313 1658394136 0 4 2.496 1.417
12314 1658394136 0 5 0.75
12315 1658394136 0 6 0.12
12316 1658394136 0 8 4.997 9.766 9.49
12317 1658394136 0 1 -0.619
12321 1658394138 0 7 $GNGGA,090217.000,4424.57206,N,00855.49891,E,1,12,0.8,10.9,M,44.7,M,,*7E
12322 1658394138 0 3 2.631 4.979
12329 1658394140 0 7 $GNGGA,090218.000,4424.57204,N,00855.49897,E,1,12,0.8,10.9,M,44.7,M,,*75
12330 1658394140 0 7 $GNGGA,090219.000,4424.57201,N,00855.49903,E,1,12,0.8,10.9,M,44.7,M,,*7D
12335 1658394142 0 7 $GNGGA,090221.000,4424.57197,N,00855.49917,E,1,12,0.8,10.9,M,44.7,M,,*7F
12336 1658394143 0 7 $GNGGA,090222.000,4424.57194,N,00855.49924,E,1,12,0.8,10.9,M,44.7,M,,*7F
12337 1658394144 0 7 $GNGGA,090223.000,4424.57192,N,00855.49931,E,1,12,0.8,10.9,M,44.7,M,,*7C
12341 1658394145 0 6 0.12
12342 1658394145 0 8 4.997 9.756 9.49
12343 1658394145 0 1 1.225
12344 1658394145 0 0 26.01 8.15 122.9 0.031 125.9 10.29 1.5 0.0 4.7 0.41 0.02 0.1
12345 1658394146 0 7 $GNGGA,090224.000,4424.57189,N,00855.49940,E,1,12,0.8,10.9,M,44.7,M,,*77
12347 1658394147 0 7 $GNGGA,090226.000,4424.57118,N,00855.49908,E,1,12,0.8,10.8,M,44.7,M,,*70
12357 1658394150 0 7 $GNGGA,090229.000,4424.57097,N,00855.49923,E,1,12,0.8,10.9,M,44.7,M,,*71
12358 1658394150 0 3 2.631 4.979
12359 1658394151 0 4 2.493 1.417
12365 1658394152 0 7 $GNGGA,090230.000,4424.57094,N,00855.49932,E,1,12,0.8,10.9,M,44.7,M,,*7A
12366 1658394152 0 7 $GNGGA,090231.000,4424.57091,N,00855.49942,E,1,12,0.8,10.9,M,44.7,M,,*79
12370 1658394154 0 5 0.77
12371 1658394154 0 6 0.12
12377 1658394156 0 7 $GNGGA,090235.000,4424.57075,N,00855.49984,E,1,12,0.8,10.9,M,44.7,M,,*7D
12385 1658394158 0 7 $GNGGA,090236.000,4424.57073,N,00855.49995,E,1,12,0.8,10.9,M,44.7,M,,*78
12386 1658394158 0 7 $GNGGA,090237.000,4424.57069,N,00855.50004,E,1,12,0.8,10.9,M,44.7,M,,*7B
12396 1658394161 0 7 $GNGGA,090240.000,4424.57054,N,00855.50068,E,1,12,0.8,10.8,M,44.7,M,,*7E
12401 1658394163 0 6 0.12
12403 1658394163 0 1 0.083
12407 1658394165 0 7 $GNGGA,090244.000,4424.57036,N,00855.50126,E,1,12,0.8,10.9,M,44.7,M,,*74
12409 1658394166 0 4 2.493 1.412
12415 1658394167 0 7 $GNGGA,090245.000,4424.57032,N,00855.50139,E,1,12,0.8,10.9,M,44.7,M,,*7F
12416 1658394167 0 7 $GNGGA,090246.000,4424.57028,N,00855.50156,E,1,12,0.8,10.9,M,44.7,M,,*7E
12419 1658394169 0 4 2.493 1.367
12420 1658394169 0 5 0.77
12425 1658394170 0 7 $GNGGA,090248.000,4424.57012,N,00855.50184,E,1,12,0.8,10.9,M,44.7,M,,*76
12437 1658394174 0 7 $GNGGA,090253.000,4424.56979,N,00855.50300,E,1,12,0.8,11.0,M,44.7,M,,*7F
12445 1658394176 0 7 $GNGGA,090254.000,4424.56973,N,00855.50320,E,1,12,0.8,10.9,M,44.7,M,,*78
12446 1658394176 0 7 $GNGGA,090255.000,4424.56970,N,00855.50340,E,1,12,0.8,10.9,M,44.7,M,,*7C
12456 1658394179 0 7 $GNGGA,090258.000,4424.56932,N,00855.50377,E,1,12,0.8,11.2,M,44.7,M,,*79
12457 1658394180 0 7 $GNGGA,090259.000,4424.56907,N,00855.50427,E,1,12,0.8,11.3,M,44.7,M,,*7D
12462 1658394181 0 8 4.994 9.756 9.49
12465 1658394182 0 7 $GNGGA,090300.000,4424.56903,N,00855.50439,E,1,12,0.8,11.3,M,44.7,M,,*7B
12467 1658394183 0 7 $GNGGA,090302.000,4424.56896,N,00855.50482,E,1,12,0.8,11.3,M,44.7,M,,*74
12468 1658394183 0 3 2.632 4.979
12477 1658394186 0 7 $GNGGA,090305.000,4424.56885,N,00855.50548,E,1,12,0.8,11.3,M,44.7,M,,*76
12483 1658394187 0 1 0.948
12487 1658394189 0 7 $GNGGA,090308.000,4424.56882,N,00855.50618,E,1,12,0.8,11.2,M,44.7,M,,*7B
12490 1658394190 0 5 0.77
12491 1658394190 0 6 0.12
12495 1658394191 0 7 $GNGGA,090309.000,4424.56876,N,00855.50640,E,1,12,0.8,11.2,M,44.7,M,,*7C
12497 1658394192 0 7 $GNGGA,090311.000,4424.56864,N,00855.50684,E,1,12,0.8,11.2,M,44.7,M,,*7E
12498 1658394192 0 3 2.632 4.979
12505 1658394194 0 7 $GNGGA,090312.000,4424.56860,N,00855.50706,E,1,12,0.8,11.2,M,44.7,M,,*72
12506 1658394194 0 7 $GNGGA,090313.000,4424.56852,N,00855.50721,E,1,12,0.8,11.2,M,44.7,M,,*77
12507 1658394195 0 7 $GNGGA,090314.000,4424.56843,N,00855.50751,E,1,12,0.8,11.2,M,44.7,M,,*77
12508 1658394195 0 3 2.632 4.979
12509 1658394196 0 4 2.493 1.359
12510 1658394196 0 5 0.77
12511 1658394196 0 6 0.13
12517 1658394198 0 7 $GNGGA,090317.000,4424.56828,N,00855.50820,E,1,12,0.8,11.2,M,44.7,M,,*70
12518 1658394198 0 3 2.632 4.979
12523 1658394199 0 1 0.073
12524 1658394199 0 0 25.75 7.91 150.9 0.026 124.7 10.24 0.7 0.0 1.8 0.41 0.02 0.0
12527 1658394201 0 7 $GNGGA,090320.000,4424.56820,N,00855.50878,E,1,12,0.8,11.2,M,44.7,M,,*71
12535 1658394203 0 7 $GNGGA,090321.000,4424.56818,N,00855.50897,E,1,12,0.8,11.2,M,44.7,M,,*7A
12536 1658394203 0 7 $GNGGA,090322.000,4424.56814,N,00855.50943,E,1,12,0.8,11.1,M,44.7,M,,*7E
12537 1658394204 0 7 $GNGGA,090323.000,4424.56810,N,00855.50995,E,1,12,0.8,11.0,M,44.7,M,,*71
12538 1658394204 0 3 2.631 4.979
12539 1658394205 0 4 2.493 1.292
12540 1658394205 0 5 0.77
12541 1658394205 0 6 0.13
12542 1658394205 0 8 4.997 9.766 9.49
12545 1658394206 0 7 $GNGGA,090324.000,4424.56807,N,00855.51028,E,1,12,0.8,11.0,M,44.7,M,,*7E
12546 1658394206 0 7 $GNGGA,090325.000,4424.56808,N,00855.51050,E,1,12,0.8,11.0,M,44.7,M,,*7F
12551 1658394208 0 6 0.12
12552 1658394208 0 8 4.997 9.766 9.49
12553 1658394208 0 1 0.490
12554 1658394208 0 0 25.80 7.90 155.1 0.025 124.4 10.21 0.9 0.0 4.2 0.41 0.02 0.0
12557 1658394210 0 7 $GNGGA,090329.000,4424.56774,N,00855.51222,E,1,12,0.8,10.9,M,44.7,M,,*78
12558 1658394210 0 3 2.632 4.979
12565 1658394212 0 7 $GNGGA,090330.000,4424.56768,N,00855.51261,E,1,12,0.8,10.9,M,44.7,M,,*7A
12566 1658394212 0 7 $GNGGA,090331.000,4424.56771,N,00855.51317,E,1,12,0.8,11.0,M,44.7,M,,*7B
12569 1658394214 0 4 2.493 1.297
12570 1658394214 0 5 0.77
12571 1658394214 0 6 0.13
12577 1658394216 0 7 $GNGGA,090335.000,4424.56745,N,00855.51444,E,1,12,0.8,10.9,M,44.7,M,,*71
12584 1658394218 0 7 $GNGGA,090336.000,4424.56738,N,00855.51466,E,1,12,0.8,10.9,M,44.7,M,,*78
12585 1658394218 0 7 $GNGGA,090337.000,4424.56728,N,00855.51493,E,1,12,0.8,10.8,M,44.7,M,,*73
12587 1658394219 0 3 2.631 4.979
12594 1658394221 0 7 $GNGGA,090340.000,4424.56707,N,00855.51566,E,1,12,0.8,10.7,M,44.7,M,,*7A
12595 1658394222 0 7 $GNGGA,090341.000,4424.56704,N,00855.51591,E,1,12,0.8,10.7,M,44.7,M,,*70
12599 1658394223 0 6 0.12
12600 1658394223 0 8 4.997 9.822 9.49
12601 1658394223 0 0 25.87 7.76 162.9 0.024 123.9 10.16 1.2 0.0 4.7 0.41 0.01 0.0
12603 1658394224 0 7 $GNGGA,090343.000,4424.56690,N,00855.51645,E,1,12,0.8,10.6,M,44.7,M,,*75
12604 1658394225 0 7 $GNGGA,090344.000,4424.56686,N,00855.51661,E,1,12,0.8,10.5,M,44.7,M,,*70
12605 1658394225 0 3 2.632 4.979
14634 1658394847 0 4 2.517 1.317
14635 1658394847 0 5 0.77
14641 1658394849 0 7 $GNGGA,091408.000,4424.63024,N,00855.45906,E,1,12,0.8,8.3,M,44.7,M,,*42
14642 1658394849 0 1 2.573
14643 1658394850 0 3 2.571 4.979
14649 1658394850 0 7 $GNGGA,091409.000,4424.63026,N,00855.45909,E,1,12,0.8,8.2,M,44.7,M,,*4F
14650 1658394851 0 7 $GNGGA,091410.000,4424.63026,N,00855.45912,E,1,12,0.8,8.2,M,44.7,M,,*4D
14651 1658394852 0 7 $GNGGA,091411.000,4424.63027,N,00855.45916,E,1,12,0.8,8.2,M,44.7,M,,*49
14652 1658394853 0 3 2.571 4.978
14659 1658394854 0 7 $GNGGA,091412.000,4424.63028,N,00855.45920,E,1,12,0.8,8.3,M,44.7,M,,*41
14660 1658394855 0 7 $GNGGA,091414.000,4424.63030,N,00855.45925,E,1,12,0.8,8.2,M,44.7,M,,*4A
14661 1658394855 0 1 2.723
14662 1658394856 0 3 2.571 4.978
14663 1658394856 0 4 2.516 1.325
14664 1658394856 0 5 0.76
14665 1658394856 0 6 0.13
14666 1658394856 0 8 4.997 9.766 9.45
14667 1658394856 0 0 26.64 8.17 138.4 67.51 118.7 7.41 16.5 0.0 482.2 0.43 45.93 1.0
14668 1658394856 0 7 $GNGGA,091415.000,4424.63032,N,00855.45929,E,1,12,0.8,8.2,M,44.7,M,,*45
14669 1658394857 0 7 $GNGGA,091416.000,4424.63033,N,00855.45932,E,1,12,0.8,8.1,M,44.7,M,,*4E
14670 1658394858 0 7 $GNGGA,091417.000,4424.63035,N,00855.45935,E,1,12,0.8,8.1,M,44.7,M,,*4E
14671 1658394858 0 1 2.991
14672 1658394859 0 3 2.572 4.979
14673 1658394859 0 4 2.518 1.322
14674 1658394859 0 5 0.76
14675 1658394859 0 6 0.13
14676 1658394859 0 8 4.997 9.747 9.47
14677 1658394859 0 0 26.59 8.18 138.1 67.46 118.7 7.42 16.5 0.0 484.6 0.43 45.90 1.1
14678 1658394860 0 7 $GNGGA,091418.000,4424.63036,N,00855.45938,E,1,12,0.8,8.0,M,44.7,M,,*4E
14679 1658394860 0 7 $GNGGA,091419.000,4424.63037,N,00855.45939,E,1,12,0.8,8.0,M,44.7,M,,*4F
14680 1658394861 0 7 $GNGGA,091420.000,4424.63038,N,00855.45940,E,1,12,0.8,8.0,M,44.7,M,,*44
14681 1658394862 0 7 $GNGGA,091421.000,4424.63039,N,00855.45944,E,1,12,0.8,8.0,M,44.7,M,,*40
14682 1658394863 0 7 $GNGGA,091422.000,4424.63040,N,00855.45948,E,1,12,0.8,8.0,M,44.7,M,,*41
14683 1658394863 0 0 26.57 8.18 137.7 67.38 118.7 7.42 16.5 0.0 477.8 0.42 45.84 1.1
14685 1658394863 0 1 3.077
14686 1658394864 0 5 0.75
14687 1658394864 0 6 0.13
14688 1658394864 0 1 3.100
14689 1658394864 0 8 4.997 9.879 9.47
14690 1658394864 0 1 3.006
14691 1658394864 0 1 3.108
14692 1658394865 0 0 26.58 8.18 137.7 67.41 118.7 7.42 16.5 0.0 474.5 0.41 45.86 1.1
14693 1658394865 0 7 $GNGGA,091423.000,4424.63041,N,00855.45952,E,1,12,0.8,8.0,M,44.7,M,,*4A
14694 1658394866 0 3 2.572 4.979
14695 1658394867 0 4 2.518 1.322
14696 1658394867 0 5 0.75
14697 1658394867 0 6 0.12
14698 1658394867 0 8 4.997 9.766 9.45
14699 1658394867 0 1 3.085
14700 1658394868 0 7 $GNGGA,091426.000,4424.63040,N,00855.45969,E,1,12,0.8,7.9,M,44.7,M,,*40
14701 1658394868 0 0 26.57 8.18 137.4 67.39 120.1 7.50 16.5 0.0 469.1 0.43 45.85 1.1
14702 1658394868 0 7 $GNGGA,091427.000,4424.63041,N,00855.45974,E,1,12,0.8,7.8,M,44.7,M,,*4D
14703 1658394869 0 7 $GNGGA,091428.000,4424.63042,N,00855.45978,E,1,12,0.8,7.8,M,44.7,M,,*4D
14704 1658394869 0 3 2.572 4.979
14705 1658394870 0 4 2.521 1.322
14706 1658394870 0 5 0.74
14707 1658394870 0 6 0.12
14708 1658394870 0 8 4.997 9.775 9.47
14709 1658394870 0 7 $GNGGA,091429.000,4424.63042,N,00855.45983,E,1,12,0.8,7.8,M,44.7,M,,*48
14710 1658394871 0 0 26.61 8.18 137.3 67.44 120.1 7.50 16.5 0.0 464.7 0.46 45.88 1.1
14711 1658394871 0 7 $GNGGA,091430.000,4424.63041,N,00855.45988,E,1,12,0.8,7.8,M,44.7,M,,*48
14712 1658394871 0 1 2.979
14713 1658394872 0 7 $GNGGA,091431.000,4424.63042,N,00855.45993,E,1,12,0.8,7.7,M,44.7,M,,*4F
14714 1658394872 0 3 2.572 4.978
14715 1658394873 0 4 2.520 1.322
14716 1658394873 0 5 0.74
14717 1658394873 0 6 0.12
14718 1658394873 0 8 4.997 10.105 9.49
14719 1658394873 0 1 2.985
14720 1658394873 0 7 $GNGGA,091432.000,4424.63043,N,00855.45998,E,1,12,0.8,7.7,M,44.7,M,,*46
14721 1658394874 0 0 26.60 8.18 137.1 67.46 120.5 7.53 16.5 0.0 462.3 0.46 45.90 1.1
14722 1658394874 0 7 $GNGGA,091433.000,4424.63043,N,00855.46001,E,1,12,0.8,7.7,M,44.7,M,,*4D
14723 1658394875 0 7 $GNGGA,091434.000,4424.63044,N,00855.46006,E,1,12,0.8,7.6,M,44.7,M,,*4B
14725 1658394876 0 4 2.574 1.325
14726 1658394876 0 5 0.73
14727 1658394876 0 6 0.12
14728 1658394876 0 8 4.997 10.076 9.49
14729 1658394876 0 1 3.716
14730 1658394876 0 7 $GNGGA,091435.000,4424.63043,N,00855.46010,E,1,12,0.8,7.6,M,44.7,M,,*4A
14731 1658394877 0 0 26.55 8.18 136.8 67.55 120.8 7.55 16.5 0.0 462.4 0.96 45.97 1.1
14732 1658394877 0 7 $GNGGA,091436.000,4424.63044,N,00855.46016,E,1,12,0.8,7.6,M,44.7,M,,*48
14733 1658394878 0 7 $GNGGA,091437.000,4424.63044,N,00855.46019,E,1,12,0.8,7.5,M,44.7,M,,*45
14734 1658394878 0 3 2.658 4.979
14735 1658394879 0 4 2.667 1.334
14736 1658394879 0 5 0.72
14737 1658394879 0 6 0.11
14738 1658394879 0 8 4.997 10.086 9.49
14739 1658394879 0 1 3.392
14740 1658394879 0 7 $GNGGA,091438.000,4424.63045,N,00855.46024,E,1,12,0.8,7.5,M,44.7,M,,*45
14741 1658394880 0 0 26.52 8.18 136.6 67.53 121.0 7.56 16.6 0.0 461.2 1.75 45.95 1.1
14742 1658394880 0 7 $GNGGA,091439.000,4424.63046,N,00855.46029,E,1,12,0.8,7.5,M,44.7,M,,*4A
14743 1658394881 0 7 $GNGGA,091440.000,4424.63047,N,00855.46035,E,1,12,0.8,7.4,M,44.7,M,,*49
14744 1658394881 0 3 2.794 4.979
14745 1658394882 0 4 2.677 1.401
14746 1658394882 0 5 0.72
14747 1658394882 0 6 0.11
14748 1658394882 0 8 4.997 10.105 9.47
14749 1658394882 0 1 3.761
14750 1658394882 0 7 $GNGGA,091441.000,4424.63048,N,00855.46038,E,1,12,0.8,7.4,M,44.7,M,,*4A
14751 1658394883 0 0 26.37 8.19 136.2 67.54 121.4 7.61 16.6 0.0 465.0 2.53 45.97 1.1
14752 1658394883 0 7 $GNGGA,091442.000,4424.63049,N,00855.46044,E,1,12,0.8,7.3,M,44.7,M,,*44
14753 1658394884 0 7 $GNGGA,091443.000,4424.63048,N,00855.46049,E,1,12,0.8,7.3,M,44.7,M,,*49
14754 1658394884 0 3 2.802 4.979
14755 1658394885 0 4 2.678 1.389
14756 1658394885 0 5 0.72
14757 1658394885 0 6 0.11
14758 1658394885 0 8 4.997 9.907 9.43
14759 1658394885 0 1 3.620
14760 1658394886 0 0 26.33 8.20 136.0 67.50 121.6 7.63 16.6 0.0 461.2 3.27 45.94 1.1
14761 1658394886 0 7 $GNGGA,091444.000,4424.63049,N,00855.46053,E,1,12,0.8,7.3,M,44.7,M,,*44
14762 1658394887 0 7 $GNGGA,091446.000,4424.63049,N,00855.46062,E,1,12,0.8,7.2,M,44.7,M,,*45
14763 1658394887 0 3 2.817 4.979
14764 1658394888 0 4 2.681 1.397
14765 1658394888 0 5 0.72
14766 1658394888 0 6 0.11
14767 1658394888 0 8 4.997 9.737 9.45
14768 1658394888 0 1 4.349
14769 1658394888 0 7 $GNGGA,091447.000,4424.63049,N,00855.46066,E,1,12,0.8,7.2,M,44.7,M,,*40
14770 1658394889 0 0 26.29 8.20 135.8 67.43 122.0 7.66 16.7 0.0 458.8 3.99 45.88 1.1
14771 1658394889 0 7 $GNGGA,091448.000,4424.63049,N,00855.46071,E,1,12,0.8,7.1,M,44.7,M,,*4A
14773 1658394890 0 3 2.826 4.979
14774 1658394891 0 4 2.682 1.444
14775 1658394891 0 5 0.72
14776 1658394891 0 6 0.11
14777 1658394891 0 8 4.994 8.247 9.45
14778 1658394891 0 1 7.282
14779 1658394891 0 7 $GNGGA,091450.000,4424.63050,N,00855.46077,E,1,12,0.8,7.1,M,44.7,M,,*4D
14780 1658394892 0 0 26.03 8.20 135.9 67.62 122.3 7.71 16.7 0.0 471.3 4.62 46.04 1.1
14781 1658394892 0 7 $GNGGA,091451.000,4424.63050,N,00855.46079,E,1,12,0.8,7.1,M,44.7,M,,*42
14782 1658394893 0 7 $GNGGA,091452.000,4424.63050,N,00855.46080,E,1,12,0.8,7.1,M,44.7,M,,*47
14783 1658394893 0 3 2.837 4.979
14784 1658394894 0 4 2.681 1.437
14785 1658394894 0 5 0.71
14786 1658394894 0 6 0.11
14787 1658394894 0 8 4.997 9.766 9.45
14788 1658394894 0 1 7.390
14789 1658394894 0 7 $GNGGA,091453.000,4424.63050,N,00855.46082,E,1,12,0.8,7.0,M,44.7,M,,*45
14790 1658394895 0 0 25.81 8.18 136.1 67.53 122.6 7.75 16.7 0.0 471.0 4.98 45.98 1.0
14791 1658394895 0 7 $GNGGA,091454.000,4424.63052,N,00855.46083,E,1,12,0.8,7.0,M,44.7,M,,*41
14792 1658394896 0 7 $GNGGA,091455.000,4424.63053,N,00855.46086,E,1,12,0.8,7.0,M,44.7,M,,*44
14793 1658394896 0 3 2.819 4.979
14794 1658394897 0 4 2.681 1.442
14795 1658394897 0 5 0.71
14796 1658394897 0 6 0.11
14797 1658394897 0 8 4.997 9.784 9.45
14798 1658394897 0 1 8.091
14799 1658394897 0 7 $GNGGA,091456.000,4424.63053,N,00855.46088,E,1,12,0.8,7.0,M,44.7,M,,*49
14800 1658394898 0 0 25.66 8.17 136.3 67.55 123.1 7.81 16.7 0.0 465.1 5.29 46.00 1.0
14801 1658394898 0 7 $GNGGA,091457.000,4424.63054,N,00855.46091,E,1,12,0.8,7.1,M,44.7,M,,*46
14802 1658394899 0 7 $GNGGA,091458.000,4424.63054,N,00855.46093,E,1,12,0.8,7.1,M,44.7,M,,*4B
14803 1658394899 0 3 2.826 4.979
14804 1658394900 0 4 2.681 1.442
14805 1658394900 0 5 0.71
14806 1658394900 0 6 0.11
14807 1658394900 0 8 4.997 9.766 9.45
14808 1658394900 0 1 7.262
14809 1658394900 0 7 $GNGGA,091459.000,4424.63054,N,00855.46094,E,1,12,0.8,7.1,M,44.7,M,,*4D
14810 1658394901 0 0 25.48 8.16 136.5 67.39 123.6 7.86 16.8 0.0 464.3 5.49 45.88 1.0
14811 1658394901 0 7 $GNGGA,091500.000,4424.63055,N,00855.46096,E,1,12,0.8,7.1,M,44.7,M,,*43
14812 1658394902 0 7 $GNGGA,091501.000,4424.63055,N,00855.46097,E,1,12,0.8,7.1,M,44.7,M,,*43
14813 1658394902 0 3 2.833 4.979
14814 1658394903 0 4 2.681 1.444
14815 1658394903 0 5 0.70
14816 1658394903 0 6 0.11
14817 1658394903 0 8 4.997 9.775 9.45
14818 1658394903 0 1 7.608
14819 1658394903 0 7 $GNGGA,091502.000,4424.63055,N,00855.46099,E,1,12,0.8,7.1,M,44.7,M,,*4E
14820 1658394904 0 0 25.39 8.16 136.6 67.39 123.8 7.89 16.7 0.0 457.6 5.49 45.88 0.9
14821 1658394904 0 7 $GNGGA,091503.000,4424.63056,N,00855.46100,E,1,12,0.8,7.1,M,44.7,M,,*4D
14822 1658394905 0 7 $GNGGA,091504.000,4424.63057,N,00855.46101,E,1,12,0.8,7.2,M,44.7,M,,*49
14823 1658394905 0 3 2.844 4.979
14824 1658394906 0 4 2.680 1.442
14825 1658394906 0 5 0.70
14826 1658394906 0 6 0.11
14827 1658394906 0 8 4.997 9.794 9.45
14828 1658394906 0 1 6.821
14829 1658394906 0 7 $GNGGA,091505.000,4424.63058,N,00855.46104,E,1,12,0.8,7.2,M,44.7,M,,*42
14830 1658394907 0 0 25.44 8.15 136.6 67.42 123.8 7.88 16.7 0.0 446.8 5.49 45.90 0.9
14831 1658394907 0 7 $GNGGA,091506.000,4424.63059,N,00855.46104,E,1,12,0.8,7.2,M,44.7,M,,*40
14832 1658394908 0 7 $GNGGA,091507.000,4424.63059,N,00855.46106,E,1,12,0.8,7.2,M,44.7,M,,*43
14833 1658394908 0 3 2.824 4.979
14834 1658394909 0 4 2.679 1.444
14835 1658394909 0 5 0.70
14836 1658394909 0 6 0.11
14837 1658394909 0 8 4.997 9.803 9.45
14838 1658394909 0 1 7.326
14839 1658394909 0 7 $GNGGA,091508.000,4424.63060,N,00855.46107,E,1,12,0.8,7.2,M,44.7,M,,*47
14841 1658394910 0 7 $GNGGA,091509.000,4424.63061,N,00855.46107,E,1,12,0.8,7.3,M,44.7,M,,*46
14842 1658394911 0 7 $GNGGA,091510.000,4424.63061,N,00855.46108,E,1,12,0.8,7.3,M,44.7,M,,*41
14843 1658394911 0 3 2.831 4.979
14844 1658394912 0 4 2.679 1.447
14845 1658394912 0 5 0.69
14846 1658394912 0 6 0.11
14847 1658394912 0 8 4.997 9.775 9.43
14848 1658394912 0 1 7.594
14849 1658394912 0 7 $GNGGA,091511.000,4424.63062,N,00855.46110,E,1,12,0.8,7.3,M,44.7,M,,*4A
14850 1658394913 0 0 25.46 8.15 136.5 67.50 123.6 7.86 16.6 0.0 435.5 5.49 45.97 0.9
14851 1658394913 0 7 $GNGGA,091512.000,4424.63062,N,00855.46113,E,1,12,0.8,7.3,M,44.7,M,,*4A
14852 1658394914 0 7 $GNGGA,091513.000,4424.63062,N,00855.46113,E,1,12,0.8,7.3,M,44.7,M,,*4B
14853 1658394914 0 3 2.840 4.979
14854 1658394915 0 4 2.679 1.449
14855 1658394915 0 5 0.70
14856 1658394915 0 6 0.10
14857 1658394915 0 8 4.997 9.803 9.45
14858 1658394915 0 1 6.775
14859 1658394915 0 7 $GNGGA,091514.000,4424.63063,N,00855.46114,E,1,12,0.8,7.4,M,44.7,M,,*4D
14860 1658394916 0 0 25.39 8.16 136.5 67.52 123.4 7.86 16.6 0.0 433.6 5.49 45.98 0.9
14861 1658394916 0 7 $GNGGA,091515.000,4424.63063,N,00855.46114,E,1,12,0.8,7.4,M,44.7,M,,*4C
14862 1658394917 0 7 $GNGGA,091516.000,4424.63064,N,00855.46115,E,1,12,0.8,7.4,M,44.7,M,,*49
14863 1658394917 0 3 2.849 4.979
14864 1658394918 0 4 2.678 1.452
14865 1658394918 0 5 0.70
14866 1658394918 0 6 0.10
14867 1658394918 0 8 4.997 9.794 9.45
14868 1658394918 0 1 5.255
14869 1658394918 0 7 $GNGGA,091517.000,4424.63065,N,00855.46115,E,1,12,0.8,7.4,M,44.7,M,,*49
14870 1658394919 0 0 25.28 8.16 136.4 67.57 122.9 7.84 16.6 0.0 429.6 5.49 46.02 0.9
14871 1658394919 0 7 $GNGGA,091518.000,4424.63065,N,00855.46115,E,1,12,0.8,7.4,M,44.7,M,,*46
14872 1658394920 0 7 $GNGGA,091519.000,4424.63066,N,00855.46115,E,1,12,0.8,7.4,M,44.7,M,,*44
14873 1658394920 0 3 2.853 4.979
14874 1658394921 0 4 2.678 1.452
14875 1658394921 0 5 0.70
14876 1658394921 0 6 0.10
14877 1658394921 0 8 4.997 9.766 9.45
14878 1658394921 0 1 5.377
14879 1658394922 0 7 $GNGGA,091520.000,4424.63068,N,00855.46115,E,1,12,0.8,7.4,M,44.7,M,,*40
14880 1658394922 0 0 25.21 8.16 136.5 67.53 122.4 7.82 16.6 0.0 424.4 5.50 45.99 0.9
14881 1658394923 0 7 $GNGGA,091521.000,4424.63068,N,00855.46116,E,1,12,0.8,7.4,M,44.7,M,,*42
14882 1658394923 0 7 $GNGGA,091522.000,4424.63069,N,00855.46116,E,1,12,0.8,7.4,M,44.7,M,,*40
14883 1658394923 0 3 2.838 4.979
14884 1658394924 0 4 2.679 1.454
14885 1658394924 0 5 0.70
14886 1658394924 0 6 0.10
14887 1658394924 0 8 4.997 9.766 9.45
14888 1658394924 0 1 5.223
14889 1658394924 0 7 $GNGGA,091523.000,4424.63070,N,00855.46116,E,1,12,0.8,7.4,M,44.7,M,,*49
14890 1658394925 0 0 25.18 8.17 136.3 67.47 121.8 7.79 16.6 0.0 418.4 5.50 45.95 0.9
14891 1658394925 0 7 $GNGGA,091524.000,4424.63071,N,00855.46117,E,1,12,0.8,7.4,M,44.7,M,,*4E
14892 1658394926 0 7 $GNGGA,091525.000,4424.63072,N,00855.46118,E,1,12,0.8,7.4,M,44.7,M,,*43
14893 1658394926 0 3 2.844 4.979
14894 1658394927 0 4 2.678 1.449
14895 1658394927 0 5 0.70
14896 1658394927 0 6 0.10
14897 1658394927 0 8 4.997 9.756 9.45
14898 1658394927 0 1 5.698
14899 1658394927 0 7 $GNGGA,091526.000,4424.63074,N,00855.46118,E,1,12,0.8,7.4,M,44.7,M,,*46
14900 1658394928 0 0 25.18 8.17 136.3 67.41 121.3 7.75 16.5 0.0 414.0 5.49 45.90 0.9
14901 1658394928 0 7 $GNGGA,091527.000,4424.63075,N,00855.46118,E,1,12,0.8,7.4,M,44.7,M,,*46
14902 1658394929 0 7 $GNGGA,091528.000,4424.63077,N,00855.46116,E,1,12,0.8,7.4,M,44.7,M,,*45
14903 1658394929 0 3 2.854 4.979
14904 1658394930 0 4 2.678 1.449
14905 1658394930 0 5 0.70
14906 1658394930 0 6 0.10
14907 1658394930 0 8 4.997 9.756 9.45
14908 1658394930 0 1 6.633
14909 1658394930 0 7 $GNGGA,091529.000,4424.63077,N,00855.46117,E,1,12,0.8,7.4,M,44.7,M,,*45
14910 1658394931 0 0 25.29 8.17 136.2 67.34 120.7 7.71 16.5 0.0 404.2 5.49 45.84 0.9
14911 1658394931 0 7 $GNGGA,091530.000,4424.63079,N,00855.46116,E,1,12,0.8,7.4,M,44.7,M,,*42
14912 1658394932 0 7 $GNGGA,091531.000,4424.63079,N,00855.46116,E,1,12,0.8,7.4,M,44.7,M,,*43
14913 1658394932 0 3 2.858 4.979
14914 1658394933 0 4 2.677 1.457
14915 1658394933 0 5 0.71
14916 1658394933 0 6 0.10
14917 1658394933 0 8 4.997 9.766 9.45
14918 1658394933 0 1 5.331
14919 1658394933 0 7 $GNGGA,091532.000,4424.63081,N,00855.46117,E,1,12,0.8,7.4,M,44.7,M,,*46
14920 1658394934 0 0 25.31 8.17 136.2 67.49 120.3 7.67 16.4 0.0 398.0 5.49 45.96 0.9
14921 1658394934 0 7 $GNGGA,091533.000,4424.63082,N,00855.46119,E,1,12,0.8,7.4,M,44.7,M,,*4A
14922 1658394935 0 7 $GNGGA,091534.000,4424.63082,N,00855.46120,E,1,12,0.8,7.4,M,44.7,M,,*47
14923 1658394935 0 3 2.843 4.979
14924 1658394936 0 4 2.677 1.479
14925 1658394936 0 5 0.70
14926 1658394936 0 6 0.10
14927 1658394936 0 8 4.997 9.756 9.45
14928 1658394936 0 1 5.551
14929 1658394936 0 7 $GNGGA,091535.000,4424.63083,N,00855.46121,E,1,12,0.8,7.4,M,44.7,M,,*46
14930 1658394937 0 0 25.30 8.17 136.2 67.44 119.9 7.65 16.5 0.0 402.1 5.49 45.92 0.9
14931 1658394937 0 7 $GNGGA,091536.000,4424.63083,N,00855.46122,E,1,12,0.8,7.3,M,44.7,M,,*41
14932 1658394938 0 7 $GNGGA,091537.000,4424.63083,N,00855.46122,E,1,12,0.8,7.3,M,44.7,M,,*40
14933 1658394938 0 3 2.849 4.979
14934 1658394939 0 4 2.677 1.549
14935 1658394939 0 5 0.70
14936 1658394939 0 6 0.10
14937 1658394939 0 8 4.997 9.766 9.45
14938 1658394939 0 1 5.190
14939 1658394940 0 7 $GNGGA,091538.000,4424.63083,N,00855.46122,E,1,12,0.8,7.3,M,44.7,M,,*4F
14940 1658394940 0 0 25.21 8.17 136.1 67.37 119.6 7.64 16.5 0.0 394.3 5.50 45.87 0.9
14941 1658394940 0 7 $GNGGA,091539.000,4424.63084,N,00855.46123,E,1,12,0.8,7.3,M,44.7,M,,*48
14942 1658394941 0 7 $GNGGA,091540.000,4424.63084,N,00855.46123,E,1,12,0.8,7.3,M,44.7,M,,*46
14943 1658394941 0 3 2.858 4.979
14944 1658394942 0 4 2.677 1.531
14945 1658394942 0 5 0.69
14946 1658394942 0 6 0.10
14947 1658394942 0 8 4.997 9.766 9.45
14948 1658394942 0 1 5.058
14949 1658394942 0 7 $GNGGA,091541.000,4424.63084,N,00855.46123,E,1,12,0.8,7.3,M,44.7,M,,*47
14950 1658394943 0 0 25.19 8.17 136.1 67.33 119.2 7.62 16.4 0.0 385.7 5.50 45.84 0.9
14951 1658394943 0 7 $GNGGA,091542.000,4424.63084,N,00855.46123,E,1,12,0.8,7.3,M,44.7,M,,*44
14952 1658394944 0 7 $GNGGA,091543.000,4424.63085,N,00855.46124,E,1,12,0.8,7.3,M,44.7,M,,*43
14953 1658394944 0 3 2.864 4.979
14954 1658394945 0 4 2.677 1.531
14955 1658394945 0 5 0.68
14956 1658394945 0 6 0.10
14957 1658394945 0 8 4.997 9.766 9.45
14958 1658394945 0 1 5.414
14959 1658394945 0 7 $GNGGA,091544.000,4424.63085,N,00855.46126,E,1,12,0.8,7.3,M,44.7,M,,*46
14960 1658394946 0 0 25.21 8.17 135.9 67.39 119.0 7.61 16.4 0.0 382.2 5.50 45.88 0.9
14961 1658394946 0 7 $GNGGA,091545.000,4424.63085,N,00855.46126,E,1,12,0.8,7.2,M,44.7,M,,*46
14962 1658394947 0 7 $GNGGA,091546.000,4424.63085,N,00855.46127,E,1,12,0.8,7.2,M,44.7,M,,*44
14963 1658394947 0 3 2.861 4.979
14964 1658394948 0 4 2.677 1.529
14965 1658394948 0 5 0.69
14966 1658394948 0 6 0.10
14967 1658394948 0 8 4.997 9.756 9.45
14968 1658394948 0 1 4.829
14969 1658394948 0 7 $GNGGA,091547.000,4424.63086,N,00855.46128,E,1,12,0.8,7.2,M,44.7,M,,*49
14970 1658394949 0 0 25.21 8.18 136.0 67.40 118.8 7.59 16.4 0.0 378.6 5.50 45.89 1.0
14971 1658394949 0 7 $GNGGA,091548.000,4424.63086,N,00855.46128,E,1,12,0.8,7.2,M,44.7,M,,*46
14972 1658394950 0 7 $GNGGA,091549.000,4424.63086,N,00855.46129,E,1,12,0.8,7.2,M,44.7,M,,*46
14973 1658394950 0 3 2.856 4.979
14974 1658394951 0 4 2.677 1.531
14975 1658394951 0 5 0.70
14976 1658394951 0 6 0.10
14977 1658394951 0 8 4.997 9.766 9.45
14978 1658394951 0 1 5.347
14979 1658394952 0 7 $GNGGA,091550.000,4424.63085,N,00855.46129,E,1,12,0.8,7.2,M,44.7,M,,*4D
14980 1658394952 0 0 25.21 8.18 135.9 67.38 118.6 7.58 16.4 0.0 374.8 5.50 45.88 1.0
14981 1658394952 0 7 $GNGGA,091551.000,4424.63085,N,00855.46128,E,1,12,0.8,7.2,M,44.7,M,,*4D
14982 1658394953 0 7 $GNGGA,091552.000,4424.63085,N,00855.46129,E,1,12,0.8,7.2,M,44.7,M,,*4F
14983 1658394953 0 1 4.958
14984 1658394953 0 3 2.865 4.979
14985 1658394954 0 4 2.677 1.531
14986 1658394954 0 5 0.70
14987 1658394954 0 6 0.10
14988 1658394954 0 8 4.997 9.935 9.45
14989 1658394954 0 1 5.380
14990 1658394955 0 0 25.20 8.18 135.9 67.43 118.5 7.57 16.4 0.0 370.1 5.49 45.91 1.0
14991 1658394955 0 7 $GNGGA,091553.000,4424.63083,N,00855.46130,E,1,12,0.8,7.2,M,44.7,M,,*40
14992 1658394956 0 7 $GNGGA,091555.000,4424.63082,N,00855.46131,E,1,12,0.8,7.2,M,44.7,M,,*46
14993 1658394956 0 3 2.872 4.979
14994 1658394957 0 4 2.677 1.531
14995 1658394957 0 5 0.69
14996 1658394957 0 6 0.09
14997 1658394957 0 8 4.997 9.775 9.45
14998 1658394957 0 1 4.559
14999 1658394958 0 0 25.14 8.18 135.8 67.41 118.4 7.57 16.3 0.0 367.9 5.49 45.90 1.0
15000 1658394958 0 7 $GNGGA,091556.000,4424.63082,N,00855.46130,E,1,12,0.8,7.2,M,44.7,M,,*44
15001 1658394959 0 7 $GNGGA,091558.000,4424.63081,N,00855.46130,E,1,12,0.8,7.2,M,44.7,M,,*49
15002 1658394959 0 3 2.880 4.979
15003 1658394960 0 4 2.677 1.531
15004 1658394960 0 5 0.69
15005 1658394960 0 6 0.09
15006 1658394960 0 8 4.997 9.766 9.43
15007 1658394960 0 1 4.603
15008 1658394960 0 7 $GNGGA,091559.000,4424.63081,N,00855.46131,E,1,12,0.8,7.2,M,44.7,M,,*49
15009 1658394961 0 0 25.13 8.18 135.8 67.41 118.4 7.58 16.3 0.0 367.0 5.49 45.90 1.0
15010 1658394961 0 7 $GNGGA,091600.000,4424.63080,N,00855.46132,E,1,12,0.8,7.2,M,44.7,M,,*44
15011 1658394962 0 7 $GNGGA,091601.000,4424.63079,N,00855.46132,E,1,12,0.8,7.1,M,44.7,M,,*40
15012 1658394962 0 3 2.863 4.979
15015 1658394963 0 6 0.09
15016 1658394963 0 8 4.997 9.775 9.45
15017 1658394963 0 1 5.454
15018 1658394963 0 7 $GNGGA,091602.000,4424.63079,N,00855.46132,E,1,12,0.8,7.1,M,44.7,M,,*43
15019 1658394964 0 0 25.11 8.18 135.7 67.35 118.2 7.57 16.3 0.0 359.7 5.50 45.86 1.0
15020 1658394964 0 7 $GNGGA,091603.000,4424.63079,N,00855.46132,E,1,12,0.8,7.1,M,44.7,M,,*42
15021 1658394965 0 7 $GNGGA,091604.000,4424.63078,N,00855.46132,E,1,12,0.8,7.1,M,44.7,M,,*44
15022 1658394965 0 3 2.870 4.979
15023 1658394966 0 4 2.677 1.531
15024 1658394966 0 5 0.68
15025 1658394966 0 6 0.09
15026 1658394966 0 8 4.997 9.784 9.43
15027 1658394966 0 1 4.925
15028 1658394966 0 7 $GNGGA,091605.000,4424.63078,N,00855.46132,E,1,12,0.8,7.1,M,44.7,M,,*45
15029 1658394967 0 0 25.07 8.18 135.7 67.41 118.1 7.57 16.3 0.0 356.2 5.50 45.90 1.0
15030 1658394967 0 7 $GNGGA,091606.000,4424.63078,N,00855.46132,E,1,12,0.8,7.1,M,44.7,M,,*46
15031 1658394968 0 7 $GNGGA,091607.000,4424.63077,N,00855.46133,E,1,12,0.8,7.1,M,44.7,M,,*49
15032 1658394968 0 3 2.879 4.979
15033 1658394969 0 4 2.677 1.531
15034 1658394969 0 5 0.67
15035 1658394969 0 6 0.09
15036 1658394969 0 8 4.997 9.784 9.45
15037 1658394969 0 1 5.113
15038 1658394969 0 7 $GNGGA,091608.000,4424.63077,N,00855.46134,E,1,12,0.8,7.1,M,44.7,M,,*41
15041 1658394971 0 7 $GNGGA,091610.000,4424.63076,N,00855.46135,E,1,12,0.8,7.1,M,44.7,M,,*48
15042 1658394971 0 3 2.887 4.979
15048 1658394972 0 7 $GNGGA,091611.000,4424.63076,N,00855.46136,E,1,12,0.8,7.1,M,44.7,M,,*4A
15049 1658394973 0 0 25.12 8.18 135.6 67.37 118.2 7.57 16.3 0.0 351.9 5.50 45.87 1.0
15052 1658394974 0 3 2.872 4.979
15053 1658394975 0 4 2.677 1.534
15060 1658394977 0 7 $GNGGA,091616.000,4424.63074,N,00855.46139,E,1,12,0.8,7.1,M,44.7,M,,*40
15061 1658394977 0 3 2.878 4.979
15065 1658394978 0 8 4.997 9.784 9.45
15066 1658394978 0 1 4.907
15070 1658394980 0 7 $GNGGA,091619.000,4424.63073,N,00855.46139,E,1,12,0.8,7.2,M,44.7,M,,*4B
15071 1658394980 0 3 2.885 4.979
15076 1658394981 0 1 5.863
15081 1658394983 0 3 2.880 4.979
15082 1658394984 0 4 2.677 1.534
15083 1658394984 0 5 0.64
15084 1658394984 0 6 0.09
15090 1658394986 0 7 $GNGGA,091625.000,4424.63070,N,00855.46139,E,1,12,0.8,7.3,M,44.7,M,,*46
15091 1658394986 0 3 2.888 4.979
15096 1658394987 0 1 4.800
15097 1658394987 0 7 $GNGGA,091626.000,4424.63069,N,00855.46139,E,1,12,0.8,7.3,M,44.7,M,,*4D
15098 1658394988 0 0 25.04 8.19 135.3 67.39 118.2 7.58 16.2 0.0 338.5 5.50 45.89 1.0
15101 1658394989 0 3 2.890 4.979
15109 1658394991 0 7 $GNGGA,091630.000,4424.63064,N,00855.46140,E,1,12,0.8,7.4,M,44.7,M,,*4E
15110 1658394992 0 7 $GNGGA,091631.000,4424.63063,N,00855.46140,E,1,12,0.8,7.4,M,44.7,M,,*48
15113 1658394993 0 5 0.63
15114 1658394993 0 6 0.09
15115 1658394993 0 8 4.997 9.775 9.45
15119 1658394995 0 7 $GNGGA,091634.000,4424.63062,N,00855.46141,E,1,12,0.8,7.3,M,44.7,M,,*4A
15121 1658394996 0 4 2.675 1.529
15126 1658394996 0 7 $GNGGA,091635.000,4424.63062,N,00855.46141,E,1,12,0.8,7.3,M,44.7,M,,*4B
15127 1658394997 0 0 24.97 8.19 135.2 67.39 118.4 7.60 16.2 0.0 329.8 5.49 45.89 1.0
15130 1658394998 0 3 2.906 4.979
15131 1658394999 0 4 2.675 1.529
15139 1658395001 0 7 $GNGGA,091640.000,4424.63063,N,00855.46139,E,1,12,0.8,7.2,M,44.7,M,,*46
15140 1658395001 0 3 2.891 4.979
15141 1658395002 0 4 2.675 1.531
15142 1658395002 0 5 0.62
15143 1658395002 0 6 0.09
15144 1658395002 0 8 4.997 9.775 9.45
15145 1658395002 0 1 4.515
15146 1658395002 0 7 $GNGGA,091641.000,4424.63063,N,00855.46137,E,1,12,0.8,7.1,M,44.7,M,,*4A
15147 1658395003 0 0 24.97 8.19 135.1 67.45 118.5 7.60 16.1 0.0 325.7 5.49 45.93 1.0
15148 1658395003 0 7 $GNGGA,091642.000,4424.63062,N,00855.46136,E,1,12,0.8,7.1,M,44.7,M,,*49
15149 1658395004 0 7 $GNGGA,091643.000,4424.63062,N,00855.46135,E,1,12,0.8,7.1,M,44.7,M,,*4B
15150 1658395004 0 3 2.899 4.979
15151 1658395005 0 4 2.675 1.536
15152 1658395005 0 5 0.62
15153 1658395005 0 6 0.09
15154 1658395005 0 8 4.997 9.775 9.45
15155 1658395005 0 1 5.422
15156 1658395005 0 7 $GNGGA,091644.000,4424.63061,N,00855.46135,E,1,12,0.8,7.1,M,44.7,M,,*4F
15157 1658395006 0 0 24.95 8.19 135.1 67.52 118.6 7.60 16.1 0.0 324.3 5.50 45.99 1.0
15158 1658395006 0 7 $GNGGA,091645.000,4424.63061,N,00855.46134,E,1,12,0.8,7.0,M,44.7,M,,*4E
15159 1658395007 0 7 $GNGGA,091646.000,4424.63061,N,00855.46133,E,1,12,0.8,7.0,M,44.7,M,,*4A
15160 1658395007 0 3 2.906 4.979
15161 1658395008 0 4 2.676 1.536
15162 1658395008 0 5 0.62
15163 1658395008 0 6 0.09
15164 1658395008 0 8 4.997 9.784 9.45
15165 1658395008 0 1 4.721
15166 1658395008 0 7 $GNGGA,091647.000,4424.63061,N,00855.46134,E,1,12,0.8,7.0,M,44.7,M,,*4C
15167 1658395009 0 0 24.92 8.19 135.1 67.53 118.6 7.61 16.1 0.0 322.7 5.49 46.00 1.0
15168 1658395009 0 7 $GNGGA,091648.000,4424.63060,N,00855.46134,E,1,12,0.8,7.0,M,44.7,M,,*42
15169 1658395010 0 7 $GNGGA,091649.000,4424.63060,N,00855.46133,E,1,12,0.8,6.9,M,44.7,M,,*4C
15170 1658395010 0 3 2.912 4.979
15171 1658395011 0 4 2.675 1.536
15172 1658395011 0 5 0.62
15173 1658395011 0 6 0.09
15174 1658395011 0 8 4.997 9.784 9.43
15175 1658395011 0 1 4.668
15176 1658395012 0 0 24.92 8.19 135.0 67.47 118.7 7.62 16.1 0.0 321.7 5.49 45.96 1.0
15177 1658395012 0 7 $GNGGA,091650.000,4424.63059,N,00855.46134,E,1,12,0.8,6.9,M,44.7,M,,*49
15178 1658395013 0 7 $GNGGA,091652.000,4424.63058,N,00855.46134,E,1,12,0.8,6.9,M,44.7,M,,*4A
15179 1658395013 0 3 2.895 4.979
15180 1658395014 0 4 2.675 1.539
15181 1658395014 0 5 0.62
15182 1658395014 0 6 0.09
15183 1658395014 0 8 4.997 9.775 9.43
15184 1658395014 0 1 4.598
15185 1658395014 0 7 $GNGGA,091653.000,4424.63058,N,00855.46134,E,1,12,0.8,6.9,M,44.7,M,,*4B
15186 1658395015 0 0 24.91 8.20 134.9 67.40 118.7 7.62 16.1 0.0 319.4 5.49 45.90 1.0
15187 1658395015 0 7 $GNGGA,091654.000,4424.63058,N,00855.46135,E,1,12,0.8,6.9,M,44.7,M,,*4D
15188 1658395016 0 7 $GNGGA,091655.000,4424.63058,N,00855.46135,E,1,12,0.8,6.8,M,44.7,M,,*4D
15189 1658395016 0 3 2.903 4.979
15190 1658395017 0 4 2.676 1.541
15191 1658395017 0 5 0.62
15192 1658395017 0 6 0.09
15193 1658395017 0 8 4.997 9.775 9.45
15194 1658395017 0 1 4.913
15195 1658395017 0 7 $GNGGA,091656.000,4424.63058,N,00855.46136,E,1,12,0.8,6.8,M,44.7,M,,*4D
15196 1658395018 0 0 24.89 8.20 134.8 67.41 118.8 7.63 16.1 0.0 316.9 5.49 45.91 1.0
15197 1658395018 0 7 $GNGGA,091657.000,4424.63058,N,00855.46137,E,1,12,0.8,6.8,M,44.7,M,,*4D
15198 1658395019 0 7 $GNGGA,091658.000,4424.63057,N,00855.46138,E,1,12,0.8,6.8,M,44.7,M,,*42
15199 1658395019 0 3 2.910 4.979
15200 1658395020 0 4 2.674 1.542
15201 1658395020 0 5 0.62
15202 1658395020 0 6 0.09
15203 1658395020 0 8 4.997 9.766 9.45
15204 1658395020 0 1 4.285
15205 1658395020 0 7 $GNGGA,091659.000,4424.63057,N,00855.46139,E,1,12,0.8,6.8,M,44.7,M,,*42
15206 1658395021 0 0 24.87 8.20 134.8 67.44 118.9 7.64 16.1 0.0 316.5 5.50 45.93 1.0
15207 1658395021 0 7 $GNGGA,091700.000,4424.63057,N,00855.46140,E,1,12,0.8,6.8,M,44.7,M,,*41
15208 1658395022 0 7 $GNGGA,091701.000,4424.63057,N,00855.46141,E,1,12,0.8,6.8,M,44.7,M,,*41
15209 1658395022 0 3 2.916 4.979
15210 1658395023 0 4 2.674 1.539
15211 1658395023 0 5 0.62
15212 1658395023 0 6 0.09
15213 1658395023 0 8 4.997 9.775 9.45
15214 1658395023 0 1 3.738
15215 1658395023 0 7 $GNGGA,091702.000,4424.63056,N,00855.46143,E,1,12,0.8,6.8,M,44.7,M,,*41
15216 1658395024 0 0 24.89 8.20 134.7 67.39 118.9 7.64 16.1 0.0 313.3 5.50 45.89 1.0
15217 1658395024 0 7 $GNGGA,091703.000,4424.63056,N,00855.46145,E,1,12,0.8,6.8,M,44.7,M,,*46
15218 1658395025 0 7 $GNGGA,091704.000,4424.63056,N,00855.46146,E,1,12,0.8,6.8,M,44.7,M,,*42
15219 1658395025 0 3 2.925 4.979
15220 1658395026 0 4 2.674 1.544
15221 1658395026 0 5 0.61
15222 1658395026 0 6 0.09
15223 1658395026 0 8 4.997 9.775 9.43
15224 1658395026 0 1 4.344
15225 1658395026 0 7 $GNGGA,091705.000,4424.63057,N,00855.46147,E,1,12,0.8,6.8,M,44.7,M,,*43
15226 1658395027 0 0 24.98 8.19 134.7 67.43 119.0 7.63 16.0 0.0 309.8 5.49 45.92 1.0
15227 1658395027 0 7 $GNGGA,091706.000,4424.63057,N,00855.46149,E,1,12,0.8,6.8,M,44.7,M,,*4E
15228 1658395028 0 7 $GNGGA,091707.000,4424.63057,N,00855.46150,E,1,12,0.8,6.8,M,44.7,M,,*47
15229 1658395028 0 3 2.909 4.979
15230 1658395029 0 4 2.674 1.539
15231 1658395029 0 5 0.61
15232 1658395029 0 6 0.09
15233 1658395029 0 8 4.997 9.775 9.45
15234 1658395029 0 1 3.713
15235 1658395029 0 7 $GNGGA,091708.000,4424.63057,N,00855.46151,E,1,12,0.8,6.8,M,44.7,M,,*49
15236 1658395030 0 0 24.98 8.19 134.7 67.47 119.1 7.64 16.0 0.0 308.4 5.50 45.95 0.9
15237 1658395031 0 7 $GNGGA,091709.000,4424.63057,N,00855.46151,E,1,12,0.8,6.8,M,44.7,M,,*48
15238 1658395031 0 7 $GNGGA,091710.000,4424.63057,N,00855.46153,E,1,12,0.8,6.8,M,44.7,M,,*42
15239 1658395031 0 3 2.914 4.979
15240 1658395032 0 4 2.674 1.541
15241 1658395032 0 5 0.61
15242 1658395032 0 6 0.09
15243 1658395032 0 8 4.997 9.775 9.45
15244 1658395032 0 1 3.762
15245 1658395032 0 7 $GNGGA,091711.000,4424.63057,N,00855.46155,E,1,12,0.8,6.8,M,44.7,M,,*45
15246 1658395033 0 0 24.96 8.19 134.7 67.42 119.3 7.65 16.0 0.0 308.2 5.50 45.91 0.9
15247 1658395033 0 7 $GNGGA,091712.000,4424.63057,N,00855.46157,E,1,12,0.8,6.8,M,44.7,M,,*44
15248 1658395034 0 7 $GNGGA,091713.000,4424.63057,N,00855.46158,E,1,12,0.8,6.8,M,44.7,M,,*4A
15249 1658395034 0 3 2.921 4.979
15250 1658395035 0 4 2.674 1.542
15251 1658395035 0 5 0.61
15252 1658395035 0 6 0.09
15253 1658395035 0 8 4.997 9.766 9.43
15254 1658395035 0 1 3.968
15255 1658395035 0 7 $GNGGA,091714.000,4424.63056,N,00855.46160,E,1,12,0.8,6.8,M,44.7,M,,*47
15256 1658395036 0 0 24.95 8.19 134.7 67.48 119.5 7.66 16.0 0.0 307.3 5.49 45.96 0.9
15257 1658395036 0 7 $GNGGA,091715.000,4424.63056,N,00855.46161,E,1,12,0.8,6.8,M,44.7,M,,*47
15258 1658395037 0 7 $GNGGA,091716.000,4424.63056,N,00855.46162,E,1,12,0.8,6.8,M,44.7,M,,*47
15259 1658395037 0 3 2.928 4.979
15260 1658395038 0 4 2.675 1.541
15261 1658395038 0 5 0.61
15262 1658395038 0 6 0.09
15263 1658395038 0 8 4.997 9.766 9.43
15264 1658395038 0 1 3.879
15265 1658395038 0 7 $GNGGA,091717.000,4424.63056,N,00855.46164,E,1,12,0.8,6.8,M,44.7,M,,*40
15266 1658395039 0 0 25.00 8.18 134.6 67.42 119.7 7.67 16.0 0.0 302.3 5.49 45.91 0.9
15267 1658395039 0 7 $GNGGA,091718.000,4424.63056,N,00855.46166,E,1,12,0.8,6.8,M,44.7,M,,*4D
15268 1658395040 0 7 $GNGGA,091719.000,4424.63056,N,00855.46167,E,1,12,0.8,6.8,M,44.7,M,,*4D
15269 1658395040 0 3 2.934 4.979
15270 1658395041 0 4 2.674 1.541
15271 1658395041 0 5 0.61
15272 1658395041 0 6 0.09
15273 1658395041 0 8 4.997 9.766 9.45
15274 1658395041 0 1 4.533
15275 1658395042 0 7 $GNGGA,091720.000,4424.63056,N,00855.46169,E,1,12,0.8,6.8,M,44.7,M,,*49
15276 1658395042 0 0 25.02 8.18 134.6 67.50 119.8 7.68 16.0 0.0 301.6 5.48 45.97 0.9
15277 1658395042 0 7 $GNGGA,091721.000,4424.63057,N,00855.46170,E,1,12,0.8,6.8,M,44.7,M,,*41
15278 1658395043 0 7 $GNGGA,091722.000,4424.63057,N,00855.46172,E,1,12,0.8,6.8,M,44.7,M,,*40
15279 1658395043 0 3 2.918 4.979
15280 1658395044 0 4 2.674 1.541
15281 1658395044 0 5 0.61
15282 1658395044 0 6 0.09
15283 1658395044 0 8 4.997 9.766 9.45
15284 1658395044 0 1 4.745
15285 1658395044 0 7 $GNGGA,091723.000,4424.63057,N,00855.46173,E,1,12,0.8,6.8,M,44.7,M,,*40
15286 1658395045 0 0 25.06 8.18 134.6 67.60 120.1 7.68 15.9 0.0 298.1 5.48 46.05 0.9
15287 1658395045 0 7 $GNGGA,091724.000,4424.63057,N,00855.46174,E,1,12,0.8,6.8,M,44.7,M,,*40
15288 1658395046 0 7 $GNGGA,091725.000,4424.63057,N,00855.46175,E,1,12,0.8,6.8,M,44.7,M,,*40
15289 1658395046 0 3 2.926 4.979
15290 1658395047 0 4 2.674 1.539
15291 1658395047 0 5 0.61
15292 1658395047 0 6 0.09
15293 1658395047 0 8 4.997 9.756 9.43
15294 1658395047 0 1 4.899
15295 1658395047 0 7 $GNGGA,091726.000,4424.63057,N,00855.46175,E,1,12,0.8,6.8,M,44.7,M,,*43
15296 1658395048 0 0 25.11 8.18 134.5 67.48 120.3 7.70 15.9 0.0 296.7 5.48 45.96 0.9
15297 1658395048 0 7 $GNGGA,091727.000,4424.63057,N,00855.46177,E,1,12,0.8,6.8,M,44.7,M,,*40
15298 1658395049 0 7 $GNGGA,091728.000,4424.63058,N,00855.46178,E,1,12,0.8,6.8,M,44.7,M,,*4F
15299 1658395049 0 3 2.930 4.979
15302 1658395050 0 6 0.09
15303 1658395050 0 8 4.997 9.756 9.45
15304 1658395050 0 1 4.227
15308 1658395052 0 7 $GNGGA,091731.000,4424.63058,N,00855.46181,E,1,12,0.8,6.8,M,44.7,M,,*41
15309 1658395052 0 3 2.936 4.979
15315 1658395053 0 7 $GNGGA,091732.000,4424.63058,N,00855.46182,E,1,12,0.8,6.8,M,44.7,M,,*41
15316 1658395054 0 0 25.16 8.17 134.5 67.51 120.5 7.70 15.9 0.0 295.6 5.49 45.98 0.9
15317 1658395054 0 7 $GNGGA,091733.000,4424.63058,N,00855.46183,E,1,12,0.8,6.8,M,44.7,M,,*41
15319 1658395055 0 3 2.944 4.979
15321 1658395056 0 5 0.61
15328 1658395058 0 7 $GNGGA,091737.000,4424.63058,N,00855.46186,E,1,12,0.8,6.8,M,44.7,M,,*40
15329 1658395058 0 3 2.926 4.979
15330 1658395059 0 4 2.674 1.537
15331 1658395059 0 5 0.61
15332 1658395059 0 6 0.09
15333 1658395059 0 8 4.997 9.766 9.45
15334 1658395059 0 1 3.993
15335 1658395059 0 7 $GNGGA,091738.000,4424.63058,N,00855.46187,E,1,12,0.8,6.8,M,44.7,M,,*4E
15337 1658395060 0 7 $GNGGA,091739.000,4424.63057,N,00855.46188,E,1,12,0.8,6.8,M,44.7,M,,*4F
15338 1658395061 0 7 $GNGGA,091740.000,4424.63056,N,00855.46189,E,1,12,0.8,6.8,M,44.7,M,,*41
15339 1658395061 0 3 2.931 4.979
15340 1658395062 0 4 2.672 1.537
15341 1658395062 0 5 0.61
15342 1658395062 0 6 0.09
15343 1658395062 0 8 4.997 9.775 9.43
15344 1658395062 0 1 4.257
15345 1658395062 0 7 $GNGGA,091741.000,4424.63055,N,00855.46189,E,1,12,0.8,6.8,M,44.7,M,,*43
15346 1658395063 0 0 25.02 8.18 134.3 67.49 120.3 7.71 15.9 0.0 296.1 5.49 45.97 0.9
15347 1658395063 0 7 $GNGGA,091742.000,4424.63055,N,00855.46190,E,1,12,0.8,6.8,M,44.7,M,,*48
15348 1658395064 0 7 $GNGGA,091743.000,4424.63055,N,00855.46191,E,1,12,0.8,6.8,M,44.7,M,,*48
15349 1658395064 0 3 2.939 4.979
15350 1658395065 0 4 2.674 1.536
15351 1658395065 0 5 0.61
15352 1658395065 0 6 0.09
15353 1658395065 0 8 4.997 9.794 9.43
15354 1658395065 0 1 3.761
15355 1658395065 0 7 $GNGGA,091744.000,4424.63054,N,00855.46192,E,1,12,0.8,6.8,M,44.7,M,,*4D
15356 1658395066 0 0 25.01 8.18 134.3 67.47 120.1 7.70 15.9 0.0 294.4 5.48 45.95 0.9
15357 1658395066 0 7 $GNGGA,091745.000,4424.63054,N,00855.46193,E,1,12,0.8,6.8,M,44.7,M,,*4D
15358 1658395067 0 7 $GNGGA,091746.000,4424.63054,N,00855.46194,E,1,12,0.8,6.8,M,44.7,M,,*49
15359 1658395067 0 3 2.944 4.979
15360 1658395068 0 4 2.672 1.539
15361 1658395068 0 5 0.61
15362 1658395068 0 6 0.09
15363 1658395068 0 8 4.997 9.784 9.43
15364 1658395068 0 1 3.638
15365 1658395068 0 7 $GNGGA,091747.000,4424.63054,N,00855.46194,E,1,12,0.8,6.8,M,44.7,M,,*48
15366 1658395069 0 0 25.01 8.18 134.3 67.40 119.8 7.68 15.9 0.0 293.9 5.49 45.90 0.9
15367 1658395069 0 7 $GNGGA,091748.000,4424.63054,N,00855.46195,E,1,12,0.8,6.8,M,44.7,M,,*46
15368 1658395070 0 7 $GNGGA,091749.000,4424.63055,N,00855.46196,E,1,12,0.8,6.9,M,44.7,M,,*44
15369 1658395070 0 3 2.951 4.979
15370 1658395071 0 4 2.672 1.538
15371 1658395071 0 5 0.61
15372 1658395071 0 6 0.09
15373 1658395071 0 8 4.997 9.784 9.45
15379 1658395073 0 3 2.931 4.979
15380 1658395074 0 4 2.673 1.537
15385 1658395074 0 7 $GNGGA,091753.000,4424.63056,N,00855.46202,E,1,12,0.8,6.9,M,44.7,M,,*42
15386 1658395075 0 0 25.04 8.18 134.1 67.55 119.3 7.64 15.8 0.0 290.1 5.49 46.01 0.9
15389 1658395076 0 3 2.938 4.979
15390 1658395077 0 4 2.674 1.539
15391 1658395077 0 5 0.61
15398 1658395079 0 7 $GNGGA,091758.000,4424.63059,N,00855.46208,E,1,12,0.8,6.9,M,44.7,M,,*4C
15399 1658395079 0 3 2.945 4.979
15403 1658395080 0 8 4.997 9.766 9.43
15404 1658395080 0 1 4.469
15408 1658395082 0 7 $GNGGA,091801.000,4424.63060,N,00855.46213,E,1,12,0.8,6.9,M,44.7,M,,*4F
15409 1658395082 0 3 2.950 4.979
15419 1658395085 0 3 2.958 4.979
15420 1658395086 0 4 2.673 1.519
15421 1658395086 0 5 0.61
15422 1658395086 0 6 0.09
15428 1658395088 0 7 $GNGGA,091807.000,4424.63062,N,00855.46225,E,1,12,0.8,7.0,M,44.7,M,,*46
15429 1658395088 0 3 2.940 4.979
15438 1658395091 0 7 $GNGGA,091810.000,4424.63062,N,00855.46230,E,1,12,0.8,7.1,M,44.7,M,,*45
15439 1658395091 0 3 2.946 4.979
15440 1658395092 0 4 2.673 1.519
15441 1658395092 0 5 0.61
15442 1658395092 0 6 0.09
15443 1658395092 0 8 4.994 9.483 9.34
15444 1658395092 0 1 4.073
15445 1658395092 0 7 $GNGGA,091811.000,4424.63062,N,00855.46232,E,1,12,0.8,7.1,M,44.7,M,,*46
15446 1658395093 0 0 25.10 8.18 134.0 67.50 118.3 7.57 15.9 0.0 287.6 5.49 45.97 0.9
15447 1658395093 0 7 $GNGGA,091812.000,4424.63063,N,00855.46234,E,1,12,0.8,7.1,M,44.7,M,,*42
15448 1658395094 0 7 $GNGGA,091813.000,4424.63063,N,00855.46236,E,1,12,0.8,7.1,M,44.7,M,,*41
15449 1658395094 0 3 2.955 4.979
15450 1658395095 0 4 2.673 1.519
15451 1658395095 0 5 0.60
15452 1658395095 0 6 0.09
15453 1658395095 0 8 4.997 9.784 9.43
15454 1658395095 0 1 4.328
15455 1658395095 0 7 $GNGGA,091814.000,4424.63063,N,00855.46237,E,1,12,0.8,7.1,M,44.7,M,,*47
15456 1658395096 0 0 25.15 8.18 133.9 67.48 118.3 7.56 15.8 0.0 285.4 5.49 45.95 0.9
15457 1658395096 0 7 $GNGGA,091815.000,4424.63063,N,00855.46239,E,1,12,0.8,7.1,M,44.7,M,,*48
15458 1658395097 0 7 $GNGGA,091816.000,4424.63062,N,00855.46241,E,1,12,0.8,7.2,M,44.7,M,,*46
15459 1658395097 0 3 2.961 4.979
15460 1658395098 0 4 2.674 1.521
15461 1658395098 0 5 0.61
15462 1658395098 0 6 0.09
15463 1658395098 0 8 4.997 9.766 9.43
15464 1658395098 0 1 4.419
15465 1658395099 0 0 25.15 8.18 133.9 67.47 118.4 7.57 15.8 0.0 285.8 5.49 45.95 0.9
15466 1658395099 0 7 $GNGGA,091817.000,4424.63062,N,00855.46243,E,1,12,0.8,7.2,M,44.7,M,,*45
15467 1658395100 0 3 2.967 4.979
15468 1658395101 0 4 2.672 1.524
15469 1658395101 0 5 0.60
15470 1658395101 0 6 0.09
15471 1658395101 0 8 4.997 9.766 9.36
15472 1658395101 0 7 $GNGGA,091820.000,4424.63062,N,00855.46246,E,1,12,0.8,7.2,M,44.7,M,,*44
15473 1658395102 0 7 $GNGGA,091821.000,4424.63062,N,00855.46248,E,1,12,0.8,7.2,M,44.7,M,,*4B
15474 1658395102 0 0 25.13 8.18 133.9 67.51 118.4 7.57 15.9 0.0 286.7 5.49 45.98 0.9
15475 1658395102 0 1 4.330
15476 1658395103 0 1 4.271
15477 1658395103 0 1 3.938
15478 1658395103 0 7 $GNGGA,091822.000,4424.63063,N,00855.46249,E,1,11,0.9,7.2,M,44.7,M,,*4A
15479 1658395104 0 3 2.947 4.979
15480 1658395104 0 4 2.672 1.529
15481 1658395104 0 5 0.60
15482 1658395104 0 6 0.09
15483 1658395104 0 8 4.997 9.775 9.45
15484 1658395104 0 1 4.241
15485 1658395105 0 0 25.15 8.18 133.8 67.48 118.5 7.58 15.8 0.0 285.5 5.49 45.95 0.9
15486 1658395105 0 7 $GNGGA,091823.000,4424.63063,N,00855.46251,E,1,11,0.9,7.2,M,44.7,M,,*42
15487 1658395106 0 3 2.955 4.979
15488 1658395107 0 4 2.671 1.529
15489 1658395107 0 5 0.61
15490 1658395107 0 6 0.09
15491 1658395107 0 8 4.997 9.766 9.43
15492 1658395107 0 1 4.769
15493 1658395107 0 7 $GNGGA,091826.000,4424.63063,N,00855.46255,E,1,11,0.9,7.2,M,44.7,M,,*43
15494 1658395108 0 0 25.15 8.18 133.8 67.40 118.5 7.58 15.8 0.0 285.7 5.49 45.89 0.9
15495 1658395108 0 7 $GNGGA,091827.000,4424.63063,N,00855.46257,E,1,11,0.9,7.2,M,44.7,M,,*40
15496 1658395109 0 7 $GNGGA,091828.000,4424.63063,N,00855.46258,E,1,11,0.9,7.3,M,44.7,M,,*41
15497 1658395109 0 3 2.961 4.979
15498 1658395110 0 4 2.671 1.531
15499 1658395110 0 5 0.60
15500 1658395110 0 6 0.09
15501 1658395110 0 8 4.997 9.756 9.43
15502 1658395110 0 1 4.771
15503 1658395110 0 7 $GNGGA,091829.000,4424.63063,N,00855.46260,E,1,11,0.9,7.3,M,44.7,M,,*4B
15504 1658395111 0 0 25.14 8.18 133.7 67.54 118.4 7.57 15.8 0.0 285.8 5.49 46.00 0.9
15505 1658395111 0 7 $GNGGA,091830.000,4424.63063,N,00855.46262,E,1,11,0.9,7.3,M,44.7,M,,*41
15506 1658395112 0 7 $GNGGA,091831.000,4424.63064,N,00855.46264,E,1,11,0.9,7.3,M,44.7,M,,*41
15507 1658395112 0 3 2.968 4.979
15508 1658395113 0 4 2.672 1.534
15509 1658395113 0 5 0.60
15510 1658395113 0 6 0.09
15511 1658395113 0 8 4.997 9.775 9.43
15512 1658395113 0 1 4.831
15513 1658395113 0 7 $GNGGA,091832.000,4424.63064,N,00855.46265,E,1,11,0.9,7.3,M,44.7,M,,*43
15514 1658395114 0 0 25.11 8.18 133.7 67.51 118.6 7.59 15.8 0.0 285.3 5.49 45.98 0.9
15515 1658395114 0 7 $GNGGA,091833.000,4424.63064,N,00855.46267,E,1,11,0.9,7.3,M,44.7,M,,*40
15516 1658395115 0 7 $GNGGA,091834.000,4424.63064,N,00855.46269,E,1,11,0.9,7.3,M,44.7,M,,*49
15517 1658395115 0 3 2.975 4.979
15518 1658395116 0 4 2.672 1.529
15519 1658395116 0 5 0.61
15520 1658395116 0 6 0.09
15521 1658395116 0 8 4.997 9.775 9.45
15522 1658395116 0 1 5.214
15523 1658395116 0 7 $GNGGA,091835.000,4424.63065,N,00855.46271,E,1,11,0.9,7.3,M,44.7,M,,*40
15524 1658395117 0 0 25.22 8.17 133.6 67.42 118.6 7.58 15.8 0.0 281.7 5.49 45.91 0.9
15525 1658395117 0 7 $GNGGA,091836.000,4424.63065,N,00855.46273,E,1,11,0.9,7.3,M,44.7,M,,*41
15526 1658395118 0 7 $GNGGA,091837.000,4424.63066,N,00855.46276,E,1,11,0.9,7.3,M,44.7,M,,*46
15527 1658395118 0 3 2.955 4.979
15528 1658395119 0 4 2.671 1.529
15529 1658395119 0 5 0.60
15530 1658395119 0 6 0.09
15531 1658395119 0 8 4.997 9.794 9.43
15532 1658395119 0 1 6.618
15533 1658395119 0 7 $GNGGA,091838.000,4424.63066,N,00855.46277,E,1,11,0.9,7.3,M,44.7,M,,*48
15534 1658395120 0 0 25.41 8.17 133.7 67.39 118.5 7.55 15.7 0.0 278.7 5.49 45.88 0.9
15541 1658395122 0 8 4.997 9.794 9.45
15545 1658395124 0 7 $GNGGA,091843.000,4424.63067,N,00855.46285,E,1,11,0.9,7.4,M,44.7,M,,*4F
15546 1658395124 0 3 2.967 4.979
15547 1658395125 0 4 2.671 1.529
15548 1658395125 0 5 0.60
15549 1658395125 0 6 0.09
15550 1658395125 0 8 4.997 9.784 9.45
15555 1658395127 0 3 2.975 4.979
15562 1658395129 0 0 25.57 8.16 133.5 67.43 118.5 7.53 15.7 0.0 279.0 5.49 45.90 0.9
15563 1658395129 0 7 $GNGGA,091848.000,4424.63069,N,00855.46293,E,1,11,0.9,7.5,M,44.7,M,,*4C
15566 1658395131 0 4 2.672 1.529
15571 1658395132 0 1 7.434
15574 1658395133 0 3 2.960 4.979
15579 1658395134 0 1 6.827
15580 1658395134 0 7 $GNGGA,091853.000,4424.63070,N,00855.46300,E,1,11,0.9,7.5,M,44.7,M,,*45
15583 1658395136 0 7 $GNGGA,091855.000,4424.63070,N,00855.46302,E,1,11,0.9,7.5,M,44.7,M,,*41
15584 1658395136 0 3 2.969 4.979
15590 1658395138 0 0 25.63 8.17 133.3 67.50 118.1 7.49 15.7 0.0 278.4 5.50 45.96 0.9
15591 1658395138 0 7 $GNGGA,091856.000,4424.63070,N,00855.46303,E,1,11,0.9,7.6,M,44.7,M,,*40
15592 1658395139 0 7 $GNGGA,091858.000,4424.63070,N,00855.46305,E,1,11,0.9,7.6,M,44.7,M,,*48
15594 1658395140 0 4 2.672 1.531
15601 1658395142 0 7 $GNGGA,091901.000,4424.63070,N,00855.46307,E,1,11,0.9,7.6,M,44.7,M,,*47
15607 1658395143 0 1 7.266
15610 1658395145 0 7 $GNGGA,091904.000,4424.63071,N,00855.46311,E,1,11,0.9,7.7,M,44.7,M,,*45
15629 1658395151 0 7 $GNGGA,091910.000,4424.63073,N,00855.46318,E,1,11,0.9,7.8,M,44.7,M,,*44
15633 1658395152 0 6 0.09
15634 1658395152 0 8 4.997 9.756 9.43
15639 1658395154 0 7 $GNGGA,091913.000,4424.63075,N,00855.46322,E,1,11,0.9,7.9,M,44.7,M,,*49
15640 1658395154 0 3 2.978 4.979
15645 1658395155 0 1 6.725
15647 1658395156 0 0 25.43 8.17 133.1 67.52 117.6 7.48 15.8 0.0 284.7 5.50 45.98 0.9
15648 1658395156 0 7 $GNGGA,091915.000,4424.63075,N,00855.46324,E,1,11,0.9,7.9,M,44.7,M,,*49
15653 1658395158 0 6 0.09
15659 1658395160 0 7 $GNGGA,091919.000,4424.63076,N,00855.46329,E,1,12,0.8,8.0,M,44.7,M,,*4F
15670 1658395163 0 3 2.993 4.979
15671 1658395164 0 4 2.672 1.539
15679 1658395166 0 7 $GNGGA,091925.000,4424.63082,N,00855.46338,E,1,12,0.8,8.1,M,44.7,M,,*4A
15681 1658395167 0 4 2.672 1.539
15683 1658395167 0 6 0.09
15689 1658395169 0 7 $GNGGA,091928.000,4424.63084,N,00855.46343,E,1,12,0.8,8.2,M,44.7,M,,*4E
15697 1658395171 0 0 25.49 8.17 133.0 67.52 116.8 7.42 15.8 0.0 284.5 5.49 45.98 0.9
15700 1658395172 0 3 2.987 4.979
15708 1658395174 0 7 $GNGGA,091933.000,4424.63086,N,00855.46352,E,1,12,0.8,8.2,M,44.7,M,,*46
15709 1658395175 0 7 $GNGGA,091934.000,4424.63087,N,00855.46354,E,1,12,0.8,8.2,M,44.7,M,,*46
15719 1658395178 0 7 $GNGGA,091937.000,4424.63089,N,00855.46359,E,1,12,0.8,8.2,M,44.7,M,,*46
15725 1658395179 0 1 6.949
15727 1658395180 0 0 25.40 8.17 132.9 67.60 116.3 7.40 15.8 0.0 287.6 5.49 46.04 0.9
15739 1658395184 0 7 $GNGGA,091943.000,4424.63091,N,00855.46364,E,1,12,0.8,8.2,M,44.7,M,,*42
15745 1658395185 0 1 4.677
15746 1658395185 0 7 $GNGGA,091944.000,4424.63091,N,00855.46364,E,1,12,0.8,8.2,M,44.7,M,,*45
15758 1658395189 0 7 $GNGGA,091948.000,4424.63093,N,00855.46368,E,1,12,0.8,8.2,M,44.7,M,,*47
15761 1658395191 0 4 2.671 1.549
15762 1658395191 0 5 0.62
15763 1658395191 0 6 0.09
15775 1658395194 0 1 4.930
15776 1658395194 0 7 $GNGGA,091953.000,4424.63095,N,00855.46374,E,1,12,0.8,8.2,M,44.7,M,,*46
15777 1658395195 0 0 25.01 8.18 132.5 67.52 115.7 7.42 15.9 0.0 293.2 5.49 45.99 0.9
15780 1658395196 0 3 3.008 4.979
15789 1658395199 0 7 $GNGGA,091958.000,4424.63091,N,00855.46367,E,1,12,0.8,8.0,M,44.7,M,,*49
15793 1658395200 0 6 0.09
15794 1658395200 0 8 4.997 9.737 9.36
15799 1658395202 0 7 $GNGGA,092001.000,4424.63093,N,00855.46370,E,1,12,0.8,8.0,M,44.7,M,,*4B
15805 1658395203 0 1 4.693
15806 1658395203 0 7 $GNGGA,092002.000,4424.63093,N,00855.46371,E,1,12,0.8,8.0,M,44.7,M,,*49
15810 1658395205 0 3 2.999 4.979
15811 1658395206 0 4 2.670 1.549
15819 1658395208 0 7 $GNGGA,092007.000,4424.63098,N,00855.46375,E,1,12,0.8,8.0,M,44.7,M,,*43
15825 1658395209 0 1 5.309
15826 1658395209 0 7 $GNGGA,092008.000,4424.63100,N,00855.46377,E,1,12,0.8,7.9,M,44.7,M,,*48
15829 1658395211 0 7 $GNGGA,092010.000,4424.63102,N,00855.46379,E,1,12,0.8,7.9,M,44.7,M,,*4D
15830 1658395211 0 3 3.010 4.979
15838 1658395214 0 7 $GNGGA,092013.000,4424.63104,N,00855.46383,E,1,11,0.9,7.9,M,44.7,M,,*4F
15839 1658395214 0 3 3.014 4.979
15840 1658395215 0 4 2.670 1.554
15842 1658395215 0 6 0.09
15843 1658395215 0 8 4.997 9.766 9.43
15847 1658395217 0 7 $GNGGA,092016.000,4424.63106,N,00855.46384,E,1,11,0.9,7.9,M,44.7,M,,*4F
15848 1658395217 0 3 3.016 4.979
15853 1658395218 0 1 5.311
15854 1658395218 0 7 $GNGGA,092017.000,4424.63106,N,00855.46385,E,1,11,0.9,8.0,M,44.7,M,,*49
15855 1658395219 0 0 25.17 8.18 132.5 67.47 115.6 7.39 15.8 0.0 286.4 5.49 45.95 0.9
15857 1658395220 0 7 $GNGGA,092019.000,4424.63106,N,00855.46384,E,1,11,0.9,8.0,M,44.7,M,,*46
15858 1658395220 0 3 2.996 4.979
15865 1658395222 0 0 25.17 8.18 132.5 67.46 115.7 7.40 15.8 0.0 286.0 5.49 45.94 0.9
15866 1658395223 0 7 $GNGGA,092022.000,4424.63084,N,00855.46357,E,1,11,0.9,8.2,M,44.7,M,,*49
15875 1658395226 0 7 $GNGGA,092025.000,4424.63090,N,00855.46361,E,1,12,0.8,8.1,M,44.7,M,,*4F
15876 1658395226 0 3 3.003 4.979
15881 1658395227 0 1 6.397
15882 1658395227 0 7 $GNGGA,092026.000,4424.63091,N,00855.46363,E,1,12,0.8,8.1,M,44.7,M,,*4F
15883 1658395228 0 0 25.19 8.17 132.4 67.53 115.8 7.40 15.8 0.0 284.3 5.49 45.99 0.9
15885 1658395229 0 3 3.004 4.979
15893 1658395232 0 3 3.005 4.979
15895 1658395233 0 5 0.61
15896 1658395233 0 6 0.09
15897 1658395233 0 8 4.997 9.756 9.43
15902 1658395235 0 3 3.005 4.979
15908 1658395236 0 7 $GNGGA,092035.000,4424.63103,N,00855.46387,E,1,12,0.8,8.1,M,44.7,M,,*4D
15909 1658395237 0 0 25.21 8.17 132.4 67.44 115.9 7.41 15.8 0.0 282.5 5.50 45.92 0.9
15911 1658395238 0 3 3.005 4.979
15912 1658395239 0 4 2.670 1.556
15916 1658395239 0 1 5.299
15917 1658395239 0 7 $GNGGA,092038.000,4424.63106,N,00855.46394,E,1,12,0.8,8.0,M,44.7,M,,*46
15918 1658395240 0 0 25.21 8.17 132.4 67.48 115.9 7.40 15.8 0.0 282.1 5.49 45.95 0.9
15919 1658395241 0 7 $GNGGA,092040.000,4424.63106,N,00855.46396,E,1,12,0.8,8.0,M,44.7,M,,*4B
15920 1658395241 0 3 3.004 4.979
15924 1658395242 0 8 4.997 9.756 9.43
15925 1658395242 0 1 5.072
15929 1658395244 0 7 $GNGGA,092043.000,4424.63105,N,00855.46398,E,1,12,0.8,8.0,M,44.7,M,,*45
15930 1658395244 0 3 3.004 4.979
15937 1658395246 0 0 25.20 8.17 132.3 67.37 116.0 7.41 15.8 0.0 283.0 5.49 45.87 0.9
15938 1658395247 0 7 $GNGGA,092046.000,4424.63104,N,00855.46401,E,1,12,0.8,8.0,M,44.7,M,,*46
15940 1658395248 0 4 2.669 1.556
15941 1658395248 0 5 0.61
15942 1658395248 0 6 0.09
15947 1658395250 0 7 $GNGGA,092049.000,4424.63107,N,00855.46406,E,1,12,0.8,8.0,M,44.7,M,,*4D
15948 1658395250 0 3 3.001 4.979
15952 1658395251 0 8 4.997 9.756 9.36
15957 1658395253 0 3 3.002 4.979
15965 1658395256 0 7 $GNGGA,092055.000,4424.63112,N,00855.46420,E,1,12,0.8,8.0,M,44.7,M,,*40
15967 1658395257 0 4 2.669 1.561
15968 1658395257 0 5 0.61
15969 1658395257 0 6 0.09
15974 1658395259 0 3 3.001 4.979
15982 1658395262 0 7 $GNGGA,092101.000,4424.63111,N,00855.46436,E,1,12,0.8,8.0,M,44.7,M,,*44
15983 1658395262 0 3 3.001 4.979
15990 1658395264 0 0 25.20 8.17 132.3 67.52 116.1 7.41 15.8 0.0 279.4 5.49 45.98 0.9
15991 1658395264 0 7 $GNGGA,092103.000,4424.63112,N,00855.46439,E,1,12,0.8,8.1,M,44.7,M,,*4B
15994 1658395266 0 4 2.668 1.561
16000 1658395267 0 0 25.22 8.17 132.3 67.51 116.1 7.41 15.8 0.0 278.8 5.49 45.98 0.9
16001 1658395268 0 7 $GNGGA,092107.000,4424.63112,N,00855.46443,E,1,12,0.8,8.1,M,44.7,M,,*42
16006 1658395269 0 8 4.997 9.747 9.40
16007 1658395269 0 1 6.708
16008 1658395270 0 7 $GNGGA,092108.000,4424.63111,N,00855.46442,E,1,12,0.8,8.1,M,44.7,M,,*4F
16011 1658395271 0 3 3.001 4.979
16017 1658395273 0 0 25.25 8.17 132.2 67.46 116.1 7.41 15.8 0.0 278.6 5.49 45.93 0.9
16018 1658395273 0 7 $GNGGA,092111.000,4424.63111,N,00855.46441,E,1,12,0.8,8.1,M,44.7,M,,*44
16020 1658395275 0 4 2.668 1.559
16027 1658395277 0 7 $GNGGA,092116.000,4424.63110,N,00855.46437,E,1,12,0.8,8.1,M,44.7,M,,*43
16033 1658395278 0 1 5.245
16036 1658395280 0 7 $GNGGA,092119.000,4424.63109,N,00855.46436,E,1,12,0.8,8.1,M,44.7,M,,*45
16037 1658395280 0 3 3.001 4.979
16045 1658395283 0 7 $GNGGA,092122.000,4424.63108,N,00855.46438,E,1,12,0.8,8.1,M,44.7,M,,*42
16047 1658395284 0 4 2.668 1.561
16048 1658395284 0 5 0.61
16049 1658395284 0 6 0.09
16054 1658395286 0 7 $GNGGA,092125.000,4424.63107,N,00855.46437,E,1,12,0.8,8.1,M,44.7,M,,*45
16059 1658395287 0 8 4.997 9.747 9.43
16060 1658395287 0 1 6.239
16061 1658395288 0 7 $GNGGA,092126.000,4424.63106,N,00855.46436,E,1,12,0.8,8.1,M,44.7,M,,*46
16064 1658395289 0 3 3.002 4.979
16072 1658395292 0 7 $GNGGA,092131.000,4424.63105,N,00855.46433,E,1,12,0.8,8.1,M,44.7,M,,*46
16074 1658395293 0 4 2.669 1.566
16086 1658395296 0 1 5.160
16089 1658395298 0 7 $GNGGA,092137.000,4424.63102,N,00855.46437,E,1,12,0.8,8.0,M,44.7,M,,*42
16095 1658395299 0 1 5.740
16098 1658395301 0 7 $GNGGA,092140.000,4424.63100,N,00855.46441,E,1,12,0.8,8.0,M,44.7,M,,*41
16101 1658395302 0 5 0.60
16102 1658395302 0 6 0.09
16104 1658395302 0 1 6.018
16106 1658395303 0 0 25.15 8.18 132.1 67.43 116.1 7.43 15.8 0.0 278.0 5.48 45.92 0.9
16107 1658395304 0 7 $GNGGA,092143.000,4424.63099,N,00855.46446,E,1,12,0.8,7.9,M,44.7,M,,*42
16113 1658395305 0 1 5.361
16125 1658395310 0 3 2.999 4.979
16130 1658395311 0 1 5.259
16131 1658395312 0 0 25.19 8.18 132.0 67.46 116.1 7.42 15.8 0.0 276.9 5.48 45.94 0.9
16133 1658395313 0 1 5.345
16134 1658395313 0 3 3.000 4.979
16139 1658395314 0 1 5.546
16142 1658395316 0 7 $GNGGA,092155.000,4424.63101,N,00855.46455,E,1,12,0.8,7.9,M,44.7,M,,*47
16146 1658395317 0 6 0.09
16148 1658395317 0 1 5.234
16150 1658395318 0 0 25.20 8.18 131.9 67.47 116.0 7.41 15.8 0.0 275.9 5.48 45.95 0.9
16152 1658395319 0 3 2.999 4.979
16154 1658395320 0 5 0.60
16155 1658395320 0 6 0.09
16160 1658395322 0 7 $GNGGA,092201.000,4424.63100,N,00855.46459,E,1,11,0.9,7.9,M,44.7,M,,*4A
16166 1658395324 0 1 5.843
16169 1658395325 0 3 2.999 4.979
16174 1658395326 0 1 5.382
16175 1658395327 0 7 $GNGGA,092205.000,4424.63100,N,00855.46461,E,1,11,0.9,7.9,M,44.7,M,,*45
16176 1658395327 0 0 25.23 8.17 131.9 67.47 116.0 7.40 15.8 0.0 275.0 5.48 45.95 0.9
16178 1658395328 0 3 2.999 4.979
16186 1658395331 0 7 $GNGGA,092210.000,4424.63099,N,00855.46460,E,1,11,0.9,7.8,M,44.7,M,,*40
16187 1658395331 0 3 3.001 4.979
16188 1658395332 0 4 2.668 1.554
16189 1658395332 0 5 0.60
16190 1658395332 0 6 0.09
16191 1658395332 0 8 4.994 9.436 9.34
16192 1658395332 0 1 6.458
16193 1658395333 0 7 $GNGGA,092211.000,4424.63099,N,00855.46460,E,1,11,0.9,7.8,M,44.7,M,,*41
16194 1658395333 0 0 25.24 8.17 131.8 67.46 115.9 7.40 15.8 0.0 274.5 5.48 45.93 0.9
16195 1658395334 0 7 $GNGGA,092213.000,4424.63099,N,00855.46460,E,1,11,0.9,7.8,M,44.7,M,,*43
16196 1658395334 0 3 3.000 4.979
16197 1658395335 0 4 2.668 1.559
16198 1658395335 0 5 0.60
16199 1658395335 0 6 0.09
16200 1658395335 0 8 4.994 9.728 9.43
16201 1658395335 0 1 6.154
16202 1658395336 0 7 $GNGGA,092214.000,4424.63099,N,00855.46459,E,1,11,0.9,7.8,M,44.7,M,,*4E
16203 1658395336 0 0 25.25 8.17 131.8 67.41 115.9 7.40 15.8 0.0 274.2 5.48 45.90 0.9
16204 1658395337 0 7 $GNGGA,092216.000,4424.63098,N,00855.46459,E,1,11,0.9,7.8,M,44.7,M,,*4D
16205 1658395337 0 3 3.000 4.979
16206 1658395338 0 4 2.668 1.561
16207 1658395338 0 5 0.60
16208 1658395338 0 6 0.09
16209 1658395338 0 8 4.994 9.728 9.40
16210 1658395338 0 1 5.767
16211 1658395339 0 7 $GNGGA,092217.000,4424.63098,N,00855.46459,E,1,11,0.9,7.8,M,44.7,M,,*4C
16212 1658395339 0 0 25.25 8.17 131.9 67.40 115.8 7.40 15.8 0.0 274.2 5.48 45.89 0.9
16213 1658395340 0 7 $GNGGA,092219.000,4424.63098,N,00855.46459,E,1,11,0.9,7.8,M,44.7,M,,*42
16214 1658395340 0 3 3.000 4.979
16215 1658395341 0 4 2.669 1.561
16216 1658395341 0 5 0.60
16217 1658395341 0 6 0.09
16218 1658395341 0 8 4.994 9.728 9.36
16219 1658395341 0 1 6.818
16220 1658395342 0 7 $GNGGA,092220.000,4424.63099,N,00855.46459,E,1,11,0.9,7.8,M,44.7,M,,*49
16221 1658395342 0 0 25.26 8.17 131.8 67.48 115.8 7.39 15.8 0.0 273.9 5.49 45.95 0.9
16222 1658395343 0 7 $GNGGA,092222.000,4424.63100,N,00855.46458,E,1,11,0.9,7.8,M,44.7,M,,*4B
16223 1658395343 0 3 3.000 4.979
16224 1658395344 0 4 2.670 1.561
16225 1658395344 0 5 0.60
16226 1658395344 0 6 0.09
16227 1658395344 0 8 4.994 9.737 9.36
16228 1658395345 0 1 6.283
16229 1658395345 0 0 25.27 8.17 131.8 67.37 115.7 7.39 15.8 0.0 274.0 5.48 45.87 0.9
16230 1658395345 0 7 $GNGGA,092223.000,4424.63101,N,00855.46458,E,1,11,0.9,7.7,M,44.7,M,,*44
16231 1658395346 0 3 3.000 4.979
16232 1658395347 0 4 2.669 1.566
16233 1658395347 0 5 0.60
16234 1658395347 0 6 0.09
16235 1658395347 0 8 4.994 9.728 9.43
16236 1658395347 0 1 5.858
16237 1658395347 0 7 $GNGGA,092226.000,4424.63103,N,00855.46456,E,1,11,0.9,7.7,M,44.7,M,,*4D
16238 1658395348 0 0 25.28 8.17 131.8 67.43 115.8 7.39 15.8 0.0 273.9 5.48 45.92 0.9
16239 1658395349 0 7 $GNGGA,092228.000,4424.63103,N,00855.46458,E,1,11,0.9,7.7,M,44.7,M,,*4D
16240 1658395349 0 3 3.000 4.979
16241 1658395350 0 4 2.669 1.564
16242 1658395350 0 5 0.60
16243 1658395350 0 6 0.09
16244 1658395350 0 8 4.997 9.747 9.43
16245 1658395350 0 1 6.770
16246 1658395351 0 0 25.28 8.17 131.8 67.49 115.7 7.38 15.8 0.0 273.5 5.49 45.96 0.9
16247 1658395351 0 7 $GNGGA,092229.000,4424.63103,N,00855.46458,E,1,11,0.9,7.7,M,44.7,M,,*4C
16248 1658395352 0 7 $GNGGA,092231.000,4424.63103,N,00855.46458,E,1,11,0.9,7.6,M,44.7,M,,*44
16249 1658395352 0 3 3.000 4.979
16250 1658395353 0 4 2.668 1.566
16251 1658395353 0 5 0.60
16252 1658395353 0 6 0.09
16253 1658395353 0 8 4.994 9.737 9.40
16254 1658395353 0 1 6.240
16255 1658395353 0 7 $GNGGA,092232.000,4424.63102,N,00855.46458,E,1,11,0.9,7.6,M,44.7,M,,*46
16256 1658395354 0 0 25.28 8.17 131.7 67.34 115.7 7.39 15.8 0.0 273.7 5.48 45.84 0.9
16257 1658395355 0 7 $GNGGA,092234.000,4424.63102,N,00855.46459,E,1,11,0.9,7.6,M,44.7,M,,*41
16258 1658395355 0 3 3.000 4.979
16259 1658395356 0 4 2.669 1.564
16260 1658395356 0 5 0.60
16261 1658395356 0 6 0.09
16262 1658395356 0 8 4.997 9.737 9.40
16263 1658395356 0 1 7.790
16264 1658395356 0 7 $GNGGA,092235.000,4424.63103,N,00855.46459,E,1,11,0.9,7.5,M,44.7,M,,*42
16265 1658395357 0 0 25.27 8.17 131.8 67.39 115.7 7.39 15.8 0.0 273.2 5.47 45.88 0.9
16266 1658395358 0 7 $GNGGA,092237.000,4424.63102,N,00855.46459,E,1,11,0.9,7.5,M,44.7,M,,*41
16268 1658395359 0 4 2.669 1.564
16269 1658395359 0 5 0.60
16270 1658395359 0 6 0.09
16271 1658395359 0 8 4.994 9.737 9.40
16272 1658395359 0 1 6.606
16273 1658395360 0 0 25.25 8.17 131.7 67.37 115.7 7.39 15.8 0.0 273.9 5.47 45.87 0.9
16274 1658395360 0 7 $GNGGA,092238.000,4424.63102,N,00855.46460,E,1,11,0.9,7.5,M,44.7,M,,*44
16275 1658395361 0 3 2.998 4.979
16276 1658395362 0 4 2.670 1.566
16277 1658395362 0 5 0.60
16278 1658395362 0 6 0.09
16279 1658395362 0 8 4.994 9.737 9.40
16280 1658395362 0 1 6.827
16281 1658395362 0 7 $GNGGA,092241.000,4424.63101,N,00855.46464,E,1,11,0.9,7.4,M,44.7,M,,*4C
16282 1658395363 0 0 25.24 8.17 131.7 67.45 115.6 7.38 15.7 0.0 274.0 5.47 45.93 0.9
16283 1658395364 0 7 $GNGGA,092243.000,4424.63100,N,00855.46466,E,1,11,0.9,7.4,M,44.7,M,,*4D
16284 1658395364 0 3 2.997 4.979
16285 1658395365 0 4 2.668 1.564
16286 1658395365 0 5 0.60
16287 1658395365 0 6 0.09
16288 1658395365 0 8 4.997 9.728 9.45
16289 1658395365 0 1 6.256
16290 1658395366 0 7 $GNGGA,092244.000,4424.63100,N,00855.46467,E,1,11,0.9,7.4,M,44.7,M,,*4B
16291 1658395366 0 0 25.23 8.17 131.7 67.40 115.6 7.38 15.8 0.0 273.8 5.48 45.89 0.9
16292 1658395367 0 7 $GNGGA,092246.000,4424.63099,N,00855.46468,E,1,11,0.9,7.3,M,44.7,M,,*40
16293 1658395367 0 3 2.998 4.979
16294 1658395368 0 4 2.667 1.569
16295 1658395368 0 5 0.60
16296 1658395368 0 6 0.09
16297 1658395368 0 8 4.994 9.728 9.36
16298 1658395368 0 1 7.009
16299 1658395368 0 7 $GNGGA,092247.000,4424.63099,N,00855.46468,E,1,11,0.9,7.3,M,44.7,M,,*41
16300 1658395369 0 0 25.22 8.17 131.7 67.35 115.6 7.39 15.8 0.0 273.5 5.48 45.85 0.9
16301 1658395370 0 7 $GNGGA,092249.000,4424.63098,N,00855.46470,E,1,11,0.9,7.3,M,44.7,M,,*47
16302 1658395370 0 3 2.997 4.979
16303 1658395371 0 4 2.667 1.571
16304 1658395371 0 5 0.60
16305 1658395371 0 6 0.09
16306 1658395371 0 8 4.994 9.728 9.40
16307 1658395371 0 2 0.04330000 9.11380004 2.28769993 0.07010001 2.73769998 0.00370000 0.11590001 0.19190000 1.00000000 76.58399963
16308 1658395372 0 1 6.017
16309 1658395372 0 0 25.20 8.17 131.7 67.42 115.6 7.39 15.8 0.0 273.9 5.48 45.91 0.9
16310 1658395372 0 7 $GNGGA,092250.000,4424.63098,N,00855.46471,E,1,11,0.9,7.2,M,44.7,M,,*4F
16311 1658395373 0 3 2.997 4.979
16312 1658395374 0 4 2.667 1.566
16313 1658395374 0 5 0.60
16314 1658395374 0 6 0.09
16315 1658395374 0 8 4.994 9.728 9.43
16316 1658395374 0 1 7.036
16317 1658395375 0 7 $GNGGA,092253.000,4424.63098,N,00855.46474,E,1,11,0.9,7.2,M,44.7,M,,*49
16318 1658395375 0 0 25.19 8.17 131.6 67.41 115.6 7.39 15.8 0.0 274.5 5.48 45.90 0.9
16319 1658395376 0 7 $GNGGA,092255.000,4424.63097,N,00855.46476,E,1,11,0.9,7.1,M,44.7,M,,*41
16320 1658395376 0 3 2.997 4.979
16321 1658395377 0 4 2.668 1.566
16322 1658395377 0 5 0.60
16323 1658395377 0 6 0.09
16324 1658395377 0 8 4.994 9.728 9.43
16325 1658395377 0 1 6.073
16326 1658395378 0 7 $GNGGA,092256.000,4424.63097,N,00855.46476,E,1,11,0.9,7.1,M,44.7,M,,*42
16327 1658395378 0 0 25.17 8.17 131.6 67.36 115.6 7.39 15.8 0.0 273.7 5.49 45.86 0.9
16328 1658395379 0 7 $GNGGA,092258.000,4424.63095,N,00855.46476,E,1,11,0.9,7.1,M,44.7,M,,*4E
16331 1658395380 0 5 0.60
16332 1658395380 0 6 0.09
16333 1658395380 0 8 4.994 9.737 9.40
16334 1658395380 0 1 6.223
16337 1658395382 0 3 2.997 4.979
16341 1658395383 0 8 4.994 9.719 9.43
16343 1658395384 0 0 25.15 8.17 131.5 67.47 115.5 7.39 15.8 0.0 274.9 5.08 45.95 0.9
16344 1658395384 0 7 $GNGGA,092302.000,4424.63093,N,00855.46478,E,1,11,0.9,7.1,M,44.7,M,,*48
16345 1658395385 0 3 2.997 4.979
16346 1658395386 0 4 2.665 1.566
16347 1658395386 0 5 0.60
16353 1658395388 0 7 $GNGGA,092307.000,4424.63093,N,00855.46481,E,1,11,0.9,7.0,M,44.7,M,,*4A
16354 1658395388 0 3 2.992 4.979
16359 1658395389 0 1 6.453
16360 1658395389 0 7 $GNGGA,092308.000,4424.63093,N,00855.46482,E,1,11,0.9,7.0,M,44.7,M,,*46
16361 1658395390 0 0 25.20 8.17 131.5 67.46 115.5 7.38 15.8 0.0 271.9 4.09 45.94 0.9
16363 1658395391 0 3 2.985 4.979
16371 1658395394 0 7 $GNGGA,092313.000,4424.63097,N,00855.46488,E,1,11,0.9,6.9,M,44.7,M,,*4A
16373 1658395395 0 4 2.663 1.566
16374 1658395395 0 5 0.60
16380 1658395397 0 3 2.927 4.979
16381 1658395398 0 4 2.663 1.564
16382 1658395398 0 5 0.60
16383 1658395398 0 6 0.09
16384 1658395398 0 8 4.994 9.719 9.40
16385 1658395398 0 1 6.577
16386 1658395399 0 7 $GNGGA,092317.000,4424.63098,N,00855.46492,E,1,11,0.9,6.9,M,44.7,M,,*4A
16387 1658395399 0 0 25.39 8.17 131.3 67.66 115.5 7.35 15.7 0.0 265.9 2.67 46.09 0.9
16388 1658395400 0 7 $GNGGA,092319.000,4424.63098,N,00855.46492,E,1,11,0.9,6.9,M,44.7,M,,*44
16389 1658395400 0 3 2.837 4.979
16395 1658395402 0 7 $GNGGA,092320.000,4424.63099,N,00855.46492,E,1,11,0.9,6.9,M,44.7,M,,*4F
16396 1658395402 0 0 25.50 8.17 131.3 67.35 115.5 7.35 15.7 0.0 265.0 2.21 45.84 0.9
16398 1658395403 0 3 2.788 4.979
16399 1658395404 0 4 2.658 1.566
16406 1658395406 0 7 $GNGGA,092325.000,4424.63099,N,00855.46493,E,1,11,0.9,6.9,M,44.7,M,,*4B
16407 1658395406 0 3 2.756 4.979
16410 1658395407 0 6 0.09
16411 1658395407 0 8 4.997 9.719 9.43
16412 1658395407 0 1 6.668
16416 1658395409 0 3 2.710 4.979
16423 1658395411 0 7 $GNGGA,092329.000,4424.63097,N,00855.46493,E,1,11,0.9,6.8,M,44.7,M,,*48
16426 1658395413 0 4 2.550 1.574
16427 1658395413 0 5 0.60
16433 1658395415 0 7 $GNGGA,092334.000,4424.63093,N,00855.46496,E,1,11,0.9,6.8,M,44.7,M,,*45
