/home/danielacabiddu/Devel/src/MATRAC/test/tuttomatrac/data/porto_grid.mesh
11377 1658409112 0 3 2.601 4.978
11378 1658409112 0 1 0.997
11379 1658409112 0 4 2.563 1.474
11380 1658409112 0 5 0.02
11381 1658409112 0 6 0.11
11382 1658409113 0 8 4.997 12.276 11.91
11383 1658409113 0 0 28.48 8.20 136.7 67.87 130.5 7.90 16.5 0.0 267.1 0.94 46.16 1.3
11384 1658409113 0 7 $GNGGA,131151.000,4423.26243,N,00856.58214,E,1,16,0.7,-4.4,M,44.7,M,,*6F
11385 1658409114 0 7 $GNGGA,131153.000,4423.26246,N,00856.58221,E,1,16,0.7,-4.3,M,44.7,M,,*69
11386 1658409115 0 3 2.573 4.978
11387 1658409115 0 1 0.160
11388 1658409115 0 4 2.519 1.478
11389 1658409115 0 5 0.02
11390 1658409115 0 6 0.11
11391 1658409116 0 8 4.997 12.257 11.89
11392 1658409116 0 0 28.50 8.21 136.6 67.92 130.5 7.90 16.5 0.0 267.2 0.73 46.20 1.3
11393 1658409116 0 7 $GNGGA,131154.000,4423.26247,N,00856.58224,E,1,16,0.7,-4.3,M,44.7,M,,*6A
11394 1658409117 0 7 $GNGGA,131156.000,4423.26250,N,00856.58227,E,1,16,0.7,-4.2,M,44.7,M,,*6C
11395 1658409118 0 3 2.572 4.977
11396 1658409118 0 4 2.475 1.448
11397 1658409118 0 1 2.920
11398 1658409118 0 5 0.02
11399 1658409118 0 6 0.12
11400 1658409119 0 8 4.997 12.051 11.89
11401 1658409119 0 0 28.38 8.20 136.4 24.28 130.5 9.42 16.6 0.0 258.1 0.40 14.67 1.3
11402 1658409119 0 7 $GNGGA,131157.000,4423.26251,N,00856.58230,E,1,16,0.7,-4.2,M,44.7,M,,*6A
11403 1658409120 0 7 $GNGGA,131159.000,4423.26254,N,00856.58235,E,1,16,0.7,-4.2,M,44.7,M,,*64
11404 1658409121 0 3 2.572 4.978
11405 1658409121 0 1 8.160
11406 1658409121 0 4 2.475 1.498
11407 1658409121 0 5 0.02
11408 1658409121 0 6 0.11
11409 1658409122 0 8 4.997 12.266 11.89
11410 1658409122 0 0 28.19 8.32 127.8 0.079 130.2 10.23 5.9 0.0 20.2 0.41 0.04 0.8
11411 1658409122 0 7 $GNGGA,131200.000,4423.26256,N,00856.58238,E,1,16,0.7,-4.2,M,44.7,M,,*64
11412 1658409123 0 7 $GNGGA,131202.000,4423.26259,N,00856.58243,E,1,16,0.7,-4.2,M,44.7,M,,*65
11413 1658409124 0 3 2.572 4.978
11414 1658409124 0 4 2.475 1.401
11415 1658409124 0 1 0.747
11416 1658409124 0 5 0.02
11417 1658409124 0 6 0.14
11418 1658409125 0 8 4.997 12.229 11.89
11419 1658409125 0 0 28.02 8.19 132.3 0.065 129.6 10.22 2.8 0.0 13.4 0.41 0.03 0.3
11420 1658409125 0 7 $GNGGA,131203.000,4423.26259,N,00856.58244,E,1,16,0.7,-4.2,M,44.7,M,,*63
11421 1658409126 0 7 $GNGGA,131205.000,4423.26262,N,00856.58247,E,1,16,0.7,-4.2,M,44.7,M,,*6E
11422 1658409127 0 3 2.573 4.977
11423 1658409127 0 1 0.320
11424 1658409127 0 4 2.476 1.408
11425 1658409127 0 5 0.02
11426 1658409127 0 6 0.14
11427 1658409128 0 8 4.997 12.210 11.89
11428 1658409128 0 0 27.82 8.06 137.9 0.060 129.1 10.21 2.3 0.0 9.0 0.41 0.03 0.1
11429 1658409128 0 7 $GNGGA,131206.000,4423.26263,N,00856.58250,E,1,16,0.7,-4.2,M,44.7,M,,*6A
11430 1658409129 0 7 $GNGGA,131208.000,4423.26266,N,00856.58255,E,1,16,0.7,-4.1,M,44.7,M,,*67
11431 1658409130 0 4 2.476 1.408
11432 1658409130 0 1 0.123
11433 1658409130 0 5 0.02
11434 1658409130 0 6 0.15
11435 1658409130 0 8 4.997 12.210 11.89
11436 1658409130 0 0 27.67 7.96 141.8 0.054 128.5 10.19 2.1 0.0 8.4 0.41 0.03 0.1
11437 1658409131 0 7 $GNGGA,131209.000,4423.26267,N,00856.58258,E,1,16,0.7,-4.2,M,44.7,M,,*69
11438 1658409131 0 7 $GNGGA,131210.000,4423.26269,N,00856.58260,E,1,16,0.7,-4.1,M,44.7,M,,*67
11439 1658409132 0 7 $GNGGA,131211.000,4423.26271,N,00856.58263,E,1,16,0.7,-4.1,M,44.7,M,,*6C
11440 1658409133 0 3 2.572 4.978
11441 1658409133 0 1 0.767
11442 1658409133 0 4 2.474 1.409
11443 1658409133 0 5 0.02
11444 1658409134 0 6 0.12
11445 1658409134 0 8 4.997 12.154 11.89
11446 1658409134 0 0 27.52 7.77 152.6 0.049 127.9 10.17 2.0 0.0 7.2 0.41 0.03 0.0
11447 1658409134 0 7 $GNGGA,131212.000,4423.26273,N,00856.58265,E,1,16,0.7,-4.1,M,44.7,M,,*6B
11448 1658409135 0 7 $GNGGA,131214.000,4423.26274,N,00856.58268,E,1,16,0.7,-4.1,M,44.7,M,,*67
11449 1658409136 0 3 2.572 4.978
11450 1658409136 0 4 2.475 1.409
11451 1658409136 0 1 0.094
11452 1658409136 0 5 0.02
11453 1658409136 0 6 0.12
11454 1658409137 0 8 4.997 12.163 11.91
11455 1658409137 0 0 27.50 7.80 150.6 0.050 127.2 10.12 2.6 0.0 7.1 0.41 0.03 0.1
11456 1658409137 0 7 $GNGGA,131215.000,4423.26276,N,00856.58270,E,1,16,0.7,-4.1,M,44.7,M,,*6D
11457 1658409138 0 7 $GNGGA,131217.000,4423.26278,N,00856.58273,E,1,16,0.7,-4.2,M,44.7,M,,*61
11458 1658409139 0 3 2.572 4.978
11459 1658409139 0 1 1.096
11460 1658409139 0 4 2.475 1.408
11461 1658409139 0 5 0.02
11462 1658409139 0 6 0.14
11463 1658409140 0 8 4.997 12.154 11.89
11464 1658409140 0 0 27.46 7.77 153.1 0.049 126.5 10.07 3.1 0.0 7.2 0.41 0.03 0.1
11465 1658409140 0 7 $GNGGA,131218.000,4423.26279,N,00856.58275,E,1,16,0.7,-4.2,M,44.7,M,,*69
11466 1658409141 0 7 $GNGGA,131220.000,4423.26280,N,00856.58279,E,1,16,0.7,-4.2,M,44.7,M,,*68
11467 1658409142 0 3 2.572 4.977
11468 1658409142 0 1 0.023
11469 1658409142 0 4 2.475 1.406
11470 1658409142 0 5 0.02
11471 1658409142 0 6 0.15
11472 1658409143 0 8 4.997 12.144 11.89
11473 1658409143 0 0 27.37 7.63 161.1 0.045 126.0 10.05 2.6 0.0 4.9 0.41 0.02 0.0
11474 1658409143 0 7 $GNGGA,131221.000,4423.26280,N,00856.58281,E,1,16,0.7,-4.2,M,44.7,M,,*6E
11475 1658409144 0 7 $GNGGA,131223.000,4423.26312,N,00856.58295,E,1,16,0.7,-4.0,M,44.7,M,,*61
11476 1658409145 0 3 2.572 4.978
11477 1658409145 0 4 2.474 1.406
11478 1658409145 0 1 0.873
11479 1658409145 0 5 0.02
11480 1658409145 0 6 0.14
11481 1658409146 0 8 4.997 12.201 11.89
11482 1658409146 0 0 27.30 7.50 167.2 0.042 125.4 10.01 2.9 0.0 6.5 0.41 0.02 0.0
11483 1658409146 0 7 $GNGGA,131224.000,4423.26313,N,00856.58298,E,1,16,0.7,-4.0,M,44.7,M,,*6A
11484 1658409147 0 7 $GNGGA,131226.000,4423.26314,N,00856.58301,E,1,16,0.7,-4.0,M,44.7,M,,*6E
11485 1658409148 0 3 2.571 4.978
11486 1658409148 0 1 0.043
11487 1658409148 0 4 2.475 1.408
11488 1658409148 0 5 0.02
11489 1658409148 0 6 0.14
11490 1658409149 0 8 4.997 12.220 11.91
11491 1658409149 0 0 27.29 7.62 162.0 0.038 124.8 9.97 2.8 0.0 5.0 0.41 0.02 0.0
11492 1658409149 0 7 $GNGGA,131227.000,4423.26315,N,00856.58303,E,1,16,0.7,-4.0,M,44.7,M,,*6C
11493 1658409150 0 7 $GNGGA,131229.000,4423.26317,N,00856.58307,E,1,16,0.7,-3.9,M,44.7,M,,*6A
11494 1658409151 0 3 2.571 4.978
11495 1658409151 0 4 2.474 1.411
11496 1658409151 0 1 0.170
11497 1658409151 0 5 0.02
11498 1658409151 0 6 0.14
11499 1658409152 0 8 4.997 12.163 11.89
11500 1658409152 0 0 27.19 7.40 172.5 0.037 124.3 9.94 2.8 0.0 5.3 0.41 0.02 0.0
11501 1658409152 0 7 $GNGGA,131230.000,4423.26318,N,00856.58308,E,1,16,0.7,-3.9,M,44.7,M,,*62
11502 1658409152 0 7 $GNGGA,131231.000,4423.26319,N,00856.58310,E,1,16,0.7,-3.9,M,44.7,M,,*6B
11503 1658409153 0 7 $GNGGA,131232.000,4423.26321,N,00856.58311,E,1,16,0.7,-3.9,M,44.7,M,,*62
11504 1658409154 0 3 2.571 4.978
11505 1658409154 0 1 0.092
11506 1658409154 0 4 2.475 1.411
11507 1658409154 0 5 0.02
11508 1658409154 0 6 0.14
11509 1658409155 0 8 4.997 12.201 11.89
11510 1658409155 0 0 27.16 7.40 173.7 0.035 123.8 9.91 2.6 0.0 5.2 0.41 0.02 0.0
11511 1658409155 0 7 $GNGGA,131233.000,4423.26323,N,00856.58313,E,1,16,0.7,-3.9,M,44.7,M,,*63
11512 1658409156 0 7 $GNGGA,131235.000,4423.26325,N,00856.58316,E,1,16,0.7,-3.9,M,44.7,M,,*66
11513 1658409157 0 3 2.571 4.978
11514 1658409157 0 4 2.475 1.411
11515 1658409157 0 1 0.066
11516 1658409157 0 5 0.02
11517 1658409157 0 6 0.14
11518 1658409158 0 8 4.997 12.201 11.89
11519 1658409158 0 0 27.13 7.40 174.1 0.034 123.4 9.88 2.5 0.0 5.3 0.41 0.02 0.0
11520 1658409158 0 7 $GNGGA,131236.000,4423.26326,N,00856.58317,E,1,16,0.7,-3.9,M,44.7,M,,*67
11521 1658409159 0 2 0.04370000 27.66200065 1.78100004 0.21280000 2.89270000 0.00330000 0.24839999 0.19370000 1.00000000 56.44100189
11522 1658409159 0 7 $GNGGA,131238.000,4423.26326,N,00856.58316,E,1,16,0.7,-3.9,M,44.7,M,,*68
11523 1658409160 0 3 2.571 4.978
11524 1658409160 0 1 0.482
11525 1658409160 0 4 2.475 1.408
11526 1658409160 0 5 0.02
11527 1658409160 0 6 0.14
11528 1658409161 0 8 4.997 12.182 11.89
11529 1658409161 0 0 27.10 7.37 175.3 0.033 123.0 9.86 2.7 0.0 5.7 0.41 0.02 0.0
11530 1658409161 0 7 $GNGGA,131239.000,4423.26326,N,00856.58316,E,1,16,0.7,-3.8,M,44.7,M,,*68
11531 1658409162 0 7 $GNGGA,131241.000,4423.26327,N,00856.58316,E,1,16,0.7,-3.8,M,44.7,M,,*66
11532 1658409163 0 3 2.571 4.978
11533 1658409163 0 4 2.475 1.391
11534 1658409163 0 5 0.02
11535 1658409163 0 6 0.14
11536 1658409163 0 8 4.997 12.191 11.91
11537 1658409163 0 0 27.07 7.32 179.5 0.032 122.8 9.84 2.6 0.0 4.7 0.41 0.02 0.0
11538 1658409164 0 7 $GNGGA,131242.000,4423.26328,N,00856.58315,E,1,16,0.7,-3.8,M,44.7,M,,*69
11539 1658409164 0 7 $GNGGA,131243.000,4423.26330,N,00856.58315,E,1,16,0.7,-3.8,M,44.7,M,,*61
11540 1658409165 0 7 $GNGGA,131244.000,4423.26331,N,00856.58315,E,1,16,0.7,-3.8,M,44.7,M,,*67
11541 1658409166 0 3 2.571 4.978
11542 1658409166 0 4 2.475 1.381
11543 1658409166 0 5 0.02
11544 1658409166 0 6 0.14
11545 1658409167 0 8 4.997 12.191 11.89
11546 1658409167 0 0 27.03 7.37 176.7 0.031 122.6 9.83 2.7 0.0 5.1 0.41 0.02 0.0
11547 1658409167 0 7 $GNGGA,131245.000,4423.26332,N,00856.58314,E,1,16,0.7,-3.8,M,44.7,M,,*64
11548 1658409168 0 7 $GNGGA,131247.000,4423.26334,N,00856.58313,E,1,16,0.7,-3.7,M,44.7,M,,*68
11549 1658409169 0 3 2.571 4.978
11550 1658409169 0 4 2.474 1.381
11551 1658409169 0 5 0.02
11552 1658409169 0 6 0.14
11553 1658409169 0 8 4.997 12.135 11.89
11554 1658409169 0 0 27.03 7.29 182.0 0.030 122.4 9.82 2.8 0.0 5.5 0.41 0.02 0.0
11555 1658409170 0 7 $GNGGA,131248.000,4423.26335,N,00856.58313,E,1,16,0.7,-3.7,M,44.7,M,,*66
11556 1658409170 0 7 $GNGGA,131249.000,4423.26336,N,00856.58312,E,1,16,0.7,-3.7,M,44.7,M,,*65
11557 1658409171 0 7 $GNGGA,131250.000,4423.26338,N,00856.58313,E,1,16,0.7,-3.7,M,44.7,M,,*62
11558 1658409172 0 3 2.572 4.978
11559 1658409172 0 4 2.476 1.386
11560 1658409172 0 5 0.02
11561 1658409172 0 6 0.14
11562 1658409173 0 8 4.997 12.182 11.89
11563 1658409173 0 0 27.03 7.35 178.8 0.030 122.2 9.81 2.8 0.0 5.3 0.41 0.02 0.0
11564 1658409173 0 1 0.049
11565 1658409173 0 7 $GNGGA,131251.000,4423.26339,N,00856.58312,E,1,16,0.7,-3.7,M,44.7,M,,*63
11566 1658409174 0 7 $GNGGA,131253.000,4423.26343,N,00856.58312,E,1,16,0.7,-3.8,M,44.7,M,,*63
11567 1658409175 0 3 2.572 4.978
11568 1658409175 0 4 2.476 1.386
11569 1658409175 0 1 0.114
11570 1658409175 0 5 0.02
11571 1658409175 0 6 0.14
11572 1658409176 0 8 4.997 12.182 11.89
11573 1658409176 0 0 27.03 7.38 178.0 0.029 122.2 9.80 2.6 0.0 4.4 0.41 0.02 0.0
11574 1658409176 0 7 $GNGGA,131254.000,4423.26345,N,00856.58312,E,1,16,0.7,-3.8,M,44.7,M,,*62
11575 1658409177 0 7 $GNGGA,131256.000,4423.26348,N,00856.58311,E,1,16,0.7,-3.8,M,44.7,M,,*6E
11576 1658409178 0 3 2.572 4.978
11577 1658409178 0 1 0.401
11578 1658409178 0 4 2.476 1.386
11579 1658409178 0 5 0.02
11580 1658409178 0 6 0.15
11581 1658409179 0 8 4.997 12.182 11.89
11582 1658409179 0 0 26.96 7.34 180.5 0.029 122.1 9.81 2.1 0.0 2.9 0.41 0.02 0.0
11583 1658409179 0 7 $GNGGA,131257.000,4423.26349,N,00856.58311,E,1,16,0.7,-3.8,M,44.7,M,,*6E
11584 1658409180 0 7 $GNGGA,131259.000,4423.26354,N,00856.58311,E,1,16,0.7,-3.9,M,44.7,M,,*6D
11585 1658409181 0 3 2.572 4.978
11586 1658409181 0 4 2.475 1.386
11587 1658409181 0 1 0.178
11588 1658409181 0 5 0.02
11589 1658409181 0 6 0.14
11590 1658409182 0 8 4.997 12.135 11.91
11591 1658409182 0 0 26.91 7.16 190.1 0.028 121.9 9.80 2.0 0.0 2.4 0.41 0.02 0.0
11592 1658409182 0 7 $GNGGA,131300.000,4423.26355,N,00856.58311,E,1,16,0.7,-3.9,M,44.7,M,,*61
11593 1658409183 0 7 $GNGGA,131302.000,4423.26358,N,00856.58309,E,1,16,0.7,-3.9,M,44.7,M,,*67
11594 1658409184 0 3 2.572 4.978
11595 1658409184 0 1 0.990
11596 1658409184 0 4 2.476 1.386
11597 1658409184 0 5 0.02
11598 1658409184 0 6 0.14
11599 1658409185 0 8 4.997 12.173 11.89
11600 1658409185 0 0 26.87 7.08 195.4 0.028 121.7 9.79 1.6 0.0 1.7 0.41 0.02 0.0
11601 1658409185 0 7 $GNGGA,131303.000,4423.26359,N,00856.58308,E,1,16,0.7,-3.9,M,44.7,M,,*66
11602 1658409186 0 7 $GNGGA,131305.000,4423.26361,N,00856.58308,E,1,16,0.7,-3.9,M,44.7,M,,*6B
11603 1658409187 0 3 2.572 4.978
11604 1658409187 0 1 0.153
11605 1658409187 0 4 2.476 1.384
11606 1658409187 0 5 0.02
11607 1658409187 0 6 0.14
11608 1658409188 0 8 4.997 12.163 11.91
11609 1658409188 0 0 26.85 7.14 192.8 0.027 121.6 9.79 1.6 0.0 1.7 0.41 0.02 0.0
11610 1658409188 0 7 $GNGGA,131306.000,4423.26398,N,00856.58343,E,1,16,0.7,-3.9,M,44.7,M,,*61
11611 1658409189 0 7 $GNGGA,131308.000,4423.26413,N,00856.58370,E,1,16,0.7,-4.0,M,44.7,M,,*65
11612 1658409190 0 3 2.572 4.978
11613 1658409190 0 4 2.476 1.384
11614 1658409190 0 1 0.154
11615 1658409190 0 5 0.02
11616 1658409190 0 6 0.14
11617 1658409191 0 8 4.997 12.201 11.89
11618 1658409191 0 0 26.83 7.14 193.5 0.027 121.5 9.78 1.6 0.0 1.5 0.41 0.02 0.0
11619 1658409191 0 7 $GNGGA,131309.000,4423.26419,N,00856.58373,E,1,16,0.7,-4.0,M,44.7,M,,*6D
11620 1658409192 0 7 $GNGGA,131311.000,4423.26428,N,00856.58377,E,1,16,0.7,-4.0,M,44.7,M,,*62
11621 1658409193 0 3 2.573 4.978
11622 1658409193 0 1 0.240
11623 1658409193 0 4 2.476 1.381
11624 1658409193 0 5 0.02
11625 1658409194 0 6 0.15
11626 1658409194 0 8 4.997 12.201 11.89
11627 1658409194 0 0 26.80 7.14 194.1 0.027 121.4 9.78 1.1 0.0 0.9 0.41 0.02 0.0
11628 1658409194 0 7 $GNGGA,131312.000,4423.26431,N,00856.58383,E,1,16,0.7,-4.0,M,44.7,M,,*62
11629 1658409195 0 7 $GNGGA,131314.000,4423.26437,N,00856.58390,E,1,16,0.7,-4.0,M,44.7,M,,*60
11630 1658409196 0 3 2.572 4.978
11631 1658409196 0 4 2.475 1.378
11632 1658409196 0 1 0.383
11633 1658409196 0 5 0.02
11634 1658409196 0 6 0.15
11635 1658409197 0 8 4.997 12.163 11.91
11636 1658409197 0 0 26.80 7.21 191.1 0.026 121.2 9.77 1.1 0.0 0.9 0.41 0.02 0.0
11637 1658409197 0 7 $GNGGA,131315.000,4423.26428,N,00856.58429,E,1,16,0.7,-4.1,M,44.7,M,,*6B
11638 1658409198 0 7 $GNGGA,131317.000,4423.26435,N,00856.58516,E,1,16,0.7,-3.9,M,44.7,M,,*67
11639 1658409199 0 3 2.572 4.978
11640 1658409199 0 1 0.236
11641 1658409199 0 4 2.476 1.381
11642 1658409199 0 5 0.02
11643 1658409199 0 6 0.15
11644 1658409200 0 8 4.997 12.173 11.89
11645 1658409200 0 0 26.80 7.17 194.7 0.026 121.1 9.76 1.2 0.0 1.0 0.41 0.02 0.0
11646 1658409200 0 7 $GNGGA,131318.000,4423.26442,N,00856.58572,E,1,16,0.7,-3.9,M,44.7,M,,*6A
11647 1658409201 0 7 $GNGGA,131320.000,4423.26429,N,00856.58684,E,1,16,0.7,-3.7,M,44.7,M,,*68
11648 1658409202 0 3 2.572 4.978
11649 1658409202 0 4 2.475 1.381
12630 1658409535 0 3 2.578 4.978
12631 1658409535 0 1 1.187
12632 1658409535 0 4 2.535 1.324
12633 1658409535 0 5 0.02
12634 1658409535 0 6 0.12
12635 1658409536 0 8 4.997 12.116 11.89
12636 1658409536 0 0 28.79 8.21 142.9 67.66 123.0 7.42 17.7 0.0 296.8 0.83 45.98 1.4
12637 1658409536 0 7 $GNGGA,131854.000,4423.43705,N,00856.87844,E,1,16,0.7,-3.9,M,44.7,M,,*60
12638 1658409537 0 7 $GNGGA,131856.000,4423.43711,N,00856.87844,E,1,16,0.7,-3.8,M,44.7,M,,*66
12639 1658409538 0 3 2.578 4.978
12640 1658409538 0 1 0.493
12641 1658409538 0 4 2.542 1.469
12642 1658409538 0 5 0.02
12643 1658409538 0 6 0.12
12644 1658409539 0 8 5.000 12.182 11.89
12645 1658409539 0 0 28.80 8.20 142.6 67.69 124.4 7.50 17.7 0.0 298.7 0.80 46.00 1.4
12646 1658409539 0 7 $GNGGA,131857.000,4423.43712,N,00856.87843,E,1,16,0.7,-3.8,M,44.7,M,,*63
12647 1658409540 0 7 $GNGGA,131859.000,4423.43736,N,00856.87852,E,1,16,0.7,-3.6,M,44.7,M,,*65
12648 1658409541 0 3 2.575 4.978
12649 1658409541 0 4 2.542 1.481
12650 1658409541 0 1 0.710
12651 1658409541 0 5 0.02
12652 1658409541 0 6 0.12
12653 1658409542 0 8 5.000 12.173 11.89
12654 1658409542 0 0 28.81 8.20 142.5 67.65 123.3 7.43 17.7 0.0 300.9 0.61 45.98 1.4
12655 1658409542 0 7 $GNGGA,131900.000,4423.43760,N,00856.87859,E,1,16,0.7,-3.5,M,44.7,M,,*63
12656 1658409543 0 7 $GNGGA,131902.000,4423.43766,N,00856.87860,E,1,16,0.7,-3.5,M,44.7,M,,*6D
12657 1658409544 0 3 2.577 4.978
12658 1658409544 0 4 2.532 1.439
12659 1658409544 0 5 0.02
12660 1658409544 0 6 0.13
12661 1658409545 0 8 4.997 12.210 11.89
12662 1658409545 0 0 28.83 8.20 142.2 67.71 123.3 7.42 17.6 0.0 303.0 0.64 46.02 1.4
12663 1658409545 0 7 $GNGGA,131903.000,4423.43770,N,00856.87860,E,1,16,0.7,-3.5,M,44.7,M,,*6B
12664 1658409546 0 7 $GNGGA,131905.000,4423.43849,N,00856.87879,E,1,16,0.7,-3.5,M,44.7,M,,*60
12665 1658409547 0 3 2.578 4.978
12666 1658409547 0 4 2.534 1.406
12667 1658409547 0 1 0.441
12668 1658409547 0 5 0.02
12669 1658409547 0 6 0.12
12670 1658409548 0 8 5.000 12.173 11.89
12671 1658409548 0 0 28.85 8.20 142.1 67.74 123.3 7.43 17.6 0.0 304.9 0.75 46.04 1.4
12672 1658409548 0 7 $GNGGA,131906.000,4423.43886,N,00856.87897,E,1,16,0.7,-3.6,M,44.7,M,,*63
12673 1658409549 0 7 $GNGGA,131908.000,4423.43908,N,00856.87911,E,1,16,0.7,-3.6,M,44.7,M,,*65
12674 1658409550 0 3 2.579 4.978
12675 1658409550 0 1 0.234
12676 1658409550 0 4 2.551 1.406
12677 1658409550 0 5 0.02
12678 1658409551 0 6 0.13
12679 1658409551 0 8 5.000 12.191 11.89
12680 1658409551 0 0 28.88 8.20 141.8 67.68 123.4 7.43 17.6 0.0 306.1 0.70 45.99 1.4
12681 1658409551 0 7 $GNGGA,131909.000,4423.43919,N,00856.87917,E,1,16,0.7,-3.6,M,44.7,M,,*62
12682 1658409553 0 4 2.546 1.404
12683 1658409553 0 1 0.582
12684 1658409553 0 5 0.02
12685 1658409553 0 6 0.13
12686 1658409553 0 8 4.997 12.210 11.91
12687 1658409554 0 0 28.88 8.20 141.7 67.76 123.8 7.45 17.6 0.0 309.3 0.66 46.05 1.4
12688 1658409554 0 7 $GNGGA,131912.000,4423.43983,N,00856.87924,E,1,16,0.7,-4.1,M,44.7,M,,*6B
12689 1658409554 0 7 $GNGGA,131913.000,4423.43993,N,00856.87930,E,1,16,0.7,-4.1,M,44.7,M,,*6E
12690 1658409555 0 7 $GNGGA,131914.000,4423.44002,N,00856.87933,E,1,16,0.7,-4.1,M,44.7,M,,*6C
12691 1658409556 0 3 2.575 4.978
12692 1658409556 0 1 0.654
12693 1658409556 0 4 2.532 1.406
12694 1658409556 0 5 0.02
12695 1658409556 0 6 0.13
12696 1658409557 0 8 5.000 12.173 11.89
12697 1658409557 0 0 28.89 8.20 141.5 67.83 123.7 7.44 17.6 0.0 310.0 0.60 46.11 1.4
12698 1658409557 0 7 $GNGGA,131915.000,4423.44008,N,00856.87934,E,1,16,0.7,-4.1,M,44.7,M,,*60
12699 1658409559 0 3 2.578 4.978
12700 1658409559 0 4 2.541 1.386
12701 1658409559 0 1 0.042
12702 1658409559 0 5 0.02
12703 1658409559 0 6 0.13
12704 1658409560 0 8 4.997 12.163 11.91
12705 1658409560 0 0 28.94 8.20 141.4 67.72 123.7 7.44 17.5 0.0 311.7 0.64 46.02 1.4
12706 1658409560 0 7 $GNGGA,131918.000,4423.44032,N,00856.87944,E,1,16,0.7,-4.1,M,44.7,M,,*63
12707 1658409561 0 7 $GNGGA,131920.000,4423.44040,N,00856.87947,E,1,16,0.7,-4.1,M,44.7,M,,*6E
12708 1658409562 0 3 2.579 4.978
12709 1658409562 0 1 1.113
12710 1658409562 0 4 2.548 1.404
12711 1658409562 0 5 0.02
12712 1658409562 0 6 0.13
12713 1658409563 0 8 4.997 12.182 11.89
12714 1658409563 0 0 28.96 8.20 141.1 67.85 123.8 7.44 17.5 0.0 315.4 0.69 46.12 1.4
12715 1658409563 0 7 $GNGGA,131921.000,4423.44044,N,00856.87950,E,1,16,0.7,-4.1,M,44.7,M,,*6D
12716 1658409565 0 3 2.578 4.978
12717 1658409565 0 1 0.628
12718 1658409565 0 4 2.546 1.421
12719 1658409566 0 5 0.02
12720 1658409566 0 6 0.13
12721 1658409566 0 8 5.000 12.154 11.91
12722 1658409566 0 0 28.96 8.20 141.0 67.85 123.8 7.44 17.5 0.0 317.2 0.60 46.12 1.4
12723 1658409566 0 7 $GNGGA,131924.000,4423.44070,N,00856.87976,E,1,16,0.7,-4.3,M,44.7,M,,*69
12724 1658409568 0 3 2.576 4.978
12725 1658409568 0 4 2.540 1.401
12726 1658409568 0 1 1.564
12727 1658409568 0 5 0.02
12728 1658409568 0 6 0.13
12729 1658409569 0 8 4.997 12.201 11.89
12730 1658409569 0 0 29.00 8.20 140.8 67.74 123.9 7.44 17.5 0.0 317.6 0.57 46.04 1.4
12731 1658409569 0 7 $GNGGA,131927.000,4423.44082,N,00856.87987,E,1,16,0.7,-4.4,M,44.7,M,,*6E
12732 1658409571 0 3 2.578 4.978
12733 1658409571 0 1 0.427
12734 1658409571 0 4 2.539 1.406
12735 1658409571 0 5 0.02
12736 1658409571 0 6 0.13
12737 1658409572 0 8 4.997 12.154 11.91
12738 1658409572 0 0 29.03 8.20 140.7 67.85 124.1 7.45 17.5 0.0 320.1 0.68 46.12 1.4
12739 1658409572 0 7 $GNGGA,131930.000,4423.44109,N,00856.88008,E,1,16,0.7,-4.2,M,44.7,M,,*6D
12740 1658409573 0 7 $GNGGA,131932.000,4423.44117,N,00856.88011,E,1,16,0.7,-4.2,M,44.7,M,,*68
12741 1658409574 0 3 2.578 4.978
12742 1658409574 0 4 2.541 1.406
12743 1658409574 0 1 0.851
12744 1658409574 0 5 0.02
12745 1658409574 0 6 0.13
12746 1658409575 0 8 5.000 12.210 11.89
12747 1658409575 0 0 29.06 8.20 140.5 67.88 124.4 7.46 17.5 0.0 321.8 0.73 46.14 1.4
12748 1658409575 0 7 $GNGGA,131933.000,4423.44133,N,00856.88014,E,1,16,0.7,-4.4,M,44.7,M,,*6C
12749 1658409576 0 7 $GNGGA,131935.000,4423.44143,N,00856.88015,E,1,16,0.7,-4.4,M,44.7,M,,*6C
12750 1658409577 0 3 2.579 4.978
12751 1658409577 0 1 0.225
12752 1658409577 0 4 2.547 1.404
12753 1658409577 0 5 0.02
12754 1658409577 0 6 0.13
12755 1658409578 0 8 4.997 12.201 11.91
12756 1658409578 0 0 29.06 8.20 140.3 67.77 124.4 7.46 17.4 0.0 325.2 0.74 46.06 1.4
12757 1658409578 0 7 $GNGGA,131936.000,4423.44148,N,00856.88017,E,1,16,0.7,-4.4,M,44.7,M,,*66
12758 1658409579 0 7 $GNGGA,131938.000,4423.44160,N,00856.88022,E,1,16,0.7,-4.4,M,44.7,M,,*64
12759 1658409580 0 3 2.581 4.978
12760 1658409580 0 4 2.542 1.406
12761 1658409580 0 1 0.252
12762 1658409581 0 5 0.02
12763 1658409581 0 6 0.13
12764 1658409581 0 8 4.997 12.051 11.89
12765 1658409581 0 0 29.09 8.20 140.2 67.80 124.6 7.47 17.4 0.0 326.3 0.70 46.08 1.4
12766 1658409581 0 7 $GNGGA,131939.000,4423.44164,N,00856.88024,E,1,16,0.7,-4.4,M,44.7,M,,*67
12767 1658409583 0 3 2.579 4.978
12768 1658409583 0 1 0.385
12769 1658409583 0 4 2.542 1.404
12770 1658409583 0 5 0.02
12771 1658409583 0 6 0.13
12772 1658409584 0 8 4.997 12.022 11.87
12773 1658409584 0 0 29.11 8.20 140.1 67.97 124.6 7.47 17.4 0.0 327.8 0.73 46.21 1.4
12774 1658409584 0 7 $GNGGA,131942.000,4423.44242,N,00856.88036,E,1,16,0.7,-4.4,M,44.7,M,,*6F
12775 1658409585 0 7 $GNGGA,131944.000,4423.44276,N,00856.88041,E,1,16,0.7,-4.4,M,44.7,M,,*6E
12776 1658409586 0 3 2.579 4.978
12777 1658409586 0 4 2.539 1.409
12778 1658409586 0 1 0.423
12779 1658409586 0 5 0.02
12780 1658409586 0 6 0.13
12781 1658409587 0 8 4.997 11.966 11.91
12782 1658409587 0 0 29.12 8.20 139.9 67.94 124.6 7.46 17.4 0.0 330.3 0.75 46.19 1.4
12783 1658409587 0 7 $GNGGA,131945.000,4423.44294,N,00856.88044,E,1,16,0.7,-4.4,M,44.7,M,,*66
12784 1658409588 0 7 $GNGGA,131947.000,4423.44320,N,00856.88050,E,1,16,0.7,-4.5,M,44.7,M,,*6E
12785 1658409589 0 3 2.578 4.978
12786 1658409589 0 1 1.696
12787 1658409589 0 4 2.536 1.376
12788 1658409589 0 5 0.02
12789 1658409589 0 6 0.13
12790 1658409590 0 8 4.997 12.098 11.89
12791 1658409590 0 0 29.14 8.20 139.8 67.91 124.7 7.47 17.4 0.0 332.0 0.72 46.16 1.4
12792 1658409590 0 7 $GNGGA,131948.000,4423.44360,N,00856.88059,E,1,16,0.7,-5.1,M,44.7,M,,*69
12793 1658409591 0 7 $GNGGA,131950.000,4423.44438,N,00856.88119,E,1,16,0.7,-6.5,M,44.7,M,,*68
12794 1658409592 0 3 2.578 4.978
12795 1658409592 0 1 0.410
12796 1658409592 0 4 2.538 1.416
12797 1658409592 0 5 0.02
12798 1658409592 0 6 0.13
12799 1658409593 0 8 4.997 12.051 11.89
12800 1658409593 0 0 29.16 8.20 139.7 67.88 124.7 7.47 17.4 0.0 334.3 0.72 46.14 1.4
12801 1658409593 0 7 $GNGGA,131951.000,4423.44501,N,00856.88148,E,1,16,0.7,-7.1,M,44.7,M,,*63
12802 1658409594 0 7 $GNGGA,131953.000,4423.44542,N,00856.88143,E,1,16,0.7,-6.9,M,44.7,M,,*64
12803 1658409595 0 3 2.577 4.978
12804 1658409595 0 4 2.536 1.419
12805 1658409595 0 1 0.415
12806 1658409595 0 5 0.02
12807 1658409595 0 6 0.13
12808 1658409596 0 8 4.997 12.238 11.89
12809 1658409596 0 0 29.17 8.20 139.5 67.83 124.8 7.48 17.4 0.0 336.4 0.67 46.10 1.4
12810 1658409596 0 7 $GNGGA,131954.000,4423.44561,N,00856.88146,E,1,16,0.7,-6.9,M,44.7,M,,*67
12811 1658409597 0 7 $GNGGA,131956.000,4423.44587,N,00856.88161,E,1,16,0.7,-6.4,M,44.7,M,,*65
12812 1658409598 0 3 2.592 4.978
12813 1658409598 0 1 0.397
12814 1658409598 0 4 2.564 1.416
12815 1658409598 0 5 0.02
12816 1658409598 0 6 0.13
12817 1658409599 0 8 4.997 12.220 11.87
12818 1658409599 0 0 29.16 8.20 139.4 67.88 124.9 7.48 17.4 0.0 339.8 0.85 46.14 1.4
12819 1658409599 0 7 $GNGGA,131957.000,4423.44608,N,00856.88159,E,1,16,0.7,-6.4,M,44.7,M,,*6B
12820 1658409600 0 7 $GNGGA,131959.000,4423.44638,N,00856.88167,E,1,16,0.7,-6.4,M,44.7,M,,*6B
12821 1658409601 0 3 2.731 4.978
12822 1658409601 0 4 2.580 1.424
12823 1658409601 0 1 0.331
12824 1658409601 0 5 0.02
12825 1658409602 0 6 0.13
12826 1658409602 0 8 4.997 12.004 11.89
12827 1658409602 0 0 28.86 8.20 139.4 68.00 124.9 7.51 17.6 0.0 352.6 1.70 46.24 1.4
12828 1658409602 0 7 $GNGGA,132000.000,4423.44681,N,00856.88186,E,1,16,0.7,-6.7,M,44.7,M,,*63
12829 1658409604 0 3 2.789 4.978
12830 1658409604 0 1 0.262
12831 1658409604 0 4 2.583 1.414
12832 1658409604 0 5 0.02
12833 1658409604 0 6 0.13
12834 1658409604 0 8 4.997 12.238 11.89
12835 1658409605 0 0 28.76 8.20 139.3 67.92 124.8 7.52 17.6 0.0 352.6 2.65 46.19 1.4
12836 1658409605 0 7 $GNGGA,132003.000,4423.44767,N,00856.88218,E,1,16,0.7,-6.9,M,44.7,M,,*63
12837 1658409606 0 7 $GNGGA,132005.000,4423.44815,N,00856.88228,E,1,16,0.7,-7.0,M,44.7,M,,*64
12838 1658409607 0 3 2.789 4.978
12839 1658409607 0 4 2.584 1.416
12840 1658409607 0 1 0.341
12841 1658409607 0 5 0.02
12842 1658409607 0 6 0.13
12843 1658409607 0 8 5.000 12.229 11.89
12844 1658409608 0 0 28.56 8.20 139.1 67.92 124.8 7.54 17.6 0.0 360.8 3.62 46.19 1.4
12845 1658409608 0 7 $GNGGA,132006.000,4423.44836,N,00856.88234,E,1,16,0.7,-7.0,M,44.7,M,,*6B
12846 1658409609 0 7 $GNGGA,132008.000,4423.44913,N,00856.88250,E,1,16,0.7,-7.6,M,44.7,M,,*67
12847 1658409610 0 3 2.793 4.978
12848 1658409610 0 1 0.443
12849 1658409610 0 4 2.587 1.411
12850 1658409610 0 5 0.02
12851 1658409610 0 6 0.13
12852 1658409610 0 8 4.997 12.182 11.89
12853 1658409611 0 0 28.37 8.20 139.1 67.92 124.8 7.56 17.7 0.0 368.9 4.68 46.20 1.4
12854 1658409611 0 7 $GNGGA,132009.000,4423.44933,N,00856.88258,E,1,16,0.7,-7.6,M,44.7,M,,*6C
12855 1658409612 0 7 $GNGGA,132011.000,4423.44987,N,00856.88298,E,1,16,0.7,-7.6,M,44.7,M,,*66
12856 1658409613 0 3 2.794 4.978
12857 1658409613 0 4 2.588 1.421
12858 1658409613 0 1 0.488
12859 1658409613 0 5 0.02
12860 1658409613 0 6 0.13
12861 1658409613 0 8 4.997 12.248 11.89
12862 1658409614 0 0 28.25 8.20 139.0 67.93 124.7 7.57 17.7 0.0 371.2 5.79 46.21 1.4
12863 1658409614 0 7 $GNGGA,132012.000,4423.45018,N,00856.88309,E,1,16,0.7,-7.4,M,44.7,M,,*60
12864 1658409615 0 7 $GNGGA,132014.000,4423.45029,N,00856.88320,E,1,16,0.7,-7.4,M,44.7,M,,*6F
12865 1658409616 0 3 2.795 4.978
12866 1658409616 0 1 1.165
12867 1658409616 0 4 2.588 1.436
12868 1658409616 0 5 0.02
12869 1658409617 0 6 0.13
12870 1658409617 0 8 4.997 12.229 11.91
12871 1658409617 0 0 28.20 8.20 138.9 67.80 124.6 7.58 17.6 0.0 374.0 6.84 46.11 1.4
12872 1658409617 0 7 $GNGGA,132015.000,4423.45036,N,00856.88322,E,1,16,0.7,-7.3,M,44.7,M,,*65
12873 1658409619 0 3 2.797 4.978
12874 1658409619 0 1 0.678
12875 1658409619 0 4 2.589 1.436
12876 1658409619 0 5 0.02
12877 1658409619 0 6 0.12
12878 1658409619 0 8 4.997 12.248 11.89
12879 1658409620 0 0 27.06 8.21 139.0 68.66 124.5 7.68 18.2 0.0 428.1 7.79 46.82 1.3
12880 1658409620 0 7 $GNGGA,132018.000,4423.45060,N,00856.88345,E,1,16,0.7,-7.5,M,44.7,M,,*6C
12881 1658409621 0 7 $GNGGA,132020.000,4423.45076,N,00856.88350,E,1,16,0.7,-7.4,M,44.7,M,,*65
12882 1658409622 0 3 2.795 4.978
12883 1658409622 0 4 2.589 1.439
12884 1658409622 0 1 0.476
12885 1658409622 0 5 0.02
12886 1658409622 0 6 0.12
12887 1658409622 0 8 4.997 12.220 11.89
12888 1658409623 0 0 26.11 8.21 139.1 67.75 124.4 7.82 18.5 0.0 453.0 8.58 46.14 1.3
12889 1658409623 0 7 $GNGGA,132021.000,4423.45084,N,00856.88351,E,1,16,0.7,-7.3,M,44.7,M,,*6F
12890 1658409625 0 3 2.796 4.978
12891 1658409625 0 1 0.463
12892 1658409625 0 4 2.589 1.444
12893 1658409625 0 5 0.02
12894 1658409625 0 6 0.13
12895 1658409626 0 8 4.997 12.220 11.89
12896 1658409626 0 0 25.72 8.22 139.1 67.72 124.3 7.86 18.4 0.0 455.9 9.33 46.13 1.2
12897 1658409626 0 7 $GNGGA,132024.000,4423.45140,N,00856.88359,E,1,16,0.7,-7.6,M,44.7,M,,*6E
12898 1658409627 0 7 $GNGGA,132026.000,4423.45202,N,00856.88358,E,1,16,0.7,-7.8,M,44.7,M,,*66
12899 1658409628 0 3 2.798 4.978
12900 1658409628 0 4 2.589 1.461
12901 1658409628 0 1 0.643
12902 1658409628 0 5 0.02
12903 1658409628 0 6 0.13
12904 1658409628 0 8 4.997 12.220 11.91
12905 1658409629 0 0 25.32 8.22 139.2 67.62 124.1 7.91 18.4 0.0 451.6 10.21 46.06 1.2
12906 1658409629 0 7 $GNGGA,132027.000,4423.45219,N,00856.88354,E,1,16,0.7,-7.8,M,44.7,M,,*61
12907 1658409630 0 7 $GNGGA,132029.000,4423.45265,N,00856.88368,E,1,16,0.7,-8.1,M,44.7,M,,*6D
12908 1658409631 0 3 2.800 4.978
12909 1658409631 0 1 0.729
12910 1658409631 0 4 2.589 1.464
12911 1658409631 0 5 0.02
12912 1658409631 0 6 0.12
12913 1658409631 0 8 4.997 12.257 11.89
12914 1658409632 0 0 24.95 8.23 138.8 67.75 123.9 7.94 18.4 0.0 479.0 10.89 46.17 1.2
12915 1658409632 0 7 $GNGGA,132030.000,4423.45297,N,00856.88386,E,1,16,0.7,-8.5,M,44.7,M,,*6C
12916 1658409633 0 7 $GNGGA,132032.000,4423.45360,N,00856.88393,E,1,16,0.7,-8.7,M,44.7,M,,*61
12917 1658409634 0 4 2.588 1.464
12918 1658409634 0 1 0.840
12919 1658409634 0 5 0.02
12920 1658409634 0 6 0.12
12921 1658409634 0 8 4.997 12.210 11.91
12922 1658409634 0 0 24.61 8.23 138.8 67.30 123.7 7.98 18.3 0.0 466.2 10.85 45.82 1.2
12923 1658409635 0 7 $GNGGA,132033.000,4423.45382,N,00856.88398,E,1,16,0.7,-8.7,M,44.7,M,,*67
12924 1658409636 0 7 $GNGGA,132035.000,4423.45417,N,00856.88402,E,1,16,0.7,-8.6,M,44.7,M,,*6F
12925 1658409637 0 3 2.797 4.978
12926 1658409637 0 1 0.784
12927 1658409637 0 4 2.587 1.464
12928 1658409637 0 5 0.02
12929 1658409638 0 6 0.12
12930 1658409638 0 8 4.997 12.313 11.91
12931 1658409638 0 0 24.74 8.23 138.9 66.95 123.3 7.96 18.1 0.0 434.2 10.77 45.55 1.2
12932 1658409638 0 7 $GNGGA,132036.000,4423.45429,N,00856.88402,E,1,16,0.7,-8.6,M,44.7,M,,*61
12933 1658409638 0 2 0.08200000 5.26319980 1.65299997 0.04050000 2.73390007 0.00540000 0.07350000 0.36329998 1.00000000 84.42199707
12934 1658409640 0 3 2.797 4.978
12935 1658409640 0 4 2.588 1.469
12936 1658409640 0 1 0.760
12937 1658409640 0 5 0.02
12938 1658409640 0 6 0.12
12939 1658409641 0 8 4.997 12.323 11.89
12940 1658409641 0 0 25.04 8.23 138.7 67.02 123.3 7.91 17.9 0.0 419.7 10.41 45.60 1.2
12941 1658409641 0 7 $GNGGA,132039.000,4423.45454,N,00856.88414,E,1,16,0.7,-8.5,M,44.7,M,,*60
12942 1658409642 0 7 $GNGGA,132041.000,4423.45474,N,00856.88413,E,1,16,0.7,-8.4,M,44.7,M,,*6B
12943 1658409643 0 3 2.799 4.978
12944 1658409643 0 1 1.368
12945 1658409643 0 4 2.585 1.474
12946 1658409643 0 5 0.02
12947 1658409643 0 6 0.12
12948 1658409644 0 8 4.997 12.220 11.89
12949 1658409644 0 0 25.33 8.22 138.4 67.05 123.3 7.88 17.6 0.0 402.1 10.01 45.62 1.2
12950 1658409644 0 7 $GNGGA,132042.000,4423.45482,N,00856.88413,E,1,16,0.7,-8.4,M,44.7,M,,*61
12951 1658409646 0 3 2.799 4.978
12952 1658409646 0 1 0.620
12953 1658409646 0 4 2.586 1.479
12954 1658409646 0 5 0.02
12955 1658409646 0 6 0.11
12956 1658409647 0 8 4.997 12.257 11.89
12957 1658409647 0 0 25.56 8.22 138.3 67.02 123.6 7.87 17.5 0.0 387.2 9.49 45.59 1.2
12958 1658409647 0 7 $GNGGA,132045.000,4423.45499,N,00856.88405,E,1,16,0.7,-8.3,M,44.7,M,,*6C
12959 1658409648 0 7 $GNGGA,132047.000,4423.45509,N,00856.88405,E,1,16,0.7,-8.3,M,44.7,M,,*66
12960 1658409649 0 3 2.795 4.978
12961 1658409649 0 4 2.585 1.471
12962 1658409649 0 1 0.573
12963 1658409649 0 5 0.02
12964 1658409649 0 6 0.11
12965 1658409650 0 8 4.997 12.229 11.89
12966 1658409650 0 0 25.87 8.22 138.3 67.12 123.8 7.84 17.4 0.0 376.2 9.05 45.66 1.2
12967 1658409650 0 7 $GNGGA,132048.000,4423.45515,N,00856.88403,E,1,16,0.7,-8.3,M,44.7,M,,*62
12968 1658409651 0 7 $GNGGA,132050.000,4423.45530,N,00856.88397,E,1,16,0.7,-8.2,M,44.7,M,,*67
12969 1658409652 0 3 2.795 4.978
12970 1658409652 0 1 0.517
12971 1658409652 0 4 2.584 1.481
12972 1658409652 0 5 0.02
12973 1658409652 0 6 0.11
12974 1658409653 0 8 4.997 12.210 11.89
12975 1658409653 0 0 26.18 8.22 138.2 67.11 129.5 8.15 17.2 0.0 359.8 8.34 45.64 1.2
12976 1658409653 0 7 $GNGGA,132051.000,4423.45537,N,00856.88395,E,1,16,0.7,-8.2,M,44.7,M,,*63
12977 1658409654 0 7 $GNGGA,132053.000,4423.45570,N,00856.88365,E,1,16,0.7,-7.9,M,44.7,M,,*69
12978 1658409655 0 3 2.795 4.978
12979 1658409655 0 4 2.585 1.474
12980 1658409655 0 1 0.599
12981 1658409655 0 5 0.02
12982 1658409655 0 6 0.11
12983 1658409656 0 8 4.997 12.201 11.89
12984 1658409656 0 0 27.25 8.21 138.1 66.19 129.5 8.05 16.8 0.0 309.4 7.50 44.89 1.2
12985 1658409656 0 7 $GNGGA,132054.000,4423.45573,N,00856.88360,E,1,16,0.7,-7.9,M,44.7,M,,*68
12986 1658409657 0 7 $GNGGA,132056.000,4423.45584,N,00856.88357,E,1,16,0.7,-8.0,M,44.7,M,,*60
12987 1658409658 0 3 2.794 4.978
12988 1658409658 0 1 0.479
12989 1658409658 0 4 2.584 1.474
12990 1658409658 0 5 0.02
12991 1658409659 0 6 0.11
12992 1658409659 0 8 4.997 12.191 11.89
12993 1658409659 0 0 27.85 8.21 137.9 66.63 130.1 8.00 16.5 0.0 305.1 6.61 45.21 1.3
12994 1658409659 0 7 $GNGGA,132057.000,4423.45588,N,00856.88355,E,1,16,0.7,-8.0,M,44.7,M,,*6F
12995 1658409661 0 3 2.795 4.978
12996 1658409661 0 4 2.584 1.474
12997 1658409661 0 1 0.518
12998 1658409661 0 5 0.02
12999 1658409661 0 6 0.11
13000 1658409662 0 8 4.997 12.201 11.89
13001 1658409662 0 0 28.21 8.21 137.7 67.36 130.9 7.98 16.5 0.0 297.7 5.71 45.77 1.3
13002 1658409662 0 7 $GNGGA,132100.000,4423.45601,N,00856.88350,E,1,16,0.7,-7.9,M,44.7,M,,*6D
13003 1658409663 0 7 $GNGGA,132102.000,4423.45613,N,00856.88349,E,1,16,0.7,-7.9,M,44.7,M,,*64
13004 1658409664 0 3 2.791 4.978
13005 1658409664 0 1 0.544
13006 1658409664 0 4 2.584 1.471
13007 1658409664 0 5 0.02
13008 1658409664 0 6 0.10
13009 1658409665 0 8 4.997 12.201 11.89
13010 1658409665 0 0 28.29 8.21 137.6 67.57 131.6 8.00 16.6 0.0 297.4 4.80 45.93 1.3
13011 1658409665 0 7 $GNGGA,132103.000,4423.45618,N,00856.88350,E,1,16,0.7,-7.9,M,44.7,M,,*66
13012 1658409666 0 7 $GNGGA,132105.000,4423.45662,N,00856.88338,E,1,16,0.7,-7.8,M,44.7,M,,*62
13013 1658409667 0 3 2.789 4.978
13014 1658409667 0 4 2.583 1.471
13015 1658409667 0 1 0.415
13016 1658409667 0 5 0.02
13017 1658409667 0 6 0.10
13018 1658409668 0 8 4.997 12.173 11.89
13019 1658409668 0 0 28.39 8.21 137.4 67.63 132.1 8.01 16.6 0.0 292.7 4.22 45.98 1.3
13020 1658409668 0 7 $GNGGA,132106.000,4423.45671,N,00856.88339,E,1,16,0.7,-7.9,M,44.7,M,,*63
13021 1658409670 0 3 2.788 4.978
13022 1658409670 0 1 1.019
13023 1658409670 0 4 2.583 1.471
13024 1658409670 0 5 0.02
13025 1658409670 0 6 0.10
13026 1658409671 0 8 4.997 12.229 11.89
13027 1658409671 0 0 28.47 8.21 137.3 67.57 132.5 8.03 16.6 0.0 288.8 3.63 45.92 1.3
13028 1658409671 0 7 $GNGGA,132109.000,4423.45714,N,00856.88338,E,1,16,0.7,-8.1,M,44.7,M,,*68
13029 1658409672 0 7 $GNGGA,132111.000,4423.45739,N,00856.88335,E,1,16,0.7,-8.1,M,44.7,M,,*63
13030 1658409673 0 3 2.784 4.978
13031 1658409673 0 1 0.342
13032 1658409673 0 4 2.582 1.471
13033 1658409673 0 5 0.02
13034 1658409674 0 6 0.10
13035 1658409674 0 8 4.997 12.144 11.89
13036 1658409674 0 0 28.56 8.21 137.2 67.65 132.6 8.02 16.6 0.0 285.0 3.03 45.98 1.3
13037 1658409674 0 7 $GNGGA,132112.000,4423.45751,N,00856.88332,E,1,16,0.7,-8.0,M,44.7,M,,*68
13038 1658409676 0 3 2.771 4.978
13039 1658409676 0 4 2.582 1.471
13040 1658409676 0 1 0.334
13041 1658409676 0 5 0.02
13042 1658409676 0 6 0.10
13043 1658409677 0 8 4.997 12.191 11.91
13044 1658409677 0 0 28.66 8.20 137.0 67.75 132.7 8.01 16.6 0.0 280.6 2.37 46.06 1.3
13045 1658409677 0 7 $GNGGA,132115.000,4423.45788,N,00856.88322,E,1,16,0.7,-8.0,M,44.7,M,,*6A
13046 1658409678 0 7 $GNGGA,132117.000,4423.45813,N,00856.88316,E,1,16,0.7,-8.0,M,44.7,M,,*62
13047 1658409679 0 3 2.742 4.978
13048 1658409679 0 1 0.271
13049 1658409679 0 4 2.579 1.476
13050 1658409679 0 5 0.02
13051 1658409679 0 6 0.10
13052 1658409680 0 8 4.997 12.201 11.89
13053 1658409680 0 0 28.72 8.20 137.0 67.86 133.0 8.02 16.6 0.0 278.8 1.82 46.13 1.3
13054 1658409680 0 7 $GNGGA,132118.000,4423.45825,N,00856.88313,E,1,16,0.7,-8.0,M,44.7,M,,*6D
13055 1658409681 0 7 $GNGGA,132120.000,4423.45845,N,00856.88314,E,1,16,0.7,-8.0,M,44.7,M,,*67
13056 1658409682 0 3 2.655 4.978
13057 1658409682 0 4 2.573 1.476
13058 1658409682 0 1 0.305
13059 1658409682 0 5 0.02
13060 1658409682 0 6 0.10
13061 1658409683 0 8 4.997 12.201 11.89
13062 1658409683 0 0 28.80 8.20 136.8 67.81 133.0 8.01 16.6 0.0 278.8 1.42 46.10 1.3
13063 1658409683 0 7 $GNGGA,132121.000,4423.45854,N,00856.88313,E,1,16,0.7,-8.0,M,44.7,M,,*61
13064 1658409684 0 7 $GNGGA,132123.000,4423.45871,N,00856.88315,E,1,16,0.7,-8.0,M,44.7,M,,*62
13065 1658409685 0 3 2.604 4.978
13066 1658409685 0 1 0.306
13067 1658409685 0 4 2.564 1.474
13068 1658409685 0 5 0.02
13069 1658409685 0 6 0.11
13070 1658409686 0 8 4.997 12.191 11.89
13071 1658409686 0 0 28.84 8.20 136.8 67.83 132.9 8.00 16.6 0.0 277.8 0.94 46.11 1.3
13072 1658409686 0 7 $GNGGA,132124.000,4423.45880,N,00856.88315,E,1,16,0.7,-8.0,M,44.7,M,,*6B
