/home/danielacabiddu/Devel/src/MATRAC/test/tuttomatrac/data/porto_grid.mesh
34250 1658401207 0 3 2.629 4.979
34251 1658401207 0 4 2.624 1.546
34252 1658401207 0 5 0.44
34253 1658401207 0 1 2.436
34254 1658401207 0 6 0.09
34255 1658401208 0 8 4.994 9.417 8.80
34256 1658401208 0 0 26.68 8.22 107.4 67.55 136.1 8.49 14.6 0.0 253.1 1.08 45.97 1.1
34257 1658401208 0 7 $GNGGA,110006.000,4424.60711,N,00854.63228,E,1,12,0.9,7.1,M,44.7,M,,*4C
34258 1658401208 0 7 $GNGGA,110007.000,4424.60715,N,00854.63227,E,1,12,0.9,7.1,M,44.7,M,,*46
34259 1658401209 0 7 $GNGGA,110008.000,4424.60717,N,00854.63222,E,1,12,0.9,7.2,M,44.7,M,,*4D
34260 1658401210 0 3 2.629 4.979
34261 1658401210 0 4 2.625 1.546
34262 1658401210 0 1 2.613
34263 1658401210 0 5 0.44
34264 1658401210 0 6 0.09
34265 1658401211 0 8 4.994 9.407 8.78
34266 1658401211 0 0 26.69 8.22 107.4 67.65 136.2 8.49 14.6 0.0 254.9 1.07 46.05 1.1
34267 1658401211 0 7 $GNGGA,110009.000,4424.60715,N,00854.63208,E,1,12,0.9,7.4,M,44.7,M,,*40
34268 1658401211 0 7 $GNGGA,110010.000,4424.60719,N,00854.63207,E,1,12,0.9,7.5,M,44.7,M,,*4A
34269 1658401212 0 7 $GNGGA,110011.000,4424.60721,N,00854.63200,E,1,12,0.9,7.5,M,44.7,M,,*47
34270 1658401213 0 3 2.629 4.979
34271 1658401213 0 4 2.627 1.544
34272 1658401213 0 5 0.45
34273 1658401213 0 1 2.660
34274 1658401213 0 6 0.09
34275 1658401214 0 8 4.994 9.389 8.80
34276 1658401214 0 0 26.69 8.22 107.5 67.59 136.3 8.49 14.6 0.0 256.1 1.06 46.00 1.1
34277 1658401214 0 7 $GNGGA,110012.000,4424.60740,N,00854.63147,E,1,12,0.9,7.7,M,44.7,M,,*41
34278 1658401214 0 7 $GNGGA,110013.000,4424.60746,N,00854.63103,E,1,12,0.9,7.5,M,44.7,M,,*44
34279 1658401215 0 7 $GNGGA,110014.000,4424.60745,N,00854.63092,E,1,12,0.9,7.6,M,44.7,M,,*4A
34280 1658401216 0 3 2.630 4.979
34281 1658401216 0 4 2.625 1.544
34282 1658401216 0 1 2.835
34283 1658401216 0 5 0.45
34284 1658401216 0 6 0.09
34285 1658401217 0 8 4.994 9.407 8.78
34286 1658401217 0 0 26.69 8.22 107.4 67.59 136.3 8.50 14.6 0.0 258.1 1.08 46.00 1.1
34287 1658401217 0 7 $GNGGA,110015.000,4424.60749,N,00854.63079,E,1,12,0.9,7.6,M,44.7,M,,*42
34288 1658401217 0 7 $GNGGA,110016.000,4424.60756,N,00854.63072,E,1,12,0.9,7.6,M,44.7,M,,*44
34289 1658401218 0 7 $GNGGA,110017.000,4424.60761,N,00854.63063,E,1,12,0.9,7.6,M,44.7,M,,*41
34290 1658401219 0 3 2.629 4.979
34291 1658401219 0 4 2.625 1.544
34292 1658401219 0 5 0.45
34293 1658401219 0 1 2.796
34294 1658401219 0 6 0.09
34295 1658401220 0 8 4.994 9.417 8.80
34296 1658401220 0 0 26.69 8.22 107.4 67.61 136.3 8.50 14.7 0.0 259.8 1.08 46.01 1.1
34297 1658401220 0 7 $GNGGA,110018.000,4424.60763,N,00854.63051,E,1,12,0.9,7.6,M,44.7,M,,*4D
34298 1658401220 0 7 $GNGGA,110019.000,4424.60769,N,00854.63044,E,1,12,0.9,7.6,M,44.7,M,,*42
34299 1658401221 0 7 $GNGGA,110020.000,4424.60774,N,00854.63033,E,1,12,0.9,7.8,M,44.7,M,,*4A
34300 1658401222 0 3 2.630 4.979
34301 1658401222 0 4 2.625 1.559
34303 1658401222 0 5 0.45
34308 1658401224 0 0 26.69 8.22 107.4 67.58 136.5 8.51 14.7 0.0 261.8 1.08 45.99 1.1
34313 1658401225 0 1 2.617
34314 1658401226 0 6 0.09
34315 1658401226 0 8 4.994 9.360 8.80
34319 1658401227 0 7 $GNGGA,110026.000,4424.60799,N,00854.62989,E,1,12,0.9,8.0,M,44.7,M,,*41
34320 1658401228 0 3 2.629 4.979
34328 1658401229 0 7 $GNGGA,110028.000,4424.60808,N,00854.62971,E,1,12,0.9,8.1,M,44.7,M,,*4E
34329 1658401230 0 7 $GNGGA,110029.000,4424.60811,N,00854.62963,E,1,12,0.9,8.1,M,44.7,M,,*44
34331 1658401231 0 4 2.623 1.564
34332 1658401231 0 1 2.547
34339 1658401233 0 7 $GNGGA,110032.000,4424.60810,N,00854.62931,E,1,12,0.9,8.2,M,44.7,M,,*4B
34340 1658401234 0 3 2.629 4.979
34345 1658401235 0 8 4.994 9.398 8.78
34347 1658401235 0 7 $GNGGA,110033.000,4424.60809,N,00854.62918,E,1,12,0.9,8.3,M,44.7,M,,*48
34350 1658401237 0 3 2.630 4.979
34351 1658401237 0 4 2.623 1.561
34355 1658401238 0 8 4.994 9.417 8.78
34357 1658401238 0 7 $GNGGA,110036.000,4424.60806,N,00854.62878,E,1,12,0.9,8.4,M,44.7,M,,*42
34358 1658401238 0 7 $GNGGA,110037.000,4424.60803,N,00854.62865,E,1,12,0.9,8.5,M,44.7,M,,*4B
34359 1658401239 0 7 $GNGGA,110038.000,4424.60800,N,00854.62854,E,1,12,0.9,8.5,M,44.7,M,,*45
34360 1658401240 0 3 2.629 4.979
34361 1658401240 0 4 2.622 1.559
34362 1658401240 0 5 0.46
34363 1658401240 0 1 2.630
34364 1658401240 0 6 0.10
34369 1658401242 0 7 $GNGGA,110041.000,4424.60787,N,00854.62814,E,1,12,0.9,8.7,M,44.7,M,,*4D
34375 1658401244 0 8 4.994 9.407 8.78
34376 1658401244 0 0 26.65 8.22 107.4 67.63 137.3 8.56 14.8 0.0 272.5 1.07 46.03 1.1
34377 1658401244 0 7 $GNGGA,110042.000,4424.60781,N,00854.62829,E,1,12,0.9,8.2,M,44.7,M,,*43
34378 1658401244 0 7 $GNGGA,110043.000,4424.60767,N,00854.62849,E,1,12,0.9,7.9,M,44.7,M,,*48
34380 1658401246 0 3 2.629 4.979
34381 1658401246 0 4 2.623 1.564
34389 1658401248 0 7 $GNGGA,110047.000,4424.60747,N,00854.62805,E,1,12,0.9,7.9,M,44.7,M,,*46
34393 1658401249 0 5 0.46
34394 1658401249 0 6 0.10
34395 1658401250 0 8 4.994 9.417 8.80
34396 1658401250 0 0 26.65 8.22 107.3 67.59 137.4 8.57 14.8 0.0 276.0 1.07 46.00 1.1
34399 1658401251 0 7 $GNGGA,110050.000,4424.60760,N,00854.62798,E,1,12,0.9,7.5,M,44.7,M,,*42
34400 1658401252 0 3 2.629 4.979
34407 1658401253 0 7 $GNGGA,110052.000,4424.60785,N,00854.62825,E,1,12,0.9,6.8,M,44.7,M,,*4E
34408 1658401254 0 0 26.68 8.22 107.3 67.46 137.5 8.58 14.7 0.0 274.7 1.07 45.89 1.1
34411 1658401255 0 4 2.620 1.537
34412 1658401255 0 5 0.46
34419 1658401257 0 7 $GNGGA,110056.000,4424.60855,N,00854.62904,E,1,12,0.9,7.4,M,44.7,M,,*47
34420 1658401258 0 3 2.628 4.979
34424 1658401258 0 6 0.10
34425 1658401259 0 8 4.994 9.398 8.78
34426 1658401259 0 0 26.66 8.22 107.3 67.54 137.6 8.58 14.8 0.0 277.9 1.07 45.96 1.1
34427 1658401259 0 7 $GNGGA,110057.000,4424.60848,N,00854.62919,E,1,12,0.9,7.3,M,44.7,M,,*41
34428 1658401259 0 7 $GNGGA,110058.000,4424.60821,N,00854.62939,E,1,12,0.9,7.4,M,44.7,M,,*44
34429 1658401260 0 7 $GNGGA,110059.000,4424.60800,N,00854.62936,E,1,12,0.9,7.2,M,44.7,M,,*4F
34430 1658401261 0 3 2.627 4.979
34437 1658401262 0 7 $GNGGA,110100.000,4424.60791,N,00854.62981,E,1,12,0.9,7.8,M,44.7,M,,*43
34438 1658401262 0 7 $GNGGA,110101.000,4424.60793,N,00854.63007,E,1,12,0.9,7.5,M,44.7,M,,*4B
34439 1658401263 0 7 $GNGGA,110102.000,4424.60790,N,00854.62991,E,1,12,0.9,7.5,M,44.7,M,,*4C
34441 1658401264 0 4 2.619 1.539
34442 1658401264 0 1 2.185
34443 1658401264 0 5 0.47
34444 1658401264 0 6 0.10
34449 1658401266 0 7 $GNGGA,110105.000,4424.60739,N,00854.62965,E,1,12,0.9,6.9,M,44.7,M,,*4E
34455 1658401268 0 8 4.994 9.389 8.78
34456 1658401268 0 0 26.71 8.22 107.1 67.56 137.7 8.58 14.8 0.0 280.5 1.06 45.97 1.1
34457 1658401268 0 7 $GNGGA,110106.000,4424.60685,N,00854.62973,E,1,12,0.9,6.3,M,44.7,M,,*46
34460 1658401270 0 3 2.625 4.979
34461 1658401270 0 4 2.611 1.537
34469 1658401272 0 7 $GNGGA,110111.000,4424.60580,N,00854.63159,E,1,12,0.9,6.2,M,44.7,M,,*46
34473 1658401273 0 1 2.317
34474 1658401273 0 6 0.10
34475 1658401274 0 8 4.994 9.398 8.78
34479 1658401275 0 7 $GNGGA,110114.000,4424.60634,N,00854.63303,E,1,12,0.9,6.8,M,44.7,M,,*48
34480 1658401276 0 3 2.623 4.979
34488 1658401277 0 7 $GNGGA,110116.000,4424.60629,N,00854.63300,E,1,12,0.9,6.8,M,44.7,M,,*45
34490 1658401279 0 3 2.621 4.979
34491 1658401279 0 4 2.605 1.524
34492 1658401279 0 5 0.47
34499 1658401281 0 7 $GNGGA,110120.000,4424.60543,N,00854.63409,E,1,12,0.9,7.7,M,44.7,M,,*4F
34505 1658401283 0 8 4.994 9.370 8.78
34506 1658401283 0 7 $GNGGA,110121.000,4424.60478,N,00854.63474,E,1,12,0.9,8.4,M,44.7,M,,*41
34516 1658401286 0 0 26.72 8.22 107.2 67.58 138.0 8.60 14.8 0.0 285.6 0.98 45.99 1.1
34517 1658401286 0 7 $GNGGA,110124.000,4424.60362,N,00854.63625,E,1,12,0.9,9.4,M,44.7,M,,*4F
34518 1658401286 0 7 $GNGGA,110125.000,4424.60360,N,00854.63625,E,1,12,0.9,9.3,M,44.7,M,,*4B
34519 1658401287 0 7 $GNGGA,110126.000,4424.60354,N,00854.63627,E,1,12,0.9,9.4,M,44.7,M,,*4A
34520 1658401288 0 3 2.619 4.979
34521 1658401288 0 4 2.597 1.524
34522 1658401288 0 5 0.47
34529 1658401290 0 7 $GNGGA,110129.000,4424.60286,N,00854.63757,E,1,12,0.9,10.0,M,44.7,M,,*71
34535 1658401292 0 8 4.994 9.370 8.78
34536 1658401292 0 0 26.78 8.22 107.1 67.60 138.0 8.59 14.8 0.0 288.4 0.95 46.00 1.1
34537 1658401292 0 7 $GNGGA,110130.000,4424.60266,N,00854.63809,E,1,12,0.9,10.3,M,44.7,M,,*70
34540 1658401294 0 3 2.616 4.979
34552 1658401297 0 1 2.514
34553 1658401297 0 5 0.47
34554 1658401297 0 6 0.10
34555 1658401298 0 8 4.997 9.370 8.78
34559 1658401299 0 7 $GNGGA,110138.000,4424.60131,N,00854.64390,E,1,12,0.9,12.7,M,44.7,M,,*73
34560 1658401300 0 3 2.614 4.979
34570 1658401303 0 3 2.612 4.979
34572 1658401303 0 1 2.563
34573 1658401303 0 5 0.47
34578 1658401304 0 7 $GNGGA,110143.000,4424.59981,N,00854.64703,E,1,12,0.9,14.0,M,44.7,M,,*79
34579 1658401305 0 7 $GNGGA,110144.000,4424.59955,N,00854.64769,E,1,12,0.9,13.8,M,44.7,M,,*74
34584 1658401306 0 6 0.10
34585 1658401307 0 8 4.994 9.389 8.78
34586 1658401307 0 0 26.66 8.22 107.1 67.67 138.0 8.61 14.8 0.0 296.4 0.90 46.06 1.1
34590 1658401309 0 3 2.611 4.979
34591 1658401309 0 4 2.584 1.499
34598 1658401310 0 7 $GNGGA,110149.000,4424.59818,N,00854.65061,E,1,12,0.9,13.2,M,44.7,M,,*75
34599 1658401311 0 7 $GNGGA,110150.000,4424.59793,N,00854.65137,E,1,12,0.9,13.3,M,44.7,M,,*72
34600 1658401312 0 3 2.610 4.979
34601 1658401312 0 4 2.583 1.499
34602 1658401312 0 1 1.961
34603 1658401312 0 5 0.48
34608 1658401314 0 0 26.70 8.22 107.0 67.55 138.0 8.61 14.8 0.0 295.8 0.87 45.96 1.1
34609 1658401314 0 7 $GNGGA,110153.000,4424.59698,N,00854.65354,E,1,12,0.9,15.2,M,44.7,M,,*7B
34615 1658401316 0 8 4.994 9.398 8.78
34616 1658401316 0 0 26.71 8.22 107.0 67.52 138.1 8.61 14.8 0.0 296.9 0.85 45.95 1.1
34617 1658401316 0 7 $GNGGA,110154.000,4424.59654,N,00854.65435,E,1,12,0.9,15.6,M,44.7,M,,*78
34618 1658401316 0 7 $GNGGA,110155.000,4424.59634,N,00854.65512,E,1,12,0.9,16.0,M,44.7,M,,*7E
34621 1658401318 0 4 2.584 1.499
34628 1658401319 0 7 $GNGGA,110158.000,4424.59559,N,00854.65691,E,1,12,0.9,16.0,M,44.7,M,,*73
34632 1658401321 0 5 0.47
34633 1658401321 0 1 1.602
34634 1658401321 0 6 0.10
34639 1658401323 0 7 $GNGGA,110202.000,4424.59446,N,00854.65949,E,1,12,0.9,14.4,M,44.7,M,,*7C
34646 1658401325 0 0 26.68 8.22 107.0 67.64 138.1 8.61 14.8 0.0 300.5 0.84 46.04 1.1
34647 1658401325 0 7 $GNGGA,110203.000,4424.59441,N,00854.65999,E,1,12,0.9,14.3,M,44.7,M,,*70
34648 1658401325 0 7 $GNGGA,110204.000,4424.59442,N,00854.66042,E,1,12,0.9,14.4,M,44.7,M,,*7F
34650 1658401327 0 3 2.607 4.979
34651 1658401327 0 4 2.581 1.496
34652 1658401327 0 5 0.47
34659 1658401329 0 7 $GNGGA,110208.000,4424.59451,N,00854.66222,E,1,12,0.9,15.6,M,44.7,M,,*76
34663 1658401330 0 5 0.47
34664 1658401330 0 6 0.10
34665 1658401331 0 8 4.994 9.389 8.78
34666 1658401331 0 0 26.61 8.22 107.0 67.60 138.0 8.61 14.9 0.0 302.1 0.85 46.01 1.1
34669 1658401332 0 7 $GNGGA,110211.000,4424.59412,N,00854.66419,E,1,12,0.9,16.7,M,44.7,M,,*75
34670 1658401333 0 3 2.606 4.979
34678 1658401334 0 7 $GNGGA,110213.000,4424.59417,N,00854.66538,E,1,12,0.9,16.9,M,44.7,M,,*7E
34680 1658401336 0 3 2.606 4.979
34681 1658401336 0 4 2.581 1.499
34682 1658401336 0 5 0.47
34683 1658401336 0 6 0.10
34689 1658401338 0 7 $GNGGA,110217.000,4424.59346,N,00854.66823,E,1,12,0.9,18.1,M,44.7,M,,*78
34690 1658401339 0 3 2.606 4.979
34694 1658401340 0 6 0.10
34695 1658401340 0 8 4.994 9.407 8.75
34696 1658401340 0 0 26.55 8.22 107.1 67.63 138.1 8.63 14.9 0.0 305.0 0.84 46.04 1.1
34697 1658401340 0 7 $GNGGA,110218.000,4424.59322,N,00854.66902,E,1,12,0.9,18.7,M,44.7,M,,*71
34700 1658401342 0 3 2.605 4.979
34708 1658401344 0 0 26.59 8.22 107.1 67.51 138.1 8.62 14.9 0.0 303.4 0.82 45.94 1.1
34709 1658401344 0 7 $GNGGA,110223.000,4424.59184,N,00854.67327,E,1,12,0.9,19.9,M,44.7,M,,*74
34712 1658401345 0 1 2.039
34713 1658401345 0 5 0.47
34714 1658401345 0 6 0.10
34719 1658401347 0 7 $GNGGA,110226.000,4424.59113,N,00854.67531,E,1,12,0.9,19.4,M,44.7,M,,*73
34724 1658401348 0 6 0.10
34727 1658401349 0 7 $GNGGA,110227.000,4424.59089,N,00854.67608,E,1,12,0.9,18.8,M,44.7,M,,*74
34728 1658401349 0 7 $GNGGA,110228.000,4424.59067,N,00854.67688,E,1,12,0.9,18.4,M,44.7,M,,*7F
34729 1658401350 0 7 $GNGGA,110229.000,4424.59061,N,00854.67747,E,1,12,0.9,18.2,M,44.7,M,,*7C
34730 1658401351 0 3 2.603 4.979
34743 1658401354 0 1 1.990
34745 1658401355 0 8 4.994 9.341 8.75
34749 1658401356 0 7 $GNGGA,110235.000,4424.58995,N,00854.68159,E,1,12,0.9,16.7,M,44.7,M,,*7F
34750 1658401357 0 3 2.602 4.979
34756 1658401358 0 0 26.67 8.22 107.1 67.56 138.1 8.61 14.8 0.0 303.8 0.80 45.98 1.1
34760 1658401360 0 4 2.575 1.502
34768 1658401362 0 7 $GNGGA,110241.000,4424.58873,N,00854.68638,E,1,12,0.9,19.8,M,44.7,M,,*75
34787 1658401367 0 7 $GNGGA,110246.000,4424.58711,N,00854.69012,E,1,12,0.9,20.3,M,44.7,M,,*77
34789 1658401369 0 3 2.602 4.979
34791 1658401369 0 5 0.47
34798 1658401371 0 7 $GNGGA,110250.000,4424.58625,N,00854.69304,E,1,12,0.9,21.1,M,44.7,M,,*71
34805 1658401373 0 7 $GNGGA,110251.000,4424.58610,N,00854.69387,E,1,12,0.9,21.3,M,44.7,M,,*7F
34817 1658401376 0 7 $GNGGA,110255.000,4424.58545,N,00854.69655,E,1,12,0.9,21.6,M,44.7,M,,*77
34820 1658401378 0 4 2.573 1.504
34828 1658401380 0 7 $GNGGA,110259.000,4424.58420,N,00854.69955,E,1,12,0.9,22.5,M,44.7,M,,*76
34835 1658401382 0 0 26.64 8.22 107.1 67.67 137.8 8.60 14.8 0.0 306.8 0.79 46.06 1.1
34836 1658401382 0 7 $GNGGA,110300.000,4424.58418,N,00854.70032,E,1,12,0.9,22.8,M,44.7,M,,*7D
34849 1658401387 0 3 2.602 4.979
34850 1658401387 0 4 2.571 1.504
34852 1658401387 0 5 0.47
34853 1658401387 0 6 0.10
34854 1658401388 0 8 4.994 9.313 8.75
34858 1658401389 0 7 $GNGGA,110308.000,4424.58256,N,00854.70625,E,1,12,0.9,25.6,M,44.7,M,,*70
34859 1658401390 0 3 2.601 4.979
34863 1658401390 0 1 1.526
34866 1658401391 0 7 $GNGGA,110309.000,4424.58246,N,00854.70688,E,1,12,0.9,25.7,M,44.7,M,,*76
34867 1658401391 0 7 $GNGGA,110310.000,4424.58220,N,00854.70753,E,1,12,0.9,26.0,M,44.7,M,,*7D
34869 1658401393 0 3 2.601 4.979
34878 1658401395 0 7 $GNGGA,110314.000,4424.58114,N,00854.71028,E,1,12,0.9,26.6,M,44.7,M,,*71
34879 1658401396 0 3 2.601 4.979
34882 1658401396 0 1 1.728
34883 1658401396 0 6 0.10
34884 1658401397 0 8 4.994 9.304 8.75
34888 1658401398 0 7 $GNGGA,110317.000,4424.58026,N,00854.71156,E,1,12,0.9,26.6,M,44.7,M,,*7A
34889 1658401399 0 3 2.602 4.979
34897 1658401400 0 7 $GNGGA,110319.000,4424.57961,N,00854.71259,E,1,12,0.9,27.0,M,44.7,M,,*7A
34898 1658401401 0 7 $GNGGA,110320.000,4424.57936,N,00854.71348,E,1,12,0.9,27.1,M,44.7,M,,*72
34900 1658401402 0 4 2.572 1.509
34901 1658401402 0 5 0.47
34909 1658401405 0 3 2.601 4.979
34912 1658401405 0 5 0.47
34913 1658401405 0 6 0.10
34914 1658401406 0 8 4.994 9.323 8.75
34918 1658401407 0 7 $GNGGA,110326.000,4424.57747,N,00854.71823,E,1,12,0.9,26.5,M,44.7,M,,*7F
34919 1658401408 0 3 2.601 4.979
34923 1658401408 0 6 0.10
34927 1658401409 0 7 $GNGGA,110328.000,4424.57703,N,00854.71939,E,1,12,0.9,25.8,M,44.7,M,,*75
34928 1658401410 0 7 $GNGGA,110329.000,4424.57656,N,00854.71981,E,1,12,0.9,25.7,M,44.7,M,,*79
34938 1658401413 0 7 $GNGGA,110332.000,4424.57600,N,00854.72164,E,1,12,0.9,25.2,M,44.7,M,,*75
34942 1658401414 0 1 1.819
34943 1658401414 0 6 0.10
34944 1658401415 0 8 4.994 9.323 8.73
34945 1658401415 0 0 26.69 8.22 107.1 67.66 137.5 8.57 14.8 0.0 306.4 0.78 46.05 1.1
34948 1658401416 0 7 $GNGGA,110335.000,4424.57493,N,00854.72346,E,1,12,0.9,24.2,M,44.7,M,,*79
34949 1658401417 0 3 2.601 4.979
34957 1658401418 0 7 $GNGGA,110337.000,4424.57414,N,00854.72470,E,1,12,0.9,22.8,M,44.7,M,,*7A
34960 1658401420 0 4 2.572 1.514
34961 1658401420 0 1 1.768
34968 1658401422 0 7 $GNGGA,110341.000,4424.57297,N,00854.72780,E,1,12,0.9,20.8,M,44.7,M,,*78
34972 1658401423 0 1 1.969
34974 1658401424 0 8 4.994 9.304 8.75
34979 1658401426 0 3 2.600 4.979
34986 1658401427 0 7 $GNGGA,110345.000,4424.57234,N,00854.73060,E,1,12,0.9,18.6,M,44.7,M,,*78
34987 1658401427 0 7 $GNGGA,110346.000,4424.57226,N,00854.73126,E,1,12,0.9,17.8,M,44.7,M,,*7A
34990 1658401429 0 4 2.569 1.509
36470 1658401884 0 0 26.55 8.22 107.6 67.72 133.8 8.36 14.9 0.0 306.3 1.08 46.10 1.1
36475 1658401885 0 4 2.624 1.542
36479 1658401887 0 5 0.48
36480 1658401887 0 6 0.10
36481 1658401887 0 8 4.994 9.153 8.49
36482 1658401887 0 7 $GNGGA,111126.000,4424.44397,N,00854.98530,E,1,12,0.9,-1.5,M,44.7,M,,*67
36488 1658401889 0 7 $GNGGA,111128.000,4424.44400,N,00854.98543,E,1,12,0.9,-1.4,M,44.7,M,,*65
36489 1658401890 0 5 0.48
36490 1658401890 0 6 0.10
36491 1658401890 0 8 4.994 9.153 8.49
36493 1658401891 0 3 2.619 4.979
36494 1658401891 0 4 2.625 1.547
36499 1658401893 0 5 0.48
36500 1658401893 0 6 0.10
36501 1658401893 0 8 4.994 9.143 8.49
36509 1658401896 0 5 0.48
36510 1658401896 0 6 0.10
36511 1658401896 0 8 4.994 9.143 8.51
36512 1658401897 0 7 $GNGGA,111135.000,4424.44388,N,00854.98573,E,1,12,0.9,-1.3,M,44.7,M,,*6A
36519 1658401899 0 5 0.48
36520 1658401899 0 6 0.10
36521 1658401899 0 8 4.994 9.049 8.49
36524 1658401900 0 4 2.712 1.607
36525 1658401900 0 1 1.432
36529 1658401902 0 5 0.48
36530 1658401902 0 6 0.10
36536 1658401903 0 0 26.38 8.22 107.7 67.83 133.3 8.34 14.8 0.0 314.9 2.82 46.20 1.0
36537 1658401904 0 7 $GNGGA,111142.000,4424.44379,N,00854.98615,E,1,12,0.9,-1.4,M,44.7,M,,*60
36549 1658401908 0 5 0.48
36550 1658401908 0 6 0.10
36551 1658401908 0 8 4.994 9.153 8.49
36554 1658401909 0 4 2.722 1.574
36555 1658401909 0 1 3.987
36556 1658401909 0 0 25.69 8.23 107.8 67.73 133.3 8.44 15.0 0.0 331.3 4.66 46.14 1.0
36557 1658401910 0 7 $GNGGA,111148.000,4424.44374,N,00854.98642,E,1,12,0.9,-1.4,M,44.7,M,,*65
36560 1658401911 0 6 0.10
36561 1658401911 0 8 4.994 9.143 8.46
36562 1658401911 0 7 $GNGGA,111150.000,4424.44370,N,00854.98648,E,1,12,0.9,-1.4,M,44.7,M,,*62
36565 1658401913 0 7 $GNGGA,111152.000,4424.44366,N,00854.98652,E,1,12,0.9,-1.5,M,44.7,M,,*6D
36571 1658401915 0 3 2.817 4.979
36572 1658401915 0 1 4.433
36575 1658401917 0 4 2.723 1.577
36576 1658401917 0 5 0.48
36577 1658401917 0 6 0.10
36578 1658401917 0 8 4.994 9.153 8.46
36579 1658401918 0 3 2.820 4.979
36580 1658401918 0 1 5.764
36581 1658401918 0 0 25.20 8.23 108.2 67.58 133.1 8.50 15.0 0.0 328.6 6.85 46.04 1.0
36582 1658401918 0 7 $GNGGA,111156.000,4424.44361,N,00854.98664,E,1,12,0.9,-1.6,M,44.7,M,,*68
36583 1658401920 0 4 2.722 1.574
36584 1658401920 0 5 0.47
36585 1658401920 0 6 0.10
36586 1658401920 0 8 4.994 9.125 8.49
36587 1658401921 0 3 2.821 4.979
36588 1658401921 0 1 5.637
36589 1658401921 0 0 25.12 8.23 108.3 67.59 133.0 8.51 15.0 0.0 328.4 7.42 46.04 1.0
36590 1658401921 0 7 $GNGGA,111159.000,4424.44364,N,00854.98677,E,1,12,0.9,-1.8,M,44.7,M,,*6E
36591 1658401923 0 4 2.722 1.601
36592 1658401923 0 5 0.47
36593 1658401923 0 6 0.10
36594 1658401923 0 8 4.994 9.162 8.46
36595 1658401924 0 3 2.821 4.979
36596 1658401924 0 1 5.865
36597 1658401924 0 0 24.96 8.23 108.4 67.58 133.1 8.53 15.1 0.0 330.3 7.91 46.04 1.0
36598 1658401924 0 7 $GNGGA,111202.000,4424.44364,N,00854.98690,E,1,12,0.9,-1.9,M,44.7,M,,*6B
36599 1658401926 0 4 2.722 1.596
36600 1658401926 0 5 0.47
36601 1658401926 0 6 0.10
36602 1658401926 0 8 4.994 9.143 8.49
36603 1658401927 0 3 2.821 4.979
36604 1658401927 0 1 5.421
36605 1658401927 0 0 24.92 8.22 108.5 67.40 133.1 8.55 15.0 0.0 325.8 8.32 45.90 1.0
36606 1658401927 0 7 $GNGGA,111205.000,4424.44361,N,00854.98699,E,1,12,0.9,-2.0,M,44.7,M,,*6A
36607 1658401929 0 4 2.722 1.599
36608 1658401929 0 5 0.46
36609 1658401929 0 6 0.10
36610 1658401929 0 8 4.994 9.143 8.46
36611 1658401930 0 3 2.822 4.979
36612 1658401930 0 1 5.558
36613 1658401930 0 0 24.90 8.22 108.6 67.44 133.0 8.54 15.0 0.0 322.4 8.77 45.93 1.0
36614 1658401930 0 7 $GNGGA,111208.000,4424.44359,N,00854.98711,E,1,12,0.9,-2.1,M,44.7,M,,*6C
36615 1658401932 0 4 2.722 1.602
36616 1658401932 0 5 0.46
36617 1658401932 0 6 0.09
36618 1658401932 0 8 4.994 9.143 8.46
36619 1658401933 0 3 2.823 4.979
36620 1658401933 0 1 5.559
36621 1658401933 0 0 24.89 8.22 108.6 67.51 133.0 8.54 14.9 0.0 319.9 9.26 45.98 0.9
36622 1658401933 0 7 $GNGGA,111211.000,4424.44358,N,00854.98722,E,1,12,0.9,-2.2,M,44.7,M,,*66
36623 1658401935 0 4 2.722 1.609
36624 1658401935 0 5 0.46
36625 1658401935 0 6 0.09
36626 1658401935 0 8 4.994 9.172 8.46
36627 1658401936 0 3 2.823 4.979
36628 1658401936 0 1 5.485
36629 1658401936 0 0 24.86 8.22 108.7 67.51 133.0 8.55 14.9 0.0 320.6 9.79 45.98 0.9
36630 1658401936 0 7 $GNGGA,111214.000,4424.44358,N,00854.98733,E,1,12,0.9,-2.3,M,44.7,M,,*62
36631 1658401938 0 4 2.722 1.616
36632 1658401938 0 5 0.45
36633 1658401938 0 6 0.09
36634 1658401938 0 8 4.994 9.181 8.46
36635 1658401939 0 3 2.824 4.979
36636 1658401939 0 1 4.562
36637 1658401939 0 0 24.62 8.23 108.8 67.55 133.1 8.58 15.0 0.0 325.7 10.29 46.02 0.9
36638 1658401939 0 7 $GNGGA,111217.000,4424.44356,N,00854.98742,E,1,12,0.9,-2.4,M,44.7,M,,*6E
36639 1658401941 0 4 2.723 1.616
36640 1658401941 0 5 0.45
36641 1658401941 0 6 0.09
36642 1658401941 0 8 4.994 9.125 8.46
36643 1658401942 0 3 2.824 4.979
36644 1658401942 0 7 $GNGGA,111220.000,4424.44354,N,00854.98752,E,1,12,0.9,-2.5,M,44.7,M,,*68
36645 1658401943 0 7 $GNGGA,111222.000,4424.44353,N,00854.98758,E,1,12,0.9,-2.6,M,44.7,M,,*64
36646 1658401944 0 0 24.45 8.23 109.0 67.40 133.1 8.61 15.0 0.0 320.1 10.45 45.91 0.9
36647 1658401944 0 4 2.721 1.616
36648 1658401944 0 5 0.46
36649 1658401944 0 6 0.09
36650 1658401945 0 8 4.994 9.096 8.46
36651 1658401945 0 3 2.824 4.979
36652 1658401945 0 1 5.477
36653 1658401945 0 0 24.45 8.23 109.0 67.39 133.1 8.61 14.9 0.0 313.8 10.50 45.90 0.9
36654 1658401945 0 7 $GNGGA,111223.000,4424.44353,N,00854.98761,E,1,12,0.9,-2.6,M,44.7,M,,*6F
36655 1658401947 0 4 2.721 1.619
36656 1658401947 0 5 0.45
36657 1658401947 0 6 0.09
36658 1658401947 0 8 4.994 9.106 8.46
36659 1658401948 0 3 2.825 4.979
36660 1658401948 0 1 4.753
36661 1658401948 0 0 24.37 8.23 109.1 67.45 133.1 8.62 14.9 0.0 311.9 10.50 45.95 0.9
36662 1658401948 0 7 $GNGGA,111226.000,4424.44352,N,00854.98768,E,1,12,0.9,-2.6,M,44.7,M,,*62
36663 1658401950 0 4 2.721 1.616
36664 1658401950 0 5 0.44
36665 1658401950 0 6 0.09
36666 1658401950 0 8 4.994 9.106 8.46
36667 1658401951 0 3 2.825 4.979
36668 1658401951 0 1 5.846
36669 1658401951 0 0 24.34 8.23 109.1 67.33 133.1 8.63 14.9 0.0 307.5 10.47 45.85 0.9
36670 1658401951 0 7 $GNGGA,111229.000,4424.44348,N,00854.98774,E,1,12,0.9,-2.7,M,44.7,M,,*6A
36671 1658401953 0 4 2.721 1.616
36672 1658401953 0 5 0.44
36673 1658401953 0 6 0.09
36674 1658401953 0 8 4.994 9.096 8.46
36675 1658401954 0 3 2.825 4.979
36676 1658401954 0 1 5.128
36677 1658401954 0 0 24.34 8.23 109.2 67.47 133.1 8.63 14.9 0.0 302.7 10.44 45.96 0.9
36678 1658401954 0 7 $GNGGA,111232.000,4424.44346,N,00854.98780,E,1,12,0.9,-2.7,M,44.7,M,,*65
36679 1658401956 0 4 2.721 1.619
36680 1658401956 0 5 0.43
36681 1658401956 0 6 0.09
36682 1658401957 0 8 4.994 9.134 8.46
36683 1658401957 0 3 2.826 4.979
36684 1658401957 0 1 5.546
36685 1658401957 0 0 24.35 8.23 109.2 67.39 133.1 8.63 14.8 0.0 298.5 10.47 45.90 0.9
36686 1658401957 0 7 $GNGGA,111235.000,4424.44343,N,00854.98784,E,1,12,0.9,-2.8,M,44.7,M,,*6C
36687 1658401959 0 4 2.720 1.619
36688 1658401959 0 5 0.43
36689 1658401959 0 6 0.09
36690 1658401959 0 8 4.994 9.077 8.46
36691 1658401960 0 3 2.826 4.979
36692 1658401960 0 1 4.851
36693 1658401960 0 0 24.37 8.23 109.3 67.42 133.1 8.63 14.8 0.0 294.8 10.49 45.93 0.9
36694 1658401960 0 7 $GNGGA,111238.000,4424.44340,N,00854.98789,E,1,12,0.9,-2.8,M,44.7,M,,*6F
36695 1658401962 0 4 2.721 1.619
36696 1658401962 0 5 0.43
36697 1658401962 0 6 0.09
36698 1658401962 0 8 4.994 9.049 8.46
36699 1658401963 0 3 2.826 4.979
36700 1658401963 0 1 4.895
36701 1658401963 0 0 24.38 8.23 109.4 67.34 133.2 8.63 14.8 0.0 289.2 10.47 45.86 0.9
36702 1658401963 0 7 $GNGGA,111241.000,4424.44340,N,00854.98794,E,1,12,0.9,-2.9,M,44.7,M,,*6C
36703 1658401965 0 4 2.721 1.619
36704 1658401965 0 5 0.42
36705 1658401965 0 6 0.09
36706 1658401965 0 8 4.994 9.087 8.44
36707 1658401966 0 3 2.827 4.979
36708 1658401966 0 1 4.894
36709 1658401966 0 0 24.39 8.23 109.4 67.34 133.3 8.64 14.8 0.0 285.8 10.45 45.86 0.9
36710 1658401966 0 7 $GNGGA,111244.000,4424.44338,N,00854.98795,E,1,12,0.9,-3.0,M,44.7,M,,*6F
36711 1658401968 0 4 2.721 1.619
36712 1658401968 0 5 0.42
36713 1658401968 0 6 0.09
36714 1658401968 0 8 4.994 9.087 8.44
36715 1658401969 0 3 2.828 4.979
36716 1658401969 0 1 4.709
36717 1658401969 0 0 24.41 8.23 109.5 67.36 133.3 8.63 14.7 0.0 280.9 10.47 45.88 0.9
36718 1658401969 0 7 $GNGGA,111247.000,4424.44337,N,00854.98794,E,1,12,1.0,-3.0,M,44.7,M,,*6A
36719 1658401971 0 4 2.719 1.621
36720 1658401971 0 5 0.42
36721 1658401971 0 6 0.08
36722 1658401971 0 8 4.994 9.068 8.46
36723 1658401972 0 3 2.829 4.979
36724 1658401972 0 7 $GNGGA,111250.000,4424.44335,N,00854.98798,E,1,12,1.0,-3.0,M,44.7,M,,*62
36725 1658401973 0 7 $GNGGA,111252.000,4424.44335,N,00854.98800,E,1,12,1.0,-3.0,M,44.7,M,,*6E
36726 1658401974 0 0 24.42 8.23 109.6 67.39 133.3 8.63 14.7 0.0 277.8 10.48 45.90 0.9
36727 1658401974 0 4 2.720 1.621
36728 1658401974 0 5 0.41
36729 1658401974 0 6 0.08
36730 1658401974 0 8 4.994 9.068 8.46
36731 1658401975 0 3 2.829 4.979
36732 1658401975 0 1 4.745
36733 1658401975 0 0 24.46 8.23 109.6 67.43 133.4 8.63 14.7 0.0 273.3 10.27 45.93 0.9
36734 1658401975 0 7 $GNGGA,111253.000,4424.44334,N,00854.98801,E,1,12,1.0,-3.0,M,44.7,M,,*6F
36735 1658401977 0 4 2.718 1.624
36736 1658401977 0 5 0.41
36737 1658401977 0 6 0.08
36738 1658401977 0 8 4.994 9.068 8.46
36739 1658401978 0 3 2.829 4.979
36740 1658401978 0 1 5.078
36741 1658401978 0 0 24.54 8.23 109.7 67.34 133.5 8.62 14.6 0.0 265.7 9.60 45.86 0.9
36742 1658401978 0 7 $GNGGA,111256.000,4424.44333,N,00854.98803,E,1,12,1.0,-3.1,M,44.7,M,,*6E
36743 1658401980 0 4 2.719 1.624
36744 1658401980 0 5 0.41
36745 1658401980 0 6 0.08
36746 1658401980 0 8 4.994 9.077 8.46
36747 1658401981 0 3 2.829 4.979
36748 1658401981 0 1 5.202
36749 1658401981 0 0 24.63 8.23 109.7 67.42 133.5 8.61 14.6 0.0 261.0 8.76 45.92 0.9
36750 1658401981 0 7 $GNGGA,111259.000,4424.44332,N,00854.98806,E,1,12,1.0,-3.1,M,44.7,M,,*65
36751 1658401983 0 4 2.718 1.621
36752 1658401983 0 5 0.41
36753 1658401983 0 6 0.08
36754 1658401983 0 8 4.994 9.059 8.44
36755 1658401984 0 3 2.829 4.979
36756 1658401984 0 1 5.303
36757 1658401984 0 0 24.73 8.23 109.7 67.39 133.5 8.60 14.5 0.0 256.5 7.88 45.90 0.9
36758 1658401984 0 7 $GNGGA,111302.000,4424.44333,N,00854.98810,E,1,12,1.0,-3.0,M,44.7,M,,*6D
36759 1658401986 0 4 2.717 1.621
36760 1658401986 0 5 0.40
36761 1658401986 0 6 0.08
36762 1658401986 0 8 4.994 9.068 8.44
36763 1658401987 0 3 2.829 4.979
36764 1658401987 0 1 5.578
36765 1658401987 0 0 24.84 8.23 109.8 67.31 133.6 8.59 14.5 0.0 251.1 6.89 45.83 0.9
36766 1658401987 0 7 $GNGGA,111305.000,4424.44334,N,00854.98815,E,1,12,1.0,-3.0,M,44.7,M,,*68
36767 1658401989 0 4 2.715 1.621
36768 1658401989 0 5 0.40
36769 1658401989 0 6 0.08
36770 1658401989 0 8 4.994 9.068 8.44
36771 1658401990 0 3 2.826 4.979
36772 1658401990 0 1 5.673
36773 1658401990 0 0 24.99 8.23 109.8 67.47 133.6 8.57 14.5 0.0 245.8 5.80 45.95 0.9
36774 1658401993 0 5 0.40
36775 1658401993 0 6 0.08
36776 1658401993 0 8 4.994 9.059 8.44
36777 1658401993 0 3 2.825 4.979
36778 1658401993 0 1 4.503
36779 1658401994 0 0 25.15 8.23 109.7 67.49 133.7 8.55 14.4 0.0 240.5 4.80 45.96 0.9
36780 1658401994 0 7 $GNGGA,111308.000,4424.44333,N,00854.98820,E,1,12,1.0,-2.9,M,44.7,M,,*6C
36781 1658401995 0 4 2.713 1.624
36782 1658401995 0 5 0.40
36783 1658401995 0 6 0.08
36784 1658401995 0 8 4.994 9.030 8.44
36785 1658401996 0 3 2.821 4.979
36786 1658401996 0 1 4.357
36787 1658401996 0 0 25.30 8.23 109.6 67.38 133.8 8.54 14.4 0.0 236.7 4.00 45.87 1.0
36788 1658401996 0 7 $GNGGA,111314.000,4424.44322,N,00854.98828,E,1,11,1.0,-3.1,M,44.7,M,,*63
36789 1658401998 0 4 2.711 1.621
36790 1658401998 0 5 0.40
36791 1658401998 0 6 0.08
36792 1658401998 0 8 4.994 9.011 8.44
36793 1658401999 0 3 2.810 4.979
36794 1658401999 0 1 3.719
36795 1658401999 0 0 25.58 8.23 109.5 67.35 133.9 8.51 14.3 0.0 229.0 3.18 45.84 1.0
36796 1658401999 0 7 $GNGGA,111317.000,4424.44316,N,00854.98830,E,1,11,1.0,-3.1,M,44.7,M,,*6E
36797 1658402001 0 4 2.707 1.621
36798 1658402001 0 5 0.40
36799 1658402001 0 6 0.08
36800 1658402001 0 8 4.994 8.983 8.44
36801 1658402002 0 3 2.789 4.979
36802 1658402002 0 7 $GNGGA,111320.000,4424.44313,N,00854.98833,E,1,12,1.0,-3.2,M,44.7,M,,*6C
36803 1658402003 0 7 $GNGGA,111322.000,4424.44311,N,00854.98833,E,1,12,1.0,-3.2,M,44.7,M,,*6C
36804 1658402004 0 0 25.83 8.23 109.5 67.49 134.1 8.48 14.2 0.0 217.6 2.20 45.95 1.0
36805 1658402004 0 4 2.680 1.619
36806 1658402004 0 5 0.40
36807 1658402004 0 6 0.08
36808 1658402005 0 8 4.994 9.049 8.44
36809 1658402005 0 3 2.662 4.979
36810 1658402005 0 1 2.466
36811 1658402005 0 0 26.26 8.23 109.5 67.39 134.3 8.44 14.1 0.0 214.6 1.42 45.86 1.0
36812 1658402005 0 7 $GNGGA,111323.000,4424.44310,N,00854.98832,E,1,12,1.0,-3.2,M,44.7,M,,*6D
36813 1658402007 0 4 2.628 1.616
36814 1658402007 0 5 0.40
36815 1658402007 0 6 0.08
36816 1658402007 0 8 4.994 9.068 8.44
36817 1658402008 0 3 2.629 4.979
36818 1658402008 0 1 1.414
36819 1658402008 0 0 26.49 8.23 109.4 67.57 134.5 8.41 14.1 0.0 217.3 1.08 45.99 1.0
36820 1658402008 0 7 $GNGGA,111326.000,4424.44317,N,00854.98834,E,1,12,1.0,-3.1,M,44.7,M,,*6A
36821 1658402010 0 4 2.598 1.606
36822 1658402010 0 5 0.40
36823 1658402010 0 6 0.08
36824 1658402010 0 8 4.994 9.087 8.44
36825 1658402011 0 3 2.618 4.979
36826 1658402011 0 1 1.122
36827 1658402011 0 0 26.56 8.23 109.2 67.54 134.6 8.41 14.2 0.0 216.6 0.93 45.96 1.0
36828 1658402011 0 7 $GNGGA,111329.000,4424.44327,N,00854.98833,E,1,12,1.0,-3.0,M,44.7,M,,*60
36829 1658402013 0 4 2.598 1.601
36830 1658402013 0 5 0.40
36831 1658402013 0 6 0.08
36833 1658402014 0 3 2.617 4.979
36834 1658402014 0 1 1.081
36835 1658402014 0 0 26.63 8.22 109.2 67.56 134.9 8.42 14.2 0.0 219.0 0.92 45.97 1.0
36836 1658402014 0 7 $GNGGA,111332.000,4424.44323,N,00854.98833,E,1,12,1.0,-3.0,M,44.7,M,,*6E
36837 1658402016 0 4 2.596 1.586
36838 1658402016 0 5 0.40
36841 1658402017 0 3 2.617 4.979
36842 1658402017 0 1 1.010
36843 1658402017 0 0 26.63 8.23 109.2 67.56 135.2 8.44 14.3 0.0 221.3 0.89 45.98 1.0
36844 1658402017 0 7 $GNGGA,111335.000,4424.44322,N,00854.98833,E,1,12,1.0,-2.9,M,44.7,M,,*60
36845 1658402019 0 4 2.593 1.556
36846 1658402019 0 5 0.40
36847 1658402019 0 6 0.09
36848 1658402019 0 8 4.994 9.049 8.42
36849 1658402020 0 3 2.616 4.979
36850 1658402020 0 1 0.934
36851 1658402020 0 0 26.69 8.22 109.0 67.60 135.5 8.44 14.2 0.0 221.2 0.89 46.01 1.0
36852 1658402020 0 7 $GNGGA,111338.000,4424.44319,N,00854.98838,E,1,12,1.0,-2.9,M,44.7,M,,*6E
36853 1658402022 0 4 2.596 1.547
36854 1658402022 0 5 0.41
36855 1658402022 0 6 0.09
36856 1658402022 0 8 4.994 9.040 8.42
36857 1658402023 0 3 2.617 4.979
36858 1658402023 0 1 1.040
36859 1658402023 0 0 26.74 8.22 109.1 67.64 135.7 8.45 14.3 0.0 222.3 0.89 46.03 1.0
36860 1658402023 0 7 $GNGGA,111341.000,4424.44318,N,00854.98845,E,1,12,1.0,-2.8,M,44.7,M,,*6A
36861 1658402025 0 4 2.600 1.546
36862 1658402025 0 5 0.41
36863 1658402025 0 6 0.09
36864 1658402025 0 8 4.994 9.049 8.42
36865 1658402026 0 3 2.617 4.979
36866 1658402026 0 1 1.020
36867 1658402026 0 0 26.74 8.22 109.0 67.62 136.0 8.47 14.3 0.0 224.0 0.91 46.02 1.0
36868 1658402026 0 7 $GNGGA,111344.000,4424.44321,N,00854.98851,E,1,12,1.0,-2.7,M,44.7,M,,*6F
36869 1658402028 0 4 2.600 1.547
36870 1658402028 0 5 0.41
36871 1658402028 0 6 0.09
36872 1658402028 0 8 4.994 9.059 8.40
36873 1658402029 0 3 2.618 4.979
36874 1658402029 0 1 1.010
36875 1658402029 0 0 26.74 8.22 109.0 67.62 136.3 8.49 14.3 0.0 226.2 0.93 46.02 1.0
36876 1658402029 0 7 $GNGGA,111347.000,4424.44324,N,00854.98856,E,1,12,1.0,-2.6,M,44.7,M,,*6F
36877 1658402031 0 4 2.596 1.547
36878 1658402031 0 5 0.41
36879 1658402031 0 6 0.09
36880 1658402031 0 8 4.994 9.040 8.44
36881 1658402032 0 7 $GNGGA,111350.000,4424.44325,N,00854.98863,E,1,12,1.0,-2.5,M,44.7,M,,*6D
