/home/danielacabiddu/Devel/src/MATRAC/test/tuttomatrac/data/porto_grid.mesh
41108 1658403439 0 4 2.637 1.650
41109 1658403439 0 5 0.37
41110 1658403439 0 6 0.09
41111 1658403439 0 8 4.994 6.951 6.65
41112 1658403439 0 7 $GNGGA,113718.000,4424.37489,N,00854.79454,E,1,12,0.8,-0.4,M,44.7,M,,*6F
41113 1658403439 0 0 26.86 8.22 93.0 67.72 139.5 8.67 14.6 0.0 218.0 1.16 46.09 1.1
41114 1658403440 0 7 $GNGGA,113719.000,4424.37481,N,00854.79462,E,1,12,0.8,-0.3,M,44.7,M,,*64
41115 1658403441 0 7 $GNGGA,113720.000,4424.37468,N,00854.79469,E,1,12,0.8,-0.3,M,44.7,M,,*62
41116 1658403441 0 3 2.649 4.980
41117 1658403442 0 4 2.636 1.550
41118 1658403442 0 5 0.37
41119 1658403442 0 6 0.09
41120 1658403442 0 8 4.994 6.942 6.63
41121 1658403442 0 7 $GNGGA,113721.000,4424.37459,N,00854.79477,E,1,12,0.8,-0.3,M,44.7,M,,*6E
41122 1658403443 0 7 $GNGGA,113722.000,4424.37450,N,00854.79485,E,1,12,0.8,-0.3,M,44.7,M,,*69
41123 1658403444 0 0 26.93 8.22 93.1 67.78 139.6 8.66 14.6 0.0 218.6 1.15 46.14 1.1
41124 1658403444 0 7 $GNGGA,113723.000,4424.37440,N,00854.79491,E,1,12,0.8,-0.3,M,44.7,M,,*6C
41125 1658403444 0 3 2.650 4.980
41126 1658403445 0 4 2.639 1.607
41127 1658403445 0 5 0.37
41128 1658403445 0 6 0.09
41129 1658403445 0 8 4.994 6.942 6.65
41130 1658403445 0 7 $GNGGA,113724.000,4424.37426,N,00854.79498,E,1,12,0.8,-0.3,M,44.7,M,,*62
41131 1658403445 0 0 27.01 8.22 93.1 67.64 139.6 8.65 14.6 0.0 218.1 1.14 46.03 1.1
41132 1658403446 0 7 $GNGGA,113725.000,4424.37415,N,00854.79503,E,1,12,0.8,-0.3,M,44.7,M,,*60
41133 1658403447 0 7 $GNGGA,113726.000,4424.37403,N,00854.79508,E,1,12,0.8,-0.3,M,44.7,M,,*6F
41135 1658403448 0 4 2.638 1.550
41136 1658403448 0 5 0.38
41137 1658403448 0 6 0.09
41138 1658403448 0 8 4.994 6.932 6.63
41139 1658403448 0 7 $GNGGA,113727.000,4424.37392,N,00854.79510,E,1,12,0.8,-0.3,M,44.7,M,,*68
41140 1658403448 0 0 27.18 8.22 93.1 67.50 139.6 8.64 14.6 0.0 218.2 1.15 45.91 1.1
41141 1658403449 0 7 $GNGGA,113728.000,4424.37383,N,00854.79515,E,1,12,0.8,-0.3,M,44.7,M,,*62
41142 1658403450 0 7 $GNGGA,113729.000,4424.37371,N,00854.79523,E,1,12,0.8,-0.2,M,44.7,M,,*6A
41143 1658403450 0 3 2.651 4.980
41148 1658403451 0 7 $GNGGA,113730.000,4424.37361,N,00854.79528,E,1,12,0.8,-0.2,M,44.7,M,,*68
41149 1658403451 0 0 27.22 8.22 93.0 67.62 139.6 8.63 14.6 0.0 219.0 1.13 46.00 1.1
41150 1658403452 0 7 $GNGGA,113731.000,4424.37349,N,00854.79534,E,1,12,0.8,-0.2,M,44.7,M,,*6E
41151 1658403453 0 7 $GNGGA,113732.000,4424.37319,N,00854.79508,E,1,12,0.8,0.2,M,44.7,M,,*4A
41152 1658403453 0 3 2.653 4.980
41153 1658403453 0 4 2.642 1.545
41154 1658403454 0 5 0.38
41155 1658403454 0 6 0.09
41156 1658403454 0 8 4.994 6.885 6.63
41157 1658403454 0 7 $GNGGA,113733.000,4424.37282,N,00854.79483,E,1,12,0.8,0.6,M,44.7,M,,*4E
41158 1658403454 0 0 27.25 8.22 92.9 67.64 139.9 8.64 14.6 0.0 222.2 1.17 46.02 1.1
41159 1658403455 0 7 $GNGGA,113734.000,4424.37244,N,00854.79465,E,1,12,0.8,0.7,M,44.7,M,,*4A
41160 1658403456 0 7 $GNGGA,113735.000,4424.37236,N,00854.79463,E,1,12,0.8,0.8,M,44.7,M,,*47
41161 1658403456 0 3 2.651 4.980
41162 1658403456 0 4 2.636 1.535
41163 1658403457 0 5 0.38
41164 1658403457 0 6 0.09
41165 1658403457 0 8 4.994 6.866 6.60
41166 1658403457 0 7 $GNGGA,113736.000,4424.37224,N,00854.79466,E,1,12,0.8,0.8,M,44.7,M,,*42
41167 1658403457 0 0 27.30 8.22 92.9 67.60 139.8 8.63 14.6 0.0 223.5 1.13 45.99 1.1
41168 1658403458 0 7 $GNGGA,113737.000,4424.37215,N,00854.79470,E,1,12,0.8,0.8,M,44.7,M,,*46
41169 1658403459 0 7 $GNGGA,113738.000,4424.37202,N,00854.79474,E,1,12,0.8,0.8,M,44.7,M,,*4B
41170 1658403459 0 3 2.653 4.980
41171 1658403459 0 4 2.627 1.532
41172 1658403460 0 5 0.39
41173 1658403460 0 6 0.09
41174 1658403460 0 8 4.994 6.790 6.60
41175 1658403460 0 7 $GNGGA,113739.000,4424.37192,N,00854.79480,E,1,12,0.8,0.8,M,44.7,M,,*4B
41176 1658403460 0 0 27.37 8.22 92.9 67.55 139.9 8.63 14.6 0.0 224.4 1.15 45.94 1.1
41177 1658403461 0 7 $GNGGA,113740.000,4424.37180,N,00854.79484,E,1,12,0.8,0.8,M,44.7,M,,*42
41178 1658403462 0 7 $GNGGA,113741.000,4424.37171,N,00854.79485,E,1,12,0.8,0.9,M,44.7,M,,*4D
41179 1658403462 0 3 2.651 4.980
41180 1658403462 0 4 2.620 1.532
41181 1658403463 0 5 0.39
41187 1658403465 0 7 $GNGGA,113744.000,4424.37133,N,00854.79497,E,1,12,0.8,0.9,M,44.7,M,,*4D
41189 1658403465 0 4 2.630 1.535
41192 1658403466 0 8 4.994 6.828 6.60
41193 1658403466 0 7 $GNGGA,113745.000,4424.37121,N,00854.79499,E,1,12,0.8,1.0,M,44.7,M,,*49
41194 1658403466 0 0 27.14 8.22 92.9 67.75 139.8 8.64 14.8 0.0 235.4 1.10 46.11 1.1
41197 1658403468 0 3 2.655 4.973
41198 1658403468 0 4 2.596 1.528
41204 1658403470 0 7 $GNGGA,113749.000,4424.37074,N,00854.79516,E,1,12,0.8,1.2,M,44.7,M,,*40
41205 1658403471 0 7 $GNGGA,113750.000,4424.37063,N,00854.79522,E,1,12,0.8,1.2,M,44.7,M,,*49
41206 1658403471 0 3 2.601 4.980
41207 1658403471 0 4 2.545 1.555
41208 1658403472 0 5 0.41
41209 1658403472 0 6 0.10
41213 1658403474 0 0 27.05 8.22 92.9 24.21 139.6 10.31 14.7 0.0 233.5 0.40 14.64 1.1
41214 1658403474 0 7 $GNGGA,113753.000,4424.37022,N,00854.79538,E,1,12,0.8,1.3,M,44.7,M,,*45
41215 1658403474 0 3 2.600 4.980
41220 1658403475 0 7 $GNGGA,113754.000,4424.37009,N,00854.79541,E,1,12,0.8,1.3,M,44.7,M,,*45
41221 1658403475 0 0 27.01 8.11 99.4 0.095 139.5 11.19 10.1 0.0 72.8 0.41 0.04 0.8
41224 1658403477 0 3 2.600 4.980
41225 1658403477 0 4 2.519 1.532
41232 1658403480 0 7 $GNGGA,113759.000,4424.36950,N,00854.79545,E,1,12,0.8,1.5,M,44.7,M,,*4E
41233 1658403480 0 3 2.601 4.980
41235 1658403481 0 5 0.42
41236 1658403481 0 6 0.10
41237 1658403481 0 8 4.994 6.866 6.60
41238 1658403481 0 7 $GNGGA,113800.000,4424.36941,N,00854.79546,E,1,12,0.8,1.5,M,44.7,M,,*4E
41241 1658403483 0 7 $GNGGA,113802.000,4424.36924,N,00854.79549,E,1,12,0.8,1.6,M,44.7,M,,*43
41242 1658403483 0 3 2.601 4.980
41248 1658403484 0 0 26.70 8.21 89.1 0.051 138.7 11.19 4.0 0.0 29.0 0.41 0.03 0.4
41249 1658403485 0 7 $GNGGA,113804.000,4424.36912,N,00854.79542,E,1,12,0.8,1.6,M,44.7,M,,*4B
41251 1658403486 0 3 2.601 4.980
41252 1658403486 0 4 2.506 1.492
41254 1658403487 0 6 0.11
41259 1658403489 0 7 $GNGGA,113808.000,4424.36825,N,00854.79478,E,1,12,0.8,2.0,M,44.7,M,,*4F
41260 1658403489 0 3 2.601 4.980
41264 1658403490 0 8 4.994 6.743 6.56
41265 1658403490 0 7 $GNGGA,113809.000,4424.36791,N,00854.79475,E,1,12,0.8,2.0,M,44.7,M,,*43
41268 1658403492 0 7 $GNGGA,113811.000,4424.36706,N,00854.79440,E,1,12,0.8,1.7,M,44.7,M,,*46
41269 1658403492 0 3 2.600 4.980
41276 1658403494 0 7 $GNGGA,113813.000,4424.36690,N,00854.79434,E,1,12,0.8,1.7,M,44.7,M,,*49
41277 1658403495 0 7 $GNGGA,113814.000,4424.36678,N,00854.79426,E,1,12,0.8,1.7,M,44.7,M,,*4B
41278 1658403495 0 3 2.600 4.980
41279 1658403495 0 4 2.464 1.492
41281 1658403496 0 6 0.12
41282 1658403496 0 8 4.994 6.733 6.56
41286 1658403498 0 7 $GNGGA,113817.000,4424.36465,N,00854.79376,E,1,12,0.8,2.2,M,44.7,M,,*42
41287 1658403498 0 3 2.600 4.981
41292 1658403499 0 7 $GNGGA,113818.000,4424.36405,N,00854.79375,E,1,12,0.8,1.7,M,44.7,M,,*4E
41293 1658403499 0 0 26.57 8.12 96.6 0.033 136.6 11.05 4.0 0.0 28.2 0.41 0.02 0.3
41296 1658403501 0 3 2.601 4.980
41303 1658403504 0 0 26.56 8.13 96.7 0.032 136.3 11.03 3.9 0.0 28.0 0.41 0.02 0.3
41305 1658403504 0 3 2.601 4.981
41307 1658403505 0 5 0.43
41308 1658403505 0 6 0.11
41309 1658403505 0 8 4.994 6.970 6.56
41313 1658403507 0 7 $GNGGA,113826.000,4424.35628,N,00854.79475,E,1,12,0.8,2.4,M,44.7,M,,*4A
41314 1658403507 0 3 2.581 4.938
41320 1658403508 0 0 26.55 8.12 97.8 0.029 135.8 10.99 5.1 0.0 26.7 0.41 0.02 0.4
41321 1658403509 0 7 $GNGGA,113828.000,4424.35489,N,00854.79639,E,1,12,0.8,2.6,M,44.7,M,,*45
41323 1658403510 0 3 2.600 4.980
41331 1658403513 0 7 $GNGGA,113832.000,4424.35175,N,00854.79948,E,1,12,0.8,3.2,M,44.7,M,,*44
41332 1658403513 0 3 2.600 4.980
41335 1658403514 0 6 0.11
41336 1658403514 0 8 4.994 6.961 6.56
41337 1658403514 0 7 $GNGGA,113833.000,4424.35100,N,00854.80050,E,1,12,0.8,3.3,M,44.7,M,,*40
41340 1658403516 0 7 $GNGGA,113835.000,4424.34995,N,00854.80278,E,1,12,0.8,4.0,M,44.7,M,,*4F
41342 1658403516 0 4 2.495 1.475
41348 1658403518 0 7 $GNGGA,113837.000,4424.34938,N,00854.80509,E,1,12,0.8,4.1,M,44.7,M,,*4A
41350 1658403519 0 3 2.600 4.980
41351 1658403519 0 4 2.496 1.472
41352 1658403520 0 5 0.44
41353 1658403520 0 6 0.11
41358 1658403522 0 7 $GNGGA,113841.000,4424.34849,N,00854.81009,E,1,12,0.8,3.7,M,44.7,M,,*49
41359 1658403522 0 3 2.600 4.980
41364 1658403523 0 7 $GNGGA,113842.000,4424.34824,N,00854.81154,E,1,12,0.8,3.3,M,44.7,M,,*4C
41365 1658403523 0 0 26.36 7.88 111.2 0.026 134.8 10.95 4.0 0.0 16.0 0.41 0.02 0.1
41368 1658403525 0 3 2.600 4.980
41369 1658403525 0 4 2.496 1.385
41376 1658403528 0 7 $GNGGA,113847.000,4424.34671,N,00854.81866,E,1,12,0.8,1.4,M,44.7,M,,*4A
41377 1658403528 0 3 2.600 4.980
41378 1658403528 0 4 2.496 1.398
41379 1658403529 0 5 0.44
41380 1658403529 0 6 0.11
41381 1658403529 0 8 4.994 6.961 6.56
41385 1658403531 0 7 $GNGGA,113850.000,4424.34665,N,00854.82397,E,1,12,0.8,1.5,M,44.7,M,,*4E
41386 1658403531 0 3 2.600 4.980
41391 1658403532 0 7 $GNGGA,113851.000,4424.34646,N,00854.82569,E,1,12,0.8,1.6,M,44.7,M,,*4A
41392 1658403533 0 7 $GNGGA,113852.000,4424.34635,N,00854.82735,E,1,12,0.8,1.5,M,44.7,M,,*45
41395 1658403534 0 3 2.600 4.980
41397 1658403535 0 5 0.44
41402 1658403536 0 7 $GNGGA,113855.000,4424.34587,N,00854.83257,E,1,12,0.8,1.2,M,44.7,M,,*4F
41403 1658403537 0 7 $GNGGA,113856.000,4424.34559,N,00854.83419,E,1,12,0.8,1.6,M,44.7,M,,*47
41404 1658403537 0 3 2.600 4.980
41406 1658403538 0 5 0.45
41407 1658403538 0 6 0.11
41408 1658403538 0 8 4.994 6.961 6.54
41412 1658403540 0 7 $GNGGA,113859.000,4424.34527,N,00854.83984,E,1,12,0.8,2.3,M,44.7,M,,*4E
41419 1658403541 0 0 26.27 7.42 144.4 0.023 133.6 10.87 3.2 0.0 13.0 0.40 0.01 0.0
41422 1658403543 0 3 2.600 4.980
41423 1658403543 0 4 2.494 1.397
41425 1658403544 0 6 0.12
41430 1658403546 0 7 $GNGGA,113905.000,4424.34412,N,00854.85219,E,1,12,0.8,2.5,M,44.7,M,,*4E
41432 1658403546 0 4 2.494 1.395
41433 1658403547 0 5 0.47
41440 1658403549 0 3 2.608 4.980
41447 1658403551 0 7 $GNGGA,113910.000,4424.34313,N,00854.86294,E,1,12,0.8,1.8,M,44.7,M,,*44
41448 1658403552 0 7 $GNGGA,113911.000,4424.34272,N,00854.86507,E,1,12,0.8,1.9,M,44.7,M,,*4F
41450 1658403552 0 4 2.494 1.395
41451 1658403553 0 5 0.47
41452 1658403553 0 6 0.12
41457 1658403555 0 7 $GNGGA,113914.000,4424.34153,N,00854.87126,E,1,12,0.8,1.5,M,44.7,M,,*40
41460 1658403556 0 5 0.46
41461 1658403556 0 6 0.12
41462 1658403556 0 8 4.994 6.989 6.47
41463 1658403556 0 7 $GNGGA,113915.000,4424.34109,N,00854.87330,E,1,12,0.8,1.3,M,44.7,M,,*4D
41464 1658403556 0 0 26.20 7.30 157.3 0.022 132.5 10.80 3.4 0.0 13.0 0.41 0.01 0.0
41465 1658403557 0 7 $GNGGA,113916.000,4424.34058,N,00854.87537,E,1,12,0.8,1.3,M,44.7,M,,*4A
41466 1658403558 0 7 $GNGGA,113917.000,4424.33991,N,00854.87755,E,1,12,0.8,1.5,M,44.7,M,,*40
41467 1658403558 0 3 2.561 4.958
41468 1658403558 0 4 2.495 1.395
41469 1658403559 0 5 0.46
41470 1658403559 0 6 0.12
41471 1658403559 0 8 4.994 6.942 6.49
41472 1658403559 0 7 $GNGGA,113918.000,4424.33948,N,00854.87958,E,1,12,0.8,1.6,M,44.7,M,,*4B
41473 1658403559 0 0 26.20 7.29 159.1 0.021 131.9 10.74 3.4 0.0 12.7 0.41 0.01 0.0
41474 1658403560 0 7 $GNGGA,113919.000,4424.33911,N,00854.88172,E,1,12,0.8,1.9,M,44.7,M,,*46
41475 1658403561 0 7 $GNGGA,113920.000,4424.33868,N,00854.88394,E,1,12,0.8,2.0,M,44.7,M,,*43
41476 1658403561 0 3 2.601 4.980
41477 1658403561 0 4 2.494 1.395
41478 1658403562 0 5 0.48
41479 1658403562 0 6 0.14
41480 1658403562 0 8 4.994 6.989 6.49
41481 1658403562 0 7 $GNGGA,113921.000,4424.33813,N,00854.88610,E,1,12,0.8,2.1,M,44.7,M,,*46
41482 1658403563 0 7 $GNGGA,113922.000,4424.33749,N,00854.88818,E,1,12,0.8,1.6,M,44.7,M,,*47
41483 1658403564 0 0 26.20 7.28 161.1 0.021 131.6 10.72 3.9 0.0 14.7 0.41 0.01 0.0
41484 1658403564 0 7 $GNGGA,113923.000,4424.33703,N,00854.89027,E,1,12,0.8,1.1,M,44.7,M,,*4A
41485 1658403564 0 3 2.600 4.980
41486 1658403564 0 4 2.493 1.392
41487 1658403565 0 5 0.48
41488 1658403565 0 6 0.13
41489 1658403565 0 8 4.994 6.989 6.47
41490 1658403565 0 7 $GNGGA,113924.000,4424.33645,N,00854.89240,E,1,12,0.8,0.9,M,44.7,M,,*44
41491 1658403565 0 0 26.21 7.26 163.6 0.021 131.3 10.69 3.3 0.0 12.1 0.41 0.01 0.0
41492 1658403566 0 7 $GNGGA,113925.000,4424.33589,N,00854.89446,E,1,12,0.8,0.7,M,44.7,M,,*48
41493 1658403567 0 7 $GNGGA,113926.000,4424.33513,N,00854.89642,E,1,12,0.8,0.2,M,44.7,M,,*4B
41494 1658403567 0 3 2.600 4.981
41495 1658403567 0 4 2.494 1.392
41496 1658403568 0 5 0.48
41497 1658403568 0 6 0.14
41498 1658403568 0 8 4.994 6.961 6.47
41499 1658403568 0 7 $GNGGA,113927.000,4424.33457,N,00854.89862,E,1,12,0.8,0.6,M,44.7,M,,*43
41500 1658403568 0 0 26.24 7.25 166.1 0.020 131.0 10.66 3.6 0.0 12.9 0.41 0.01 0.0
41501 1658403569 0 7 $GNGGA,113928.000,4424.33406,N,00854.90089,E,1,12,0.8,0.5,M,44.7,M,,*4E
41502 1658403570 0 7 $GNGGA,113929.000,4424.33362,N,00854.90319,E,1,12,0.8,0.4,M,44.7,M,,*41
41503 1658403570 0 3 2.601 4.980
41504 1658403570 0 4 2.494 1.395
41505 1658403571 0 5 0.49
41506 1658403571 0 6 0.15
41507 1658403571 0 8 4.994 6.980 6.51
41508 1658403571 0 7 $GNGGA,113930.000,4424.33319,N,00854.90545,E,1,12,0.8,0.5,M,44.7,M,,*4B
41509 1658403571 0 0 26.27 7.25 165.8 0.020 130.7 10.64 3.5 0.0 11.7 0.40 0.01 0.0
41510 1658403572 0 7 $GNGGA,113931.000,4424.33258,N,00854.90755,E,1,12,0.8,0.3,M,44.7,M,,*4B
41511 1658403573 0 7 $GNGGA,113932.000,4424.33204,N,00854.90974,E,1,12,0.8,0.3,M,44.7,M,,*4C
41512 1658403573 0 3 2.601 4.981
41513 1658403573 0 4 2.494 1.392
41514 1658403574 0 5 0.50
41515 1658403574 0 6 0.15
41516 1658403574 0 8 4.994 6.980 6.47
41517 1658403574 0 7 $GNGGA,113933.000,4424.33161,N,00854.91193,E,1,12,0.8,0.2,M,44.7,M,,*4C
41518 1658403574 0 0 26.29 7.27 167.5 0.020 130.5 10.61 3.8 0.0 12.3 0.40 0.01 0.0
41519 1658403575 0 7 $GNGGA,113934.000,4424.33118,N,00854.91415,E,1,12,0.8,0.1,M,44.7,M,,*4D
41520 1658403576 0 7 $GNGGA,113935.000,4424.33082,N,00854.91639,E,1,12,0.8,-0.1,M,44.7,M,,*6F
41521 1658403576 0 3 2.600 4.971
41522 1658403576 0 4 2.494 1.380
41523 1658403577 0 5 0.51
41524 1658403577 0 6 0.16
41525 1658403577 0 8 4.994 6.980 6.47
41526 1658403577 0 7 $GNGGA,113936.000,4424.33040,N,00854.91865,E,1,12,0.8,-0.3,M,44.7,M,,*67
41527 1658403577 0 0 26.31 7.28 167.8 0.020 130.2 10.58 3.5 0.0 10.6 0.40 0.01 0.0
41528 1658403578 0 7 $GNGGA,113937.000,4424.32992,N,00854.92087,E,1,12,0.8,-0.4,M,44.7,M,,*61
41529 1658403579 0 7 $GNGGA,113938.000,4424.32944,N,00854.92317,E,1,12,0.8,-0.5,M,44.7,M,,*6E
41530 1658403579 0 3 2.598 4.969
41531 1658403580 0 4 2.494 1.384
41532 1658403580 0 5 0.53
41533 1658403580 0 6 0.16
41534 1658403580 0 8 4.994 6.980 6.47
41535 1658403580 0 7 $GNGGA,113939.000,4424.32897,N,00854.92540,E,1,12,0.8,-0.8,M,44.7,M,,*69
41536 1658403580 0 0 26.31 7.28 169.8 0.020 130.0 10.56 3.7 0.0 11.9 0.40 0.01 0.0
41537 1658403581 0 7 $GNGGA,113940.000,4424.32852,N,00854.92766,E,1,12,0.8,-1.0,M,44.7,M,,*61
41538 1658403582 0 7 $GNGGA,113941.000,4424.32812,N,00854.92982,E,1,12,0.8,-1.1,M,44.7,M,,*61
41539 1658403582 0 3 2.588 4.863
41540 1658403583 0 4 2.494 1.384
41541 1658403583 0 5 0.52
41542 1658403583 0 6 0.16
41543 1658403583 0 8 4.994 6.980 6.47
41544 1658403583 0 7 $GNGGA,113942.000,4424.32771,N,00854.93192,E,1,12,0.8,-1.2,M,44.7,M,,*63
41545 1658403583 0 0 26.33 7.27 170.8 0.019 129.6 10.53 3.7 0.0 12.3 0.41 0.01 0.0
41546 1658403584 0 7 $GNGGA,113943.000,4424.32706,N,00854.93390,E,1,12,0.8,-1.6,M,44.7,M,,*66
41547 1658403585 0 7 $GNGGA,113944.000,4424.32647,N,00854.93601,E,1,12,0.8,-1.9,M,44.7,M,,*67
41548 1658403585 0 3 2.598 4.972
41549 1658403586 0 4 2.494 1.384
41550 1658403586 0 5 0.56
41551 1658403586 0 6 0.20
41552 1658403586 0 8 4.994 6.980 6.45
41553 1658403586 0 7 $GNGGA,113945.000,4424.32615,N,00854.93828,E,1,12,0.8,-1.7,M,44.7,M,,*6A
41554 1658403586 0 0 26.36 7.26 172.0 0.019 129.4 10.50 3.5 0.0 12.1 0.41 0.01 0.0
41555 1658403587 0 7 $GNGGA,113946.000,4424.32589,N,00854.94065,E,1,12,0.8,-1.7,M,44.7,M,,*69
41556 1658403588 0 7 $GNGGA,113947.000,4424.32555,N,00854.94297,E,1,12,0.8,-2.0,M,44.7,M,,*62
41557 1658403588 0 3 2.595 4.969
42612 1658403957 0 7 $GNGGA,114556.000,4424.18349,N,00855.16633,E,1,12,0.9,-0.9,M,44.7,M,,*61
42613 1658403957 0 3 2.499 4.776
42614 1658403958 0 4 2.426 1.450
42615 1658403958 0 5 0.47
42616 1658403958 0 6 0.11
42617 1658403958 0 8 4.994 6.515 5.82
42618 1658403958 0 0 27.71 8.21 128.0 67.90 121.6 7.45 16.6 0.0 483.1 0.81 46.21 1.3
42619 1658403958 0 7 $GNGGA,114557.000,4424.18382,N,00855.16599,E,1,12,0.9,-0.9,M,44.7,M,,*64
42620 1658403959 0 7 $GNGGA,114558.000,4424.18406,N,00855.16591,E,1,12,0.9,-1.0,M,44.7,M,,*60
42621 1658403959 0 7 $GNGGA,114559.000,4424.18423,N,00855.16602,E,1,12,0.9,-0.9,M,44.7,M,,*67
42622 1658403960 0 3 2.485 4.750
42623 1658403961 0 4 2.405 1.455
42624 1658403961 0 5 0.46
42625 1658403961 0 6 0.11
42626 1658403961 0 8 4.994 6.497 6.25
42627 1658403961 0 0 27.70 8.21 127.8 67.87 121.9 7.47 16.6 0.0 483.3 0.86 46.18 1.2
42628 1658403961 0 7 $GNGGA,114600.000,4424.18414,N,00855.16595,E,1,12,0.9,-1.0,M,44.7,M,,*69
42629 1658403961 0 7 $GNGGA,114601.000,4424.18416,N,00855.16591,E,1,12,0.9,-0.9,M,44.7,M,,*66
42630 1658403963 0 7 $GNGGA,114602.000,4424.18416,N,00855.16587,E,1,12,0.9,-0.9,M,44.7,M,,*62
42631 1658403963 0 3 2.609 4.980
42632 1658403964 0 4 2.575 1.457
42633 1658403964 0 5 0.46
42634 1658403964 0 6 0.11
42635 1658403964 0 8 4.994 6.998 6.18
42636 1658403964 0 7 $GNGGA,114603.000,4424.18440,N,00855.16564,E,1,12,0.9,-1.0,M,44.7,M,,*65
42637 1658403965 0 7 $GNGGA,114604.000,4424.18466,N,00855.16554,E,1,12,0.9,-1.1,M,44.7,M,,*64
42638 1658403965 0 7 $GNGGA,114605.000,4424.18467,N,00855.16549,E,1,12,0.9,-1.0,M,44.7,M,,*69
42639 1658403966 0 3 2.607 4.980
42640 1658403967 0 4 2.575 1.457
42641 1658403967 0 5 0.46
42642 1658403967 0 6 0.11
42643 1658403967 0 8 4.994 7.140 6.22
42644 1658403967 0 7 $GNGGA,114606.000,4424.18471,N,00855.16551,E,1,12,0.9,-1.0,M,44.7,M,,*64
42645 1658403967 0 7 $GNGGA,114607.000,4424.18482,N,00855.16545,E,1,12,0.9,-1.1,M,44.7,M,,*6D
42646 1658403968 0 7 $GNGGA,114608.000,4424.18492,N,00855.16540,E,1,12,0.9,-1.1,M,44.7,M,,*66
42647 1658403969 0 3 2.608 4.980
42648 1658403970 0 4 2.580 1.468
42649 1658403970 0 5 0.46
42650 1658403970 0 6 0.11
42651 1658403970 0 8 4.994 6.771 6.02
42652 1658403970 0 7 $GNGGA,114609.000,4424.18500,N,00855.16536,E,1,12,0.9,-1.1,M,44.7,M,,*6C
42653 1658403971 0 7 $GNGGA,114610.000,4424.18508,N,00855.16534,E,1,12,0.9,-1.1,M,44.7,M,,*6E
42654 1658403971 0 7 $GNGGA,114611.000,4424.18519,N,00855.16531,E,1,12,0.9,-1.1,M,44.7,M,,*6A
42655 1658403972 0 3 2.609 4.980
42656 1658403973 0 4 2.575 1.550
42657 1658403973 0 5 0.46
42658 1658403973 0 6 0.11
42659 1658403973 0 8 4.994 7.008 6.25
42660 1658403973 0 7 $GNGGA,114612.000,4424.18556,N,00855.16527,E,1,12,0.9,-1.2,M,44.7,M,,*66
42661 1658403973 0 7 $GNGGA,114613.000,4424.18566,N,00855.16523,E,1,12,0.9,-1.1,M,44.7,M,,*63
42662 1658403974 0 7 $GNGGA,114614.000,4424.18580,N,00855.16520,E,1,12,0.9,-1.1,M,44.7,M,,*6F
42663 1658403975 0 3 2.609 4.980
42664 1658403976 0 4 2.571 1.522
42665 1658403976 0 5 0.46
42666 1658403976 0 6 0.11
42667 1658403976 0 8 4.994 7.140 6.31
42668 1658403976 0 7 $GNGGA,114615.000,4424.18596,N,00855.16524,E,1,12,0.9,-1.1,M,44.7,M,,*6D
42669 1658403976 0 7 $GNGGA,114616.000,4424.18609,N,00855.16530,E,1,12,0.9,-1.2,M,44.7,M,,*6D
42670 1658403977 0 7 $GNGGA,114617.000,4424.18618,N,00855.16528,E,1,12,0.9,-1.2,M,44.7,M,,*65
42671 1658403978 0 3 2.609 4.980
42672 1658403979 0 4 2.577 1.517
42673 1658403979 0 5 0.46
42674 1658403979 0 6 0.11
42675 1658403979 0 8 4.994 6.951 6.20
42676 1658403979 0 7 $GNGGA,114618.000,4424.18656,N,00855.16506,E,1,12,0.9,-1.1,M,44.7,M,,*6F
42677 1658403979 0 7 $GNGGA,114619.000,4424.18689,N,00855.16496,E,1,12,0.9,-1.0,M,44.7,M,,*65
42678 1658403980 0 7 $GNGGA,114620.000,4424.18727,N,00855.16499,E,1,12,0.9,-1.0,M,44.7,M,,*65
42679 1658403981 0 3 2.609 4.980
42680 1658403982 0 4 2.575 1.517
42681 1658403982 0 5 0.46
42682 1658403982 0 6 0.11
42683 1658403982 0 8 4.994 7.036 6.25
42684 1658403982 0 7 $GNGGA,114621.000,4424.18737,N,00855.16504,E,1,12,0.9,-1.0,M,44.7,M,,*60
42685 1658403982 0 7 $GNGGA,114622.000,4424.18751,N,00855.16508,E,1,12,0.9,-1.0,M,44.7,M,,*6F
42686 1658403983 0 7 $GNGGA,114623.000,4424.18759,N,00855.16519,E,1,12,0.9,-1.0,M,44.7,M,,*66
42687 1658403984 0 3 2.608 4.980
42688 1658403985 0 4 2.558 1.532
42689 1658403985 0 5 0.46
42690 1658403985 0 6 0.11
42691 1658403985 0 8 4.994 6.762 6.31
42692 1658403986 0 7 $GNGGA,114624.000,4424.18768,N,00855.16519,E,1,12,0.9,-1.0,M,44.7,M,,*63
42693 1658403986 0 7 $GNGGA,114626.000,4424.18785,N,00855.16530,E,1,12,0.9,-1.0,M,44.7,M,,*69
42694 1658403987 0 3 2.608 4.980
42695 1658403988 0 4 2.573 1.520
42696 1658403988 0 5 0.46
42697 1658403988 0 6 0.11
42698 1658403988 0 8 4.994 7.008 6.25
42699 1658403988 0 7 $GNGGA,114627.000,4424.18793,N,00855.16527,E,1,12,0.9,-1.0,M,44.7,M,,*69
42700 1658403988 0 7 $GNGGA,114628.000,4424.18800,N,00855.16531,E,1,12,0.9,-1.1,M,44.7,M,,*65
42701 1658403989 0 7 $GNGGA,114629.000,4424.18807,N,00855.16534,E,1,12,0.9,-1.1,M,44.7,M,,*66
42702 1658403990 0 3 2.609 4.980
42703 1658403991 0 4 2.577 1.567
42704 1658403991 0 5 0.46
42705 1658403991 0 6 0.11
42706 1658403991 0 8 4.994 7.140 6.29
42707 1658403991 0 7 $GNGGA,114630.000,4424.18816,N,00855.16536,E,1,12,0.9,-1.0,M,44.7,M,,*6D
42708 1658403991 0 7 $GNGGA,114631.000,4424.18820,N,00855.16538,E,1,12,0.9,-1.0,M,44.7,M,,*67
42709 1658403992 0 7 $GNGGA,114632.000,4424.18828,N,00855.16514,E,1,12,0.9,-0.4,M,44.7,M,,*67
42710 1658403993 0 3 2.608 4.980
42711 1658403994 0 4 2.573 1.545
42712 1658403994 0 5 0.46
42713 1658403994 0 6 0.11
42714 1658403994 0 8 4.994 6.771 6.02
42715 1658403994 0 7 $GNGGA,114633.000,4424.18853,N,00855.16502,E,1,12,0.9,-0.1,M,44.7,M,,*68
42716 1658403995 0 7 $GNGGA,114634.000,4424.18900,N,00855.16503,E,1,12,0.9,-0.1,M,44.7,M,,*69
42717 1658403995 0 7 $GNGGA,114635.000,4424.18936,N,00855.16523,E,1,12,0.9,-0.4,M,44.7,M,,*6A
42718 1658403996 0 3 2.609 4.980
42719 1658403997 0 4 2.577 1.547
42720 1658403997 0 5 0.46
42721 1658403997 0 6 0.11
42722 1658403997 0 8 4.994 7.008 6.25
42723 1658403997 0 7 $GNGGA,114636.000,4424.18970,N,00855.16538,E,1,12,0.9,-0.2,M,44.7,M,,*67
42724 1658403997 0 7 $GNGGA,114637.000,4424.19007,N,00855.16537,E,1,12,0.9,-0.5,M,44.7,M,,*66
42725 1658403998 0 7 $GNGGA,114638.000,4424.19053,N,00855.16527,E,1,12,0.9,-0.7,M,44.7,M,,*6B
42726 1658403999 0 3 2.468 4.717
42727 1658404000 0 4 2.367 1.545
42728 1658404000 0 5 0.46
42729 1658404000 0 6 0.11
42730 1658404000 0 8 4.994 7.065 6.31
42731 1658404000 0 7 $GNGGA,114639.000,4424.19095,N,00855.16526,E,1,12,0.9,-0.8,M,44.7,M,,*6E
42732 1658404001 0 7 $GNGGA,114640.000,4424.19124,N,00855.16507,E,1,12,0.9,-1.5,M,44.7,M,,*64
42733 1658404002 0 7 $GNGGA,114641.000,4424.19159,N,00855.16492,E,1,12,0.9,-1.6,M,44.7,M,,*61
42734 1658404002 0 3 2.609 4.980
42735 1658404003 0 4 2.580 1.545
42736 1658404003 0 5 0.46
42737 1658404003 0 6 0.11
42738 1658404003 0 8 4.994 6.970 6.11
42739 1658404003 0 7 $GNGGA,114642.000,4424.19207,N,00855.16486,E,1,12,0.9,-1.5,M,44.7,M,,*6C
42740 1658404003 0 7 $GNGGA,114643.000,4424.19256,N,00855.16481,E,1,12,0.9,-1.6,M,44.7,M,,*6D
42741 1658404004 0 7 $GNGGA,114644.000,4424.19260,N,00855.16486,E,1,12,0.9,-1.5,M,44.7,M,,*6B
42742 1658404005 0 3 2.609 4.980
42743 1658404006 0 4 2.575 1.545
42744 1658404006 0 5 0.46
42745 1658404006 0 6 0.11
42746 1658404006 0 8 4.994 7.017 6.25
42747 1658404006 0 7 $GNGGA,114645.000,4424.19282,N,00855.16478,E,1,13,0.8,-1.5,M,44.7,M,,*67
42748 1658404007 0 7 $GNGGA,114646.000,4424.19292,N,00855.16475,E,1,13,0.8,-1.6,M,44.7,M,,*6B
42749 1658404008 0 7 $GNGGA,114647.000,4424.19310,N,00855.16466,E,1,13,0.8,-1.7,M,44.7,M,,*62
42750 1658404008 0 3 2.609 4.980
42751 1658404009 0 4 2.537 1.545
42752 1658404009 0 5 0.46
42753 1658404009 0 6 0.11
42754 1658404009 0 8 4.994 6.733 6.29
42755 1658404009 0 7 $GNGGA,114648.000,4424.19332,N,00855.16455,E,1,13,0.8,-1.8,M,44.7,M,,*62
42756 1658404009 0 7 $GNGGA,114649.000,4424.19348,N,00855.16456,E,1,13,0.8,-1.8,M,44.7,M,,*6D
42757 1658404010 0 7 $GNGGA,114650.000,4424.19359,N,00855.16456,E,1,13,0.8,-1.9,M,44.7,M,,*64
42758 1658404011 0 3 2.609 4.980
42759 1658404012 0 4 2.580 1.542
42760 1658404012 0 5 0.46
42761 1658404012 0 6 0.11
42762 1658404012 0 8 4.994 6.998 6.22
42763 1658404012 0 7 $GNGGA,114651.000,4424.19361,N,00855.16458,E,1,13,0.8,-1.9,M,44.7,M,,*60
42764 1658404012 0 7 $GNGGA,114652.000,4424.19363,N,00855.16461,E,1,13,0.8,-2.0,M,44.7,M,,*61
42765 1658404013 0 7 $GNGGA,114653.000,4424.19365,N,00855.16462,E,1,13,0.8,-2.7,M,44.7,M,,*62
42766 1658404014 0 3 2.609 4.980
42767 1658404015 0 4 2.579 1.540
42768 1658404015 0 5 0.46
42769 1658404015 0 6 0.11
42770 1658404015 0 8 4.994 7.131 6.22
42771 1658404015 0 7 $GNGGA,114654.000,4424.19354,N,00855.16465,E,1,13,0.8,-3.4,M,44.7,M,,*62
42772 1658404015 0 7 $GNGGA,114655.000,4424.19364,N,00855.16453,E,1,13,0.8,-4.1,M,44.7,M,,*67
42773 1658404016 0 7 $GNGGA,114656.000,4424.19378,N,00855.16440,E,1,13,0.8,-4.9,M,44.7,M,,*63
42774 1658404017 0 3 2.609 4.980
42775 1658404018 0 4 2.552 1.542
42776 1658404018 0 5 0.46
42777 1658404018 0 6 0.11
42778 1658404018 0 8 4.994 6.648 5.91
42779 1658404018 0 7 $GNGGA,114657.000,4424.19376,N,00855.16428,E,1,13,0.8,-6.0,M,44.7,M,,*69
42780 1658404018 0 7 $GNGGA,114658.000,4424.19417,N,00855.16433,E,1,13,0.8,-6.1,M,44.7,M,,*6D
42781 1658404019 0 7 $GNGGA,114659.000,4424.19447,N,00855.16423,E,1,13,0.8,-6.5,M,44.7,M,,*6C
42782 1658404020 0 3 2.609 4.980
42783 1658404021 0 4 2.580 1.550
42784 1658404021 0 5 0.46
42785 1658404021 0 6 0.11
42786 1658404021 0 8 4.994 6.998 6.22
42787 1658404021 0 7 $GNGGA,114700.000,4424.19493,N,00855.16422,E,1,13,0.8,-6.7,M,44.7,M,,*6B
42788 1658404022 0 7 $GNGGA,114701.000,4424.19542,N,00855.16419,E,1,13,0.8,-6.9,M,44.7,M,,*61
42789 1658404022 0 7 $GNGGA,114702.000,4424.19589,N,00855.16425,E,1,13,0.8,-7.2,M,44.7,M,,*60
42790 1658404023 0 3 2.635 4.980
42791 1658404024 0 4 2.654 1.532
42792 1658404024 0 5 0.46
42793 1658404024 0 6 0.11
42794 1658404024 0 8 4.994 7.103 6.27
42795 1658404024 0 7 $GNGGA,114703.000,4424.19643,N,00855.16441,E,1,13,0.8,-7.3,M,44.7,M,,*67
42796 1658404024 0 7 $GNGGA,114704.000,4424.19686,N,00855.16446,E,1,13,0.8,-7.5,M,44.7,M,,*68
42797 1658404025 0 7 $GNGGA,114705.000,4424.19720,N,00855.16433,E,1,13,0.8,-7.8,M,44.7,M,,*6B
42798 1658404026 0 3 2.813 4.980
42799 1658404027 0 4 2.682 1.702
42800 1658404027 0 5 0.46
42801 1658404027 0 6 0.11
42802 1658404027 0 8 4.994 6.819 6.00
42803 1658404027 0 7 $GNGGA,114706.000,4424.19783,N,00855.16466,E,1,13,0.8,-7.8,M,44.7,M,,*61
42804 1658404027 0 7 $GNGGA,114707.000,4424.19843,N,00855.16479,E,1,13,0.8,-7.6,M,44.7,M,,*63
42805 1658404028 0 7 $GNGGA,114708.000,4424.19886,N,00855.16498,E,1,13,0.8,-7.7,M,44.7,M,,*6B
42806 1658404029 0 3 2.844 4.980
42807 1658404030 0 4 2.686 1.635
42808 1658404030 0 5 0.46
42809 1658404030 0 6 0.11
42810 1658404030 0 8 4.994 6.998 6.25
42811 1658404030 0 7 $GNGGA,114709.000,4424.19903,N,00855.16499,E,1,13,0.8,-7.7,M,44.7,M,,*67
42812 1658404030 0 7 $GNGGA,114710.000,4424.19939,N,00855.16506,E,1,13,0.8,-7.2,M,44.7,M,,*64
42813 1658404031 0 7 $GNGGA,114711.000,4424.19935,N,00855.16488,E,1,13,0.8,-7.2,M,44.7,M,,*6E
42814 1658404032 0 3 2.683 4.690
42815 1658404033 0 4 2.431 1.632
42816 1658404033 0 5 0.46
42817 1658404033 0 6 0.11
42818 1658404033 0 8 4.994 7.074 6.29
42819 1658404033 0 7 $GNGGA,114712.000,4424.19948,N,00855.16484,E,1,13,0.8,-7.3,M,44.7,M,,*6A
42820 1658404033 0 7 $GNGGA,114713.000,4424.19965,N,00855.16479,E,1,13,0.8,-7.3,M,44.7,M,,*66
42821 1658404034 0 7 $GNGGA,114714.000,4424.19987,N,00855.16472,E,1,13,0.8,-7.3,M,44.7,M,,*66
42822 1658404035 0 3 2.849 4.980
42823 1658404036 0 4 2.687 1.635
42824 1658404036 0 5 0.45
42825 1658404036 0 6 0.11
42826 1658404036 0 8 4.994 6.980 6.11
42827 1658404036 0 7 $GNGGA,114715.000,4424.19999,N,00855.16470,E,1,13,0.8,-7.3,M,44.7,M,,*6A
42828 1658404037 0 7 $GNGGA,114716.000,4424.20073,N,00855.16525,E,1,13,0.8,-7.2,M,44.7,M,,*6E
42829 1658404037 0 7 $GNGGA,114717.000,4424.20132,N,00855.16541,E,1,13,0.8,-7.1,M,44.7,M,,*6A
42830 1658404038 0 3 2.847 4.980
42831 1658404039 0 4 2.689 1.634
42832 1658404039 0 5 0.45
42833 1658404039 0 6 0.11
42834 1658404039 0 8 4.994 7.112 6.22
42835 1658404039 0 7 $GNGGA,114718.000,4424.20137,N,00855.16532,E,1,13,0.8,-7.2,M,44.7,M,,*67
42836 1658404039 0 7 $GNGGA,114719.000,4424.20151,N,00855.16523,E,1,13,0.8,-7.2,M,44.7,M,,*66
42837 1658404040 0 7 $GNGGA,114720.000,4424.20169,N,00855.16516,E,1,13,0.8,-7.2,M,44.7,M,,*61
42838 1658404041 0 3 2.846 4.980
42839 1658404042 0 4 2.689 1.635
42840 1658404042 0 5 0.45
42841 1658404042 0 6 0.11
42842 1658404042 0 8 4.994 6.819 5.96
42843 1658404042 0 7 $GNGGA,114721.000,4424.20161,N,00855.16441,E,1,13,0.8,-7.3,M,44.7,M,,*6A
42844 1658404043 0 7 $GNGGA,114722.000,4424.20185,N,00855.16424,E,1,13,0.8,-7.1,M,44.7,M,,*62
42845 1658404043 0 7 $GNGGA,114723.000,4424.20194,N,00855.16420,E,1,13,0.8,-7.0,M,44.7,M,,*66
42846 1658404044 0 3 2.846 4.980
42847 1658404045 0 4 2.689 1.632
42848 1658404045 0 5 0.44
42849 1658404045 0 6 0.11
42850 1658404045 0 8 4.994 7.027 6.22
42851 1658404045 0 7 $GNGGA,114724.000,4424.20207,N,00855.16418,E,1,13,0.8,-7.0,M,44.7,M,,*63
42852 1658404045 0 7 $GNGGA,114725.000,4424.20220,N,00855.16419,E,1,13,0.8,-7.0,M,44.7,M,,*66
42853 1658404046 0 7 $GNGGA,114726.000,4424.20216,N,00855.16329,E,1,13,0.8,-7.2,M,44.7,M,,*66
42854 1658404047 0 3 2.632 4.567
42855 1658404048 0 4 2.572 1.630
42856 1658404048 0 5 0.44
42857 1658404048 0 6 0.11
42858 1658404048 0 8 4.994 6.525 6.25
42859 1658404048 0 7 $GNGGA,114727.000,4424.20228,N,00855.16321,E,1,13,0.8,-7.3,M,44.7,M,,*63
42860 1658404048 0 7 $GNGGA,114728.000,4424.20234,N,00855.16319,E,1,13,0.8,-7.3,M,44.7,M,,*6A
42861 1658404049 0 7 $GNGGA,114729.000,4424.20246,N,00855.16320,E,1,13,0.8,-7.3,M,44.7,M,,*64
42862 1658404050 0 3 2.845 4.980
42863 1658404050 0 4 2.689 1.632
42864 1658404051 0 5 0.44
42865 1658404051 0 6 0.11
42866 1658404051 0 8 4.994 7.017 6.13
42867 1658404051 0 7 $GNGGA,114730.000,4424.20276,N,00855.16324,E,1,13,0.8,-7.4,M,44.7,M,,*6C
42868 1658404051 0 7 $GNGGA,114731.000,4424.20284,N,00855.16323,E,1,13,0.8,-7.4,M,44.7,M,,*67
42869 1658404052 0 7 $GNGGA,114732.000,4424.20295,N,00855.16327,E,1,13,0.8,-7.4,M,44.7,M,,*60
42870 1658404053 0 3 2.775 4.862
42871 1658404053 0 4 2.577 1.630
42872 1658404054 0 5 0.43
42873 1658404054 0 6 0.10
42874 1658404054 0 8 4.994 6.544 5.98
42875 1658404054 0 7 $GNGGA,114733.000,4424.20302,N,00855.16329,E,1,13,0.8,-7.5,M,44.7,M,,*61
42876 1658404054 0 7 $GNGGA,114734.000,4424.20308,N,00855.16331,E,1,13,0.8,-7.5,M,44.7,M,,*65
42877 1658404055 0 7 $GNGGA,114735.000,4424.20337,N,00855.16316,E,1,13,0.8,-7.8,M,44.7,M,,*60
42878 1658404056 0 3 2.617 4.596
42879 1658404056 0 4 2.432 1.627
42880 1658404057 0 5 0.43
42881 1658404057 0 6 0.10
42882 1658404057 0 8 4.994 6.212 5.96
42883 1658404057 0 0 24.66 12.42 850.6 67.37 0.0 0.00 16.5 0.0 522.6 9.96 45.88 16970
42884 1658404057 0 7 $GNGGA,114736.000,4424.20362,N,00855.16302,E,1,13,0.8,-8.2,M,44.7,M,,*63
42885 1658404058 0 7 $GNGGA,114737.000,4424.20385,N,00855.16282,E,1,13,0.8,-8.3,M,44.7,M,,*63
42886 1658404058 0 7 $GNGGA,114738.000,4424.20418,N,00855.16270,E,1,13,0.8,-8.4,M,44.7,M,,*65
42887 1658404059 0 3 2.846 4.980
42888 1658404059 0 4 2.689 1.630
42889 1658404060 0 5 0.42
42890 1658404060 0 6 0.10
42891 1658404060 0 8 4.994 7.065 6.22
42892 1658404060 0 7 $GNGGA,114739.000,4424.20423,N,00855.16266,E,1,13,0.8,-8.4,M,44.7,M,,*6B
42893 1658404060 0 7 $GNGGA,114740.000,4424.20427,N,00855.16265,E,1,13,0.8,-8.5,M,44.7,M,,*63
42894 1658404061 0 7 $GNGGA,114741.000,4424.20430,N,00855.16269,E,1,13,0.8,-8.5,M,44.7,M,,*68
42895 1658404062 0 3 2.844 4.980
42896 1658404062 0 4 2.689 1.635
42897 1658404063 0 5 0.41
42898 1658404063 0 6 0.10
42899 1658404063 0 8 4.994 6.961 6.09
42900 1658404063 0 7 $GNGGA,114742.000,4424.20431,N,00855.16269,E,1,13,0.8,-8.5,M,44.7,M,,*6A
42901 1658404064 0 7 $GNGGA,114743.000,4424.20436,N,00855.16267,E,1,13,0.8,-8.6,M,44.7,M,,*61
42902 1658404064 0 7 $GNGGA,114744.000,4424.20439,N,00855.16272,E,1,13,0.8,-8.7,M,44.7,M,,*6C
42903 1658404065 0 3 2.844 4.980
42904 1658404065 0 4 2.689 1.637
42905 1658404066 0 5 0.41
42906 1658404066 0 6 0.10
42907 1658404066 0 8 4.994 7.065 6.18
42908 1658404066 0 7 $GNGGA,114745.000,4424.20444,N,00855.16273,E,1,13,0.8,-8.7,M,44.7,M,,*66
42909 1658404066 0 7 $GNGGA,114746.000,4424.20447,N,00855.16275,E,1,13,0.8,-8.8,M,44.7,M,,*6F
42910 1658404067 0 7 $GNGGA,114747.000,4424.20450,N,00855.16278,E,1,13,0.8,-8.9,M,44.7,M,,*64
42911 1658404068 0 3 2.843 4.873
42912 1658404068 0 4 2.692 1.635
42913 1658404069 0 5 0.40
42914 1658404069 0 6 0.10
42915 1658404069 0 8 4.994 6.781 5.91
42916 1658404069 0 7 $GNGGA,114748.000,4424.20452,N,00855.16278,E,1,13,0.8,-9.0,M,44.7,M,,*61
42917 1658404069 0 7 $GNGGA,114749.000,4424.20455,N,00855.16281,E,1,13,0.8,-9.1,M,44.7,M,,*60
42918 1658404070 0 7 $GNGGA,114750.000,4424.20459,N,00855.16284,E,1,13,0.8,-9.1,M,44.7,M,,*61
42919 1658404071 0 3 2.785 4.893
42920 1658404071 0 4 2.576 1.637
42921 1658404072 0 5 0.40
42922 1658404072 0 6 0.10
42923 1658404072 0 8 4.994 6.601 5.80
42924 1658404072 0 7 $GNGGA,114751.000,4424.20464,N,00855.16282,E,1,13,0.8,-9.2,M,44.7,M,,*6B
42925 1658404072 0 7 $GNGGA,114752.000,4424.20466,N,00855.16284,E,1,13,0.8,-9.2,M,44.7,M,,*6C
42926 1658404073 0 0 24.23 11.31 732.9 67.35 0.0 0.00 16.3 0.0 478.8 10.82 45.87 1272
42927 1658404073 0 7 $GNGGA,114753.000,4424.20490,N,00855.16301,E,1,13,0.8,-9.3,M,44.7,M,,*69
42928 1658404074 0 3 2.792 4.885
42929 1658404074 0 4 2.587 1.635
42930 1658404075 0 5 0.39
42931 1658404075 0 6 0.10
42932 1658404075 0 8 4.994 6.591 5.75
42933 1658404075 0 0 24.23 12.22 896.8 67.26 133.3 8.67 16.2 0.0 465.5 10.82 45.80 10180
42934 1658404075 0 7 $GNGGA,114754.000,4424.20512,N,00855.16310,E,1,13,0.8,-9.2,M,44.7,M,,*64
42935 1658404075 0 7 $GNGGA,114755.000,4424.20517,N,00855.16311,E,1,13,0.8,-9.2,M,44.7,M,,*61
42936 1658404076 0 7 $GNGGA,114756.000,4424.20520,N,00855.16313,E,1,13,0.8,-9.2,M,44.7,M,,*64
42937 1658404077 0 3 2.843 4.980
42938 1658404077 0 4 2.689 1.635
42939 1658404078 0 5 0.39
42940 1658404078 0 6 0.09
42941 1658404078 0 8 4.994 7.017 6.13
42942 1658404078 0 7 $GNGGA,114757.000,4424.20523,N,00855.16317,E,1,13,0.8,-9.3,M,44.7,M,,*63
42943 1658404078 0 7 $GNGGA,114758.000,4424.20527,N,00855.16320,E,1,13,0.8,-9.3,M,44.7,M,,*6C
42944 1658404079 0 7 $GNGGA,114759.000,4424.20530,N,00855.16323,E,1,13,0.8,-9.4,M,44.7,M,,*6F
42945 1658404080 0 3 2.843 4.980
42946 1658404080 0 4 2.505 1.642
42947 1658404081 0 5 0.38
42948 1658404081 0 6 0.09
42949 1658404081 0 8 4.994 6.497 6.20
42950 1658404081 0 7 $GNGGA,114800.000,4424.20533,N,00855.16324,E,1,13,0.8,-9.4,M,44.7,M,,*68
42951 1658404081 0 7 $GNGGA,114801.000,4424.20565,N,00855.16322,E,1,13,0.8,-9.2,M,44.7,M,,*6A
42952 1658404082 0 7 $GNGGA,114802.000,4424.20568,N,00855.16321,E,1,13,0.8,-9.3,M,44.7,M,,*66
42953 1658404083 0 3 2.843 4.980
42954 1658404083 0 4 2.686 1.637
42955 1658404084 0 5 0.37
42956 1658404084 0 6 0.09
42957 1658404084 0 8 4.994 6.998 6.09
42958 1658404084 0 7 $GNGGA,114803.000,4424.20573,N,00855.16321,E,1,13,0.8,-9.3,M,44.7,M,,*6D
42959 1658404085 0 7 $GNGGA,114804.000,4424.20577,N,00855.16322,E,1,13,0.8,-9.4,M,44.7,M,,*6A
42960 1658404085 0 7 $GNGGA,114805.000,4424.20582,N,00855.16321,E,1,13,0.8,-9.4,M,44.7,M,,*62
42961 1658404086 0 3 2.756 4.833
42962 1658404087 0 4 2.586 1.637
42963 1658404087 0 5 0.37
42964 1658404087 0 6 0.09
42965 1658404087 0 8 4.994 6.515 5.91
42966 1658404087 0 7 $GNGGA,114806.000,4424.20587,N,00855.16321,E,1,13,0.8,-9.4,M,44.7,M,,*64
42967 1658404087 0 7 $GNGGA,114807.000,4424.20602,N,00855.16334,E,1,13,0.8,-9.7,M,44.7,M,,*6C
42968 1658404088 0 7 $GNGGA,114808.000,4424.20611,N,00855.16345,E,1,13,0.8,-10.1,M,44.7,M,,*59
42969 1658404089 0 3 2.612 4.578
42970 1658404089 0 4 2.420 1.637
42971 1658404090 0 5 0.37
42972 1658404090 0 6 0.09
42973 1658404090 0 8 4.994 6.298 5.91
42974 1658404090 0 0 24.33 11.61 840.6 67.31 0.0 0.00 15.9 0.0 423.0 10.89 45.84 2499
42975 1658404090 0 7 $GNGGA,114809.000,4424.20631,N,00855.16345,E,1,13,0.8,-10.3,M,44.7,M,,*58
42976 1658404091 0 7 $GNGGA,114810.000,4424.20661,N,00855.16352,E,1,13,0.8,-10.6,M,44.7,M,,*56
42977 1658404091 0 7 $GNGGA,114811.000,4424.20687,N,00855.16366,E,1,13,0.8,-10.9,M,44.7,M,,*57
42978 1658404092 0 3 2.546 4.460
42979 1658404092 0 4 2.200 1.635
42980 1658404093 0 5 0.36
42981 1658404093 0 6 0.09
42982 1658404093 0 8 4.994 6.193 6.13
42983 1658404093 0 7 $GNGGA,114812.000,4424.20715,N,00855.16365,E,1,13,0.8,-11.2,M,44.7,M,,*57
42984 1658404093 0 7 $GNGGA,114813.000,4424.20752,N,00855.16352,E,1,13,0.8,-11.2,M,44.7,M,,*51
42985 1658404094 0 7 $GNGGA,114814.000,4424.20791,N,00855.16362,E,1,13,0.8,-11.0,M,44.7,M,,*58
42986 1658404095 0 3 2.843 4.980
42987 1658404095 0 4 2.687 1.635
42988 1658404096 0 5 0.36
42989 1658404096 0 6 0.09
42990 1658404096 0 8 4.994 6.961 6.04
42991 1658404096 0 7 $GNGGA,114815.000,4424.20825,N,00855.16380,E,1,13,0.8,-10.5,M,44.7,M,,*51
42992 1658404096 0 7 $GNGGA,114816.000,4424.20852,N,00855.16389,E,1,13,0.8,-10.4,M,44.7,M,,*5A
42993 1658404097 0 7 $GNGGA,114817.000,4424.20874,N,00855.16368,E,1,13,0.8,-11.3,M,44.7,M,,*56
42994 1658404098 0 3 2.842 4.980
42995 1658404099 0 4 2.686 1.635
42996 1658404099 0 5 0.35
42997 1658404099 0 6 0.09
42998 1658404099 0 8 4.994 7.103 6.11
42999 1658404099 0 7 $GNGGA,114818.000,4424.20886,N,00855.16365,E,1,13,0.8,-11.3,M,44.7,M,,*59
43000 1658404099 0 7 $GNGGA,114819.000,4424.20901,N,00855.16361,E,1,13,0.8,-11.3,M,44.7,M,,*52
43001 1658404100 0 7 $GNGGA,114820.000,4424.20912,N,00855.16356,E,1,13,0.8,-11.3,M,44.7,M,,*5E
43002 1658404101 0 3 2.843 4.980
43003 1658404101 0 4 2.645 1.637
43004 1658404102 0 5 0.35
43005 1658404102 0 6 0.09
43006 1658404102 0 8 4.994 6.781 5.87
43007 1658404102 0 7 $GNGGA,114821.000,4424.20924,N,00855.16353,E,1,13,0.8,-11.3,M,44.7,M,,*5F
43008 1658404102 0 7 $GNGGA,114822.000,4424.20936,N,00855.16353,E,1,13,0.8,-11.3,M,44.7,M,,*5F
43009 1658404103 0 7 $GNGGA,114823.000,4424.20948,N,00855.16351,E,1,13,0.8,-11.3,M,44.7,M,,*55
43010 1658404104 0 3 2.843 4.980
43011 1658404105 0 4 2.685 1.637
43012 1658404105 0 5 0.35
43013 1658404105 0 6 0.09
43014 1658404105 0 8 4.994 6.970 6.11
43015 1658404105 0 7 $GNGGA,114824.000,4424.20954,N,00855.16349,E,1,13,0.8,-11.3,M,44.7,M,,*56
43016 1658404106 0 7 $GNGGA,114825.000,4424.20963,N,00855.16350,E,1,13,0.8,-11.3,M,44.7,M,,*5B
43017 1658404106 0 7 $GNGGA,114826.000,4424.20972,N,00855.16352,E,1,13,0.8,-11.3,M,44.7,M,,*5A
43018 1658404107 0 3 2.845 4.980
43019 1658404107 0 4 2.681 1.635
43020 1658404108 0 5 0.35
43021 1658404108 0 6 0.08
43022 1658404108 0 8 4.994 7.055 6.18
43023 1658404108 0 7 $GNGGA,114827.000,4424.20999,N,00855.16361,E,1,13,0.8,-11.8,M,44.7,M,,*55
43024 1658404108 0 7 $GNGGA,114828.000,4424.21021,N,00855.16364,E,1,13,0.8,-12.2,M,44.7,M,,*5D
43025 1658404109 0 7 $GNGGA,114829.000,4424.21035,N,00855.16358,E,1,13,0.8,-12.5,M,44.7,M,,*51
43026 1658404110 0 3 2.843 4.980
43027 1658404111 0 4 2.685 1.635
43028 1658404111 0 5 0.35
43029 1658404111 0 6 0.08
43030 1658404111 0 8 4.994 6.942 6.00
43031 1658404111 0 7 $GNGGA,114830.000,4424.21060,N,00855.16358,E,1,13,0.8,-12.5,M,44.7,M,,*59
43032 1658404111 0 7 $GNGGA,114831.000,4424.21094,N,00855.16363,E,1,13,0.8,-12.5,M,44.7,M,,*5B
43033 1658404112 0 7 $GNGGA,114832.000,4424.21116,N,00855.16363,E,1,13,0.8,-12.5,M,44.7,M,,*53
43034 1658404113 0 3 2.842 4.980
43035 1658404113 0 4 2.683 1.637
43036 1658404114 0 5 0.35
43037 1658404114 0 6 0.08
43038 1658404114 0 8 4.994 6.989 6.11
43039 1658404114 0 7 $GNGGA,114833.000,4424.21126,N,00855.16361,E,1,13,0.8,-12.5,M,44.7,M,,*53
43040 1658404115 0 7 $GNGGA,114835.000,4424.21145,N,00855.16359,E,1,13,0.8,-12.5,M,44.7,M,,*5B
43041 1658404116 0 3 2.724 4.770
43042 1658404116 0 4 2.639 1.637
43043 1658404117 0 5 0.34
43044 1658404117 0 6 0.09
43045 1658404117 0 8 4.994 6.686 6.20
43046 1658404117 0 7 $GNGGA,114836.000,4424.21228,N,00855.16421,E,1,13,0.8,-11.5,M,44.7,M,,*5B
43047 1658404117 0 7 $GNGGA,114837.000,4424.21261,N,00855.16452,E,1,13,0.8,-11.4,M,44.7,M,,*52
43048 1658404118 0 7 $GNGGA,114838.000,4424.21334,N,00855.16529,E,1,13,0.8,-11.2,M,44.7,M,,*57
43049 1658404119 0 3 2.840 4.980
43050 1658404119 0 4 2.683 1.637
43051 1658404120 0 5 0.34
43052 1658404120 0 6 0.09
43053 1658404120 0 8 4.994 6.961 6.02
43054 1658404120 0 7 $GNGGA,114839.000,4424.21348,N,00855.16527,E,1,13,0.8,-11.2,M,44.7,M,,*53
43055 1658404120 0 7 $GNGGA,114840.000,4424.21377,N,00855.16498,E,1,13,0.8,-11.5,M,44.7,M,,*53
43056 1658404121 0 7 $GNGGA,114841.000,4424.21394,N,00855.16498,E,1,13,0.8,-11.4,M,44.7,M,,*5E
43057 1658404122 0 3 2.839 4.980
43058 1658404123 0 4 2.682 1.637
43059 1658404123 0 5 0.34
43060 1658404123 0 6 0.09
43061 1658404123 0 8 4.994 6.951 6.11
43062 1658404123 0 7 $GNGGA,114842.000,4424.21411,N,00855.16500,E,1,13,0.8,-11.3,M,44.7,M,,*50
43063 1658404123 0 7 $GNGGA,114843.000,4424.21428,N,00855.16502,E,1,13,0.8,-11.3,M,44.7,M,,*59
43064 1658404124 0 7 $GNGGA,114844.000,4424.21480,N,00855.16491,E,1,13,0.8,-11.2,M,44.7,M,,*56
43065 1658404125 0 3 2.819 4.969
43066 1658404125 0 4 2.621 1.637
43067 1658404126 0 5 0.35
43068 1658404126 0 6 0.09
43069 1658404126 0 8 4.994 6.639 6.20
43070 1658404126 0 7 $GNGGA,114845.000,4424.21534,N,00855.16488,E,1,13,0.8,-11.1,M,44.7,M,,*52
43071 1658404126 0 7 $GNGGA,114846.000,4424.21574,N,00855.16484,E,1,13,0.8,-11.2,M,44.7,M,,*5A
43072 1658404127 0 7 $GNGGA,114847.000,4424.21603,N,00855.16472,E,1,13,0.8,-11.6,M,44.7,M,,*55
43073 1658404128 0 3 2.806 4.980
43074 1658404128 0 4 2.677 1.632
43075 1658404129 0 5 0.34
43076 1658404129 0 6 0.09
43077 1658404129 0 8 4.994 6.923 6.04
43078 1658404129 0 7 $GNGGA,114848.000,4424.21648,N,00855.16451,E,1,13,0.8,-11.7,M,44.7,M,,*55
43079 1658404129 0 7 $GNGGA,114849.000,4424.21666,N,00855.16448,E,1,13,0.8,-11.6,M,44.7,M,,*51
43080 1658404130 0 7 $GNGGA,114850.000,4424.21684,N,00855.16446,E,1,13,0.8,-11.5,M,44.7,M,,*58
43081 1658404131 0 3 2.682 4.980
43082 1658404131 0 4 2.669 1.627
43083 1658404132 0 5 0.35
43084 1658404132 0 6 0.09
43085 1658404132 0 8 4.994 6.913 6.13
43086 1658404132 0 7 $GNGGA,114851.000,4424.21702,N,00855.16446,E,1,13,0.8,-11.4,M,44.7,M,,*57
43087 1658404132 0 7 $GNGGA,114852.000,4424.21722,N,00855.16442,E,1,13,0.8,-11.4,M,44.7,M,,*52
43088 1658404133 0 7 $GNGGA,114853.000,4424.21762,N,00855.16426,E,1,13,0.8,-11.6,M,44.7,M,,*57
43089 1658404134 0 3 2.583 4.944
43090 1658404135 0 4 2.530 1.635
43091 1658404135 0 5 0.35
43092 1658404135 0 6 0.09
43093 1658404135 0 8 4.994 6.667 6.20
43094 1658404135 0 7 $GNGGA,114854.000,4424.21786,N,00855.16414,E,1,13,0.8,-11.6,M,44.7,M,,*5B
43095 1658404136 0 7 $GNGGA,114855.000,4424.21801,N,00855.16400,E,1,13,0.8,-11.5,M,44.7,M,,*5C
43096 1658404136 0 7 $GNGGA,114856.000,4424.21814,N,00855.16391,E,1,13,0.8,-11.5,M,44.7,M,,*54
43097 1658404137 0 3 2.613 4.980
43098 1658404137 0 4 2.565 1.597
43099 1658404138 0 5 0.35
43100 1658404138 0 6 0.09
43101 1658404138 0 8 4.994 6.913 6.09
43102 1658404138 0 7 $GNGGA,114857.000,4424.21877,N,00855.16354,E,1,13,0.8,-11.3,M,44.7,M,,*5F
43103 1658404138 0 7 $GNGGA,114858.000,4424.21928,N,00855.16313,E,1,13,0.8,-11.7,M,44.7,M,,*5C
43104 1658404139 0 7 $GNGGA,114859.000,4424.21942,N,00855.16313,E,1,13,0.8,-11.6,M,44.7,M,,*50
43105 1658404140 0 3 2.601 4.980
43106 1658404140 0 4 2.528 1.590
43107 1658404141 0 5 0.36
43108 1658404141 0 6 0.09
43109 1658404141 0 8 4.994 7.065 6.11
43110 1658404141 0 7 $GNGGA,114900.000,4424.21953,N,00855.16313,E,1,13,0.8,-11.5,M,44.7,M,,*5E
43111 1658404141 0 7 $GNGGA,114901.000,4424.21964,N,00855.16318,E,1,13,0.8,-11.4,M,44.7,M,,*51
43112 1658404142 0 7 $GNGGA,114902.000,4424.21974,N,00855.16321,E,1,13,0.9,-11.3,M,44.7,M,,*5F
43113 1658404143 0 3 2.585 4.955
43114 1658404143 0 4 2.502 1.592
43115 1658404144 0 5 0.37
43116 1658404144 0 6 0.09
43117 1658404144 0 8 4.994 6.686 6.18
43118 1658404144 0 7 $GNGGA,114903.000,4424.22015,N,00855.16312,E,1,13,0.9,-11.5,M,44.7,M,,*55
43119 1658404144 0 7 $GNGGA,114904.000,4424.22054,N,00855.16298,E,1,13,0.9,-12.1,M,44.7,M,,*53
43120 1658404145 0 7 $GNGGA,114905.000,4424.22062,N,00855.16300,E,1,13,0.9,-11.9,M,44.7,M,,*5C
43121 1658404146 0 3 2.586 4.980
43122 1658404147 0 4 2.523 1.555
43123 1658404147 0 5 0.37
43124 1658404147 0 6 0.09
43125 1658404147 0 8 4.994 6.866 6.09
43126 1658404147 0 7 $GNGGA,114906.000,4424.22078,N,00855.16301,E,1,13,0.9,-11.8,M,44.7,M,,*54
43127 1658404147 0 7 $GNGGA,114907.000,4424.22090,N,00855.16301,E,1,13,0.9,-11.7,M,44.7,M,,*5C
43128 1658404148 0 7 $GNGGA,114908.000,4424.22105,N,00855.16304,E,1,13,0.9,-11.7,M,44.7,M,,*5B
43129 1658404149 0 3 2.585 4.980
43130 1658404149 0 4 2.517 1.545
43131 1658404150 0 5 0.39
43132 1658404150 0 6 0.10
43133 1658404150 0 8 4.994 7.036 6.09
43134 1658404150 0 7 $GNGGA,114909.000,4424.22116,N,00855.16309,E,1,13,0.9,-11.7,M,44.7,M,,*55
43135 1658404150 0 7 $GNGGA,114910.000,4424.22130,N,00855.16312,E,1,13,0.9,-11.6,M,44.7,M,,*52
43136 1658404151 0 7 $GNGGA,114911.000,4424.22085,N,00855.16477,E,1,13,0.9,-12.5,M,44.7,M,,*58
43137 1658404152 0 3 2.544 4.917
43138 1658404152 0 4 2.426 1.535
43139 1658404153 0 5 0.39
43140 1658404153 0 6 0.10
43141 1658404153 0 8 4.994 6.572 5.78
43142 1658404153 0 7 $GNGGA,114912.000,4424.22104,N,00855.16469,E,1,13,0.9,-12.5,M,44.7,M,,*5C
43143 1658404153 0 7 $GNGGA,114913.000,4424.22118,N,00855.16454,E,1,13,0.9,-12.5,M,44.7,M,,*5E
43144 1658404154 0 7 $GNGGA,114914.000,4424.22132,N,00855.16448,E,1,13,0.9,-12.4,M,44.7,M,,*5D
43145 1658404155 0 3 2.585 4.980
43146 1658404156 0 4 2.511 1.535
43147 1658404156 0 5 0.39
43148 1658404156 0 6 0.10
43149 1658404156 0 8 4.994 6.875 6.02
43150 1658404156 0 7 $GNGGA,114915.000,4424.22143,N,00855.16441,E,1,13,0.9,-12.4,M,44.7,M,,*53
