/home/danielacabiddu/Devel/src/MATRAC/test/tuttomatrac/data/porto_grid.mesh
20807 1658396850 0 7 $GNGGA,094729.000,4424.74751,N,00855.50351,E,1,11,0.8,5.8,M,44.6,M,,*4C
20808 1658396851 0 3 2.597 4.979
20809 1658396851 0 4 2.495 1.581
20816 1658396852 0 7 $GNGGA,094731.000,4424.74751,N,00855.50346,E,1,11,0.8,5.9,M,44.6,M,,*42
20819 1658396854 0 4 2.495 1.579
20820 1658396854 0 5 0.61
20821 1658396854 0 6 0.10
20822 1658396854 0 8 4.997 9.737 9.36
20823 1658396854 0 1 1.003
20827 1658396856 0 7 $GNGGA,094735.000,4424.74750,N,00855.50336,E,1,10,0.9,5.8,M,44.6,M,,*41
20834 1658396858 0 0 25.61 7.90 119.7 0.032 125.4 10.32 0.9 0.0 1.9 0.41 0.02 0.0
20835 1658396858 0 7 $GNGGA,094736.000,4424.74751,N,00855.50333,E,1,10,0.9,5.8,M,44.6,M,,*46
20836 1658396858 0 7 $GNGGA,094737.000,4424.74752,N,00855.50330,E,1,10,0.9,5.9,M,44.6,M,,*46
20838 1658396860 0 3 2.595 4.979
20847 1658396862 0 7 $GNGGA,094741.000,4424.74752,N,00855.50328,E,1,10,0.9,5.9,M,44.6,M,,*4E
20848 1658396863 0 3 2.595 4.979
20850 1658396863 0 5 0.61
20851 1658396863 0 6 0.10
20852 1658396863 0 8 4.997 9.766 9.36
20853 1658396863 0 1 -0.769
20857 1658396865 0 7 $GNGGA,094744.000,4424.74755,N,00855.50333,E,1,10,0.9,5.9,M,44.6,M,,*46
20865 1658396867 0 7 $GNGGA,094745.000,4424.74756,N,00855.50333,E,1,10,0.9,5.9,M,44.6,M,,*44
20866 1658396867 0 7 $GNGGA,094746.000,4424.74755,N,00855.50331,E,1,10,0.9,5.9,M,44.6,M,,*46
20867 1658396868 0 7 $GNGGA,094747.000,4424.74753,N,00855.50333,E,1,10,0.9,5.9,M,44.6,M,,*43
20868 1658396869 0 3 2.595 4.979
20869 1658396869 0 4 2.494 1.531
20876 1658396870 0 7 $GNGGA,094749.000,4424.74751,N,00855.50337,E,1,10,0.9,5.9,M,44.6,M,,*4B
20879 1658396872 0 4 2.493 1.531
20880 1658396872 0 5 0.61
20881 1658396872 0 6 0.10
20882 1658396872 0 8 4.997 9.756 9.34
20883 1658396872 0 7 $GNGGA,094751.000,4424.74749,N,00855.50337,E,1,10,0.9,5.9,M,44.6,M,,*4B
20887 1658396874 0 1 1.005
20888 1658396874 0 1 0.500
20896 1658396876 0 7 $GNGGA,094753.000,4424.74747,N,00855.50338,E,1,10,0.9,5.9,M,44.6,M,,*48
20897 1658396877 0 7 $GNGGA,094756.000,4424.74743,N,00855.50339,E,1,10,0.9,5.9,M,44.6,M,,*48
20898 1658396878 0 3 2.593 4.979
20899 1658396878 0 4 2.492 1.531
20901 1658396878 0 6 0.10
20902 1658396878 0 8 4.997 9.756 9.36
20907 1658396880 0 7 $GNGGA,094759.000,4424.74735,N,00855.50339,E,1,10,0.9,5.9,M,44.6,M,,*46
20908 1658396881 0 3 2.593 4.979
20914 1658396882 0 0 25.66 7.44 157.0 0.030 124.5 10.24 0.8 0.0 1.5 0.41 0.02 0.0
20915 1658396882 0 7 $GNGGA,094800.000,4424.74732,N,00855.50338,E,1,10,0.9,5.9,M,44.6,M,,*43
20926 1658396885 0 7 $GNGGA,094804.000,4424.74723,N,00855.50334,E,1,10,0.9,5.9,M,44.6,M,,*4B
20927 1658396886 0 7 $GNGGA,094805.000,4424.74720,N,00855.50333,E,1,10,0.9,6.0,M,44.6,M,,*44
20930 1658396887 0 5 0.61
20936 1658396888 0 7 $GNGGA,094807.000,4424.74679,N,00855.50292,E,1,10,0.9,6.0,M,44.6,M,,*41
20937 1658396889 0 7 $GNGGA,094808.000,4424.74676,N,00855.50291,E,1,10,0.9,6.1,M,44.6,M,,*43
20941 1658396890 0 6 0.10
20942 1658396890 0 8 4.997 9.766 9.36
20943 1658396890 0 1 1.296
20944 1658396891 0 0 25.69 7.38 163.5 0.029 124.4 10.22 0.7 0.0 1.7 0.41 0.02 0.0
20947 1658396892 0 7 $GNGGA,094811.000,4424.74665,N,00855.50289,E,1,10,0.9,6.2,M,44.6,M,,*43
20948 1658396893 0 3 2.593 4.979
20949 1658396893 0 4 2.488 1.509
20950 1658396893 0 5 0.61
20951 1658396893 0 6 0.10
20952 1658396893 0 8 4.997 9.766 9.36
20953 1658396893 0 1 0.066
20954 1658396894 0 0 25.70 7.35 167.0 0.029 124.3 10.22 0.7 0.0 1.5 0.41 0.02 0.0
20955 1658396894 0 7 $GNGGA,094812.000,4424.74661,N,00855.50287,E,1,10,0.9,6.3,M,44.6,M,,*4B
20956 1658396894 0 7 $GNGGA,094813.000,4424.74658,N,00855.50287,E,1,10,0.9,6.3,M,44.6,M,,*40
20957 1658396895 0 7 $GNGGA,094814.000,4424.74656,N,00855.50288,E,1,10,0.9,6.3,M,44.6,M,,*46
20958 1658396896 0 3 2.593 4.979
20959 1658396896 0 4 2.488 1.506
20960 1658396896 0 5 0.61
20961 1658396896 0 6 0.10
20962 1658396896 0 8 4.997 9.766 9.36
20963 1658396896 0 1 1.419
20964 1658396897 0 0 25.69 7.29 170.9 0.029 124.2 10.21 0.8 0.0 1.6 0.41 0.02 0.0
20965 1658396897 0 7 $GNGGA,094815.000,4424.74653,N,00855.50287,E,1,10,0.9,6.3,M,44.6,M,,*4D
20966 1658396897 0 7 $GNGGA,094816.000,4424.74650,N,00855.50285,E,1,10,0.9,6.4,M,44.6,M,,*48
20967 1658396898 0 7 $GNGGA,094817.000,4424.74635,N,00855.50267,E,1,10,0.9,6.6,M,44.6,M,,*44
20968 1658396899 0 3 2.593 4.979
20969 1658396899 0 4 2.488 1.504
20970 1658396899 0 5 0.60
20971 1658396899 0 6 0.10
20972 1658396899 0 8 4.997 9.756 9.36
20973 1658396899 0 1 0.523
20974 1658396900 0 0 25.69 7.22 176.6 0.028 124.2 10.21 0.9 0.0 2.3 0.41 0.02 0.0
20975 1658396900 0 7 $GNGGA,094818.000,4424.74625,N,00855.50268,E,1,10,0.9,6.6,M,44.6,M,,*45
20976 1658396900 0 7 $GNGGA,094819.000,4424.74617,N,00855.50270,E,1,10,0.9,6.6,M,44.6,M,,*4C
20977 1658396901 0 7 $GNGGA,094820.000,4424.74607,N,00855.50268,E,1,10,0.9,6.6,M,44.6,M,,*4E
20978 1658396902 0 3 2.593 4.979
20979 1658396902 0 4 2.488 1.504
20980 1658396902 0 5 0.60
20981 1658396902 0 6 0.11
20982 1658396902 0 8 4.997 9.737 9.36
20983 1658396902 0 1 1.043
20984 1658396903 0 7 $GNGGA,094821.000,4424.74602,N,00855.50267,E,1,10,0.9,6.6,M,44.6,M,,*45
20985 1658396903 0 7 $GNGGA,094822.000,4424.74596,N,00855.50263,E,1,10,0.9,6.6,M,44.6,M,,*4C
20986 1658396904 0 0 25.72 7.19 178.6 0.028 124.2 10.20 0.9 0.0 2.9 0.41 0.02 0.0
20987 1658396904 0 7 $GNGGA,094823.000,4424.74575,N,00855.50228,E,1,10,0.9,6.5,M,44.6,M,,*4C
20988 1658396905 0 3 2.594 4.979
20989 1658396905 0 4 2.488 1.499
20990 1658396905 0 5 0.61
20991 1658396905 0 6 0.10
20992 1658396905 0 8 4.997 9.756 9.36
20993 1658396905 0 1 0.198
20994 1658396906 0 0 25.77 7.24 176.5 0.028 124.2 10.19 0.7 0.0 1.6 0.41 0.02 0.0
20995 1658396906 0 7 $GNGGA,094824.000,4424.74567,N,00855.50223,E,1,10,0.9,6.5,M,44.6,M,,*43
20996 1658396906 0 7 $GNGGA,094825.000,4424.74559,N,00855.50217,E,1,10,0.9,6.5,M,44.6,M,,*48
20997 1658396907 0 7 $GNGGA,094826.000,4424.74552,N,00855.50212,E,1,10,0.9,6.5,M,44.6,M,,*45
20998 1658396908 0 4 2.488 1.501
20999 1658396908 0 5 0.61
21000 1658396908 0 6 0.10
21001 1658396908 0 8 4.997 9.756 9.36
21002 1658396908 0 1 1.567
21003 1658396908 0 0 25.77 7.24 175.8 0.028 124.2 10.19 0.6 0.0 1.2 0.41 0.02 0.0
21004 1658396909 0 7 $GNGGA,094827.000,4424.74546,N,00855.50206,E,1,10,0.9,6.5,M,44.6,M,,*44
21005 1658396909 0 7 $GNGGA,094828.000,4424.74541,N,00855.50197,E,1,10,0.9,6.5,M,44.6,M,,*47
21006 1658396910 0 7 $GNGGA,094829.000,4424.74515,N,00855.50166,E,1,10,0.9,6.6,M,44.6,M,,*4A
21007 1658396911 0 3 2.593 4.979
21008 1658396911 0 4 2.488 1.491
21009 1658396911 0 5 0.60
21010 1658396911 0 6 0.10
21011 1658396911 0 8 4.997 9.766 9.36
21012 1658396911 0 1 0.723
21013 1658396912 0 0 25.75 7.24 176.5 0.028 124.1 10.19 0.6 0.0 1.0 0.41 0.02 0.0
21014 1658396912 0 7 $GNGGA,094830.000,4424.74483,N,00855.50136,E,1,10,0.9,6.5,M,44.6,M,,*4A
21015 1658396912 0 7 $GNGGA,094831.000,4424.74454,N,00855.50098,E,1,10,0.9,6.3,M,44.6,M,,*42
21016 1658396913 0 7 $GNGGA,094832.000,4424.74446,N,00855.50092,E,1,10,0.9,6.3,M,44.6,M,,*48
21017 1658396914 0 3 2.593 4.979
21018 1658396914 0 4 2.488 1.481
21019 1658396914 0 5 0.60
21020 1658396914 0 6 0.10
21021 1658396914 0 8 4.997 9.766 9.34
21022 1658396914 0 1 0.518
21023 1658396915 0 0 25.75 7.19 179.7 0.028 124.1 10.19 0.6 0.0 0.9 0.41 0.02 0.0
21024 1658396915 0 7 $GNGGA,094833.000,4424.74437,N,00855.50084,E,1,10,0.9,6.3,M,44.6,M,,*48
21025 1658396915 0 7 $GNGGA,094834.000,4424.74426,N,00855.50074,E,1,10,0.9,6.3,M,44.6,M,,*40
21026 1658396916 0 7 $GNGGA,094835.000,4424.74417,N,00855.50072,E,1,10,0.9,6.3,M,44.6,M,,*45
21027 1658396917 0 3 2.593 4.979
21028 1658396917 0 4 2.488 1.476
21029 1658396917 0 5 0.60
21030 1658396917 0 6 0.11
21031 1658396917 0 8 4.997 9.766 9.36
21032 1658396917 0 1 2.547
21033 1658396918 0 0 25.74 7.19 179.8 0.027 124.0 10.19 0.6 0.0 0.9 0.41 0.02 0.0
21034 1658396918 0 7 $GNGGA,094836.000,4424.74407,N,00855.50064,E,1,10,0.9,6.3,M,44.6,M,,*40
21035 1658396918 0 7 $GNGGA,094837.000,4424.74399,N,00855.50062,E,1,10,0.9,6.3,M,44.6,M,,*47
21036 1658396919 0 7 $GNGGA,094838.000,4424.74388,N,00855.50070,E,1,10,0.9,6.0,M,44.6,M,,*48
21037 1658396920 0 3 2.593 4.979
21038 1658396920 0 4 2.488 1.442
21039 1658396920 0 5 0.60
21040 1658396920 0 6 0.11
21041 1658396920 0 8 4.997 9.766 9.36
21042 1658396921 0 1 1.410
21043 1658396921 0 0 25.74 7.19 179.8 0.027 123.9 10.18 0.6 0.0 1.0 0.41 0.02 0.0
21044 1658396921 0 7 $GNGGA,094839.000,4424.74375,N,00855.50073,E,1,10,0.9,5.5,M,44.6,M,,*4E
21045 1658396921 0 7 $GNGGA,094840.000,4424.74367,N,00855.50070,E,1,10,0.9,5.5,M,44.6,M,,*40
21046 1658396922 0 7 $GNGGA,094841.000,4424.74356,N,00855.50065,E,1,10,0.9,5.5,M,44.6,M,,*47
21047 1658396923 0 3 2.593 4.979
21048 1658396923 0 4 2.488 1.457
21049 1658396923 0 5 0.60
21050 1658396923 0 6 0.11
21051 1658396923 0 8 4.997 9.756 9.34
21052 1658396923 0 1 0.347
21053 1658396924 0 0 25.74 7.19 180.3 0.027 123.9 10.18 0.5 0.0 0.8 0.41 0.02 0.0
21054 1658396924 0 7 $GNGGA,094842.000,4424.74348,N,00855.50053,E,1,10,0.9,5.6,M,44.6,M,,*4D
21055 1658396924 0 7 $GNGGA,094843.000,4424.74342,N,00855.50040,E,1,10,0.9,5.6,M,44.6,M,,*44
21056 1658396925 0 7 $GNGGA,094844.000,4424.74330,N,00855.50024,E,1,10,0.9,5.7,M,44.6,M,,*45
21057 1658396926 0 3 2.593 4.979
21058 1658396926 0 4 2.488 1.457
21059 1658396926 0 5 0.61
21060 1658396926 0 6 0.11
21061 1658396926 0 8 4.997 9.756 9.36
21062 1658396926 0 1 1.966
21063 1658396927 0 0 25.74 7.20 181.1 0.027 123.9 10.18 0.5 0.0 0.9 0.41 0.02 0.0
21064 1658396927 0 7 $GNGGA,094845.000,4424.74293,N,00855.50019,E,1,10,0.9,5.4,M,44.6,M,,*41
21065 1658396927 0 7 $GNGGA,094846.000,4424.74260,N,00855.49967,E,1,10,0.9,5.1,M,44.6,M,,*43
21066 1658396928 0 7 $GNGGA,094847.000,4424.74250,N,00855.49951,E,1,10,0.9,5.1,M,44.6,M,,*44
21067 1658396929 0 3 2.593 4.979
21068 1658396929 0 4 2.488 1.442
21069 1658396929 0 5 0.60
21070 1658396929 0 6 0.11
21071 1658396929 0 8 4.997 9.766 9.36
21072 1658396929 0 1 0.455
21073 1658396930 0 0 25.75 7.17 183.9 0.027 123.9 10.17 0.5 0.0 0.9 0.41 0.02 0.0
21074 1658396930 0 7 $GNGGA,094848.000,4424.74245,N,00855.49937,E,1,10,0.9,5.1,M,44.6,M,,*4F
21075 1658396930 0 7 $GNGGA,094849.000,4424.74233,N,00855.49917,E,1,10,0.9,5.2,M,44.6,M,,*4E
21076 1658396931 0 7 $GNGGA,094850.000,4424.74227,N,00855.49864,E,1,10,0.9,5.0,M,44.6,M,,*44
21077 1658396932 0 3 2.593 4.979
21078 1658396932 0 4 2.488 1.442
21079 1658396932 0 5 0.60
21080 1658396932 0 6 0.11
21081 1658396932 0 8 4.997 9.766 9.34
21082 1658396933 0 7 $GNGGA,094851.000,4424.74204,N,00855.49804,E,1,10,0.9,4.8,M,44.6,M,,*4B
21083 1658396933 0 7 $GNGGA,094852.000,4424.74184,N,00855.49755,E,1,10,0.9,4.3,M,44.6,M,,*43
21084 1658396934 0 0 25.78 7.13 186.1 0.026 123.9 10.17 0.7 0.0 1.7 0.41 0.02 0.0
21085 1658396934 0 1 0.721
21086 1658396934 0 1 0.404
21087 1658396934 0 1 0.448
21088 1658396935 0 3 2.593 4.979
21089 1658396935 0 4 2.488 1.439
21090 1658396935 0 5 0.60
21091 1658396935 0 6 0.11
21092 1658396935 0 8 4.997 9.766 9.34
21093 1658396935 0 0 25.81 7.08 191.0 0.026 123.8 10.16 0.8 0.0 2.3 0.41 0.02 0.0
21094 1658396936 0 7 $GNGGA,094853.000,4424.74153,N,00855.49695,E,1,10,0.9,4.1,M,44.6,M,,*47
21095 1658396937 0 7 $GNGGA,094856.000,4424.74029,N,00855.49519,E,1,10,0.9,3.2,M,44.6,M,,*4D
21096 1658396938 0 3 2.593 4.979
21097 1658396938 0 4 2.488 1.439
21098 1658396938 0 5 0.60
21099 1658396938 0 6 0.10
21100 1658396938 0 8 4.997 9.766 9.34
21101 1658396939 0 0 25.90 7.10 190.9 0.026 123.8 10.14 0.9 0.0 2.9 0.41 0.02 0.0
21102 1658396939 0 7 $GNGGA,094857.000,4424.73990,N,00855.49421,E,1,10,0.9,3.7,M,44.6,M,,*4F
21103 1658396939 0 7 $GNGGA,094858.000,4424.73954,N,00855.49316,E,1,10,0.9,3.8,M,44.6,M,,*44
21104 1658396940 0 7 $GNGGA,094859.000,4424.73907,N,00855.49211,E,1,10,0.9,4.0,M,44.6,M,,*4A
21107 1658396941 0 5 0.60
21108 1658396941 0 6 0.11
21109 1658396941 0 8 4.997 9.756 9.34
21110 1658396941 0 0 25.94 7.14 187.5 0.026 123.8 10.13 0.6 0.0 1.5 0.41 0.02 0.0
21113 1658396943 0 7 $GNGGA,094902.000,4424.73754,N,00855.48975,E,1,10,0.9,4.3,M,44.6,M,,*46
21120 1658396945 0 1 0.708
21121 1658396945 0 7 $GNGGA,094903.000,4424.73689,N,00855.48881,E,1,10,0.9,4.3,M,44.6,M,,*4C
21132 1658396948 0 7 $GNGGA,094907.000,4424.73418,N,00855.48501,E,1,10,0.9,4.5,M,44.6,M,,*41
21133 1658396949 0 7 $GNGGA,094908.000,4424.73368,N,00855.48432,E,1,10,0.9,5.0,M,44.6,M,,*4B
21138 1658396950 0 8 4.997 9.756 9.36
21139 1658396950 0 1 0.269
21140 1658396951 0 0 25.98 7.07 193.0 0.025 123.7 10.11 0.6 0.0 1.7 0.41 0.02 0.0
21143 1658396952 0 7 $GNGGA,094911.000,4424.73212,N,00855.48174,E,1,10,0.9,5.3,M,44.6,M,,*4B
21145 1658396953 0 4 2.488 1.427
21152 1658396954 0 7 $GNGGA,094913.000,4424.73124,N,00855.47982,E,1,10,0.9,5.3,M,44.6,M,,*41
21155 1658396956 0 4 2.487 1.414
21156 1658396956 0 5 0.60
21157 1658396956 0 6 0.11
21163 1658396958 0 7 $GNGGA,094917.000,4424.72987,N,00855.47621,E,1,10,0.9,5.0,M,44.6,M,,*40
21172 1658396960 0 7 $GNGGA,094919.000,4424.72934,N,00855.47379,E,1,10,0.9,4.8,M,44.6,M,,*47
21173 1658396961 0 7 $GNGGA,094920.000,4424.72906,N,00855.47278,E,1,10,0.9,4.7,M,44.6,M,,*43
21174 1658396962 0 3 2.593 4.979
21177 1658396962 0 6 0.11
21178 1658396962 0 8 4.997 9.756 9.34
21179 1658396963 0 7 $GNGGA,094921.000,4424.72880,N,00855.47176,E,1,10,0.9,4.7,M,44.6,M,,*40
21180 1658396963 0 7 $GNGGA,094922.000,4424.72852,N,00855.47077,E,1,10,0.9,4.7,M,44.6,M,,*4C
21181 1658396964 0 0 25.95 7.00 200.5 0.024 123.6 10.11 0.4 0.0 1.0 0.41 0.01 0.0
21182 1658396964 0 1 -5.101
21183 1658396964 0 1 1.505
21184 1658396964 0 1 3.018
21185 1658396965 0 3 2.593 4.979
21186 1658396965 0 4 2.487 1.412
21187 1658396965 0 5 0.60
21188 1658396965 0 6 0.11
21189 1658396965 0 8 4.997 9.756 9.36
21190 1658396965 0 1 1.661
21191 1658396966 0 0 25.93 7.01 200.1 0.024 123.6 10.12 0.4 0.0 0.6 0.41 0.01 0.0
21192 1658396966 0 7 $GNGGA,094923.000,4424.72830,N,00855.46970,E,1,10,0.9,4.7,M,44.6,M,,*46
21193 1658396968 0 7 $GNGGA,094926.000,4424.72755,N,00855.46744,E,1,10,0.9,4.5,M,44.6,M,,*44
21194 1658396968 0 4 2.487 1.411
21195 1658396968 0 5 0.60
21196 1658396969 0 6 0.11
21197 1658396969 0 8 4.997 9.747 9.36
21198 1658396969 0 1 3.845
21199 1658396969 0 0 25.96 7.00 202.2 0.024 123.6 10.11 0.5 0.0 0.9 0.41 0.01 0.0
21200 1658396969 0 7 $GNGGA,094927.000,4424.72731,N,00855.46679,E,1,10,0.9,4.4,M,44.6,M,,*49
21201 1658396970 0 7 $GNGGA,094929.000,4424.72670,N,00855.46580,E,1,10,0.9,4.5,M,44.6,M,,*47
21202 1658396971 0 3 2.593 4.979
21203 1658396971 0 4 2.487 1.409
21204 1658396971 0 5 0.60
21205 1658396971 0 6 0.11
21206 1658396971 0 8 4.997 9.766 9.36
21207 1658396971 0 1 3.160
21208 1658396972 0 0 25.98 6.97 205.3 0.024 123.6 10.10 0.6 0.0 1.1 0.41 0.01 0.0
21209 1658396972 0 7 $GNGGA,094930.000,4424.72641,N,00855.46493,E,1,10,0.9,4.6,M,44.6,M,,*4D
21210 1658396972 0 7 $GNGGA,094931.000,4424.72617,N,00855.46381,E,1,10,0.9,4.7,M,44.6,M,,*4A
21211 1658396973 0 7 $GNGGA,094932.000,4424.72590,N,00855.46261,E,1,10,0.9,4.8,M,44.6,M,,*45
21212 1658396974 0 3 2.593 4.979
21213 1658396974 0 4 2.487 1.411
21214 1658396974 0 5 0.60
21215 1658396974 0 6 0.11
21216 1658396974 0 8 4.997 9.766 9.36
21217 1658396975 0 1 4.742
21218 1658396975 0 0 26.01 7.02 204.1 0.024 123.5 10.09 0.6 0.0 1.3 0.41 0.01 0.0
21219 1658396975 0 7 $GNGGA,094933.000,4424.72565,N,00855.46143,E,1,10,0.9,4.6,M,44.6,M,,*43
21220 1658396975 0 7 $GNGGA,094934.000,4424.72543,N,00855.46018,E,1,10,0.9,4.8,M,44.6,M,,*41
21221 1658396976 0 7 $GNGGA,094935.000,4424.72515,N,00855.45915,E,1,10,0.9,4.8,M,44.6,M,,*44
22597 1658397432 0 3 2.570 4.979
22598 1658397432 0 4 2.527 1.354
22599 1658397433 0 5 0.63
22600 1658397433 0 6 0.12
22601 1658397433 0 8 4.997 9.879 9.34
22602 1658397433 0 1 2.552
22603 1658397433 0 0 26.49 8.20 143.9 67.32 119.7 7.49 15.9 0.0 525.9 0.50 45.80 1.1
22604 1658397433 0 7 $GNGGA,095711.000,4424.75771,N,00855.20146,E,1,12,0.9,4.0,M,44.7,M,,*4C
22605 1658397435 0 3 2.570 4.979
22606 1658397435 0 4 2.525 1.359
22607 1658397435 0 5 0.63
22608 1658397436 0 6 0.12
22609 1658397436 0 8 4.997 9.869 9.31
22610 1658397436 0 1 2.580
22611 1658397436 0 0 26.45 8.20 143.6 67.42 119.8 7.50 15.9 0.0 541.9 0.49 45.87 1.1
22612 1658397436 0 7 $GNGGA,095714.000,4424.75788,N,00855.20153,E,1,12,0.9,4.0,M,44.7,M,,*4B
22613 1658397438 0 3 2.571 4.979
22614 1658397438 0 4 2.521 1.382
22615 1658397438 0 5 0.62
22616 1658397439 0 6 0.12
22617 1658397439 0 8 4.997 9.879 9.31
22618 1658397439 0 1 2.794
22619 1658397439 0 7 $GNGGA,095717.000,4424.75854,N,00855.20150,E,1,12,0.9,4.0,M,44.7,M,,*45
22620 1658397439 0 0 26.21 8.20 143.3 67.41 124.0 7.79 16.0 0.0 539.7 0.48 45.87 1.1
22621 1658397440 0 7 $GNGGA,095719.000,4424.75905,N,00855.20160,E,1,12,0.9,3.9,M,44.7,M,,*43
22622 1658397441 0 3 2.573 4.979
22623 1658397441 0 4 2.565 1.387
22624 1658397441 0 5 0.62
22625 1658397442 0 6 0.11
22626 1658397442 0 8 4.997 9.860 9.31
22627 1658397442 0 7 $GNGGA,095720.000,4424.75917,N,00855.20161,E,1,12,0.9,4.0,M,44.7,M,,*45
22628 1658397442 0 7 $GNGGA,095721.000,4424.75926,N,00855.20164,E,1,12,0.9,4.0,M,44.7,M,,*43
22629 1658397443 0 7 $GNGGA,095722.000,4424.75939,N,00855.20165,E,1,12,0.9,4.0,M,44.7,M,,*4F
22630 1658397444 0 0 25.89 8.20 143.1 67.44 124.6 7.87 16.1 0.0 559.7 0.87 45.90 1.0
22631 1658397444 0 1 4.863
22632 1658397444 0 3 2.586 4.979
22633 1658397444 0 4 2.633 1.447
22634 1658397445 0 5 0.62
22635 1658397445 0 6 0.11
22636 1658397445 0 8 4.997 9.860 9.34
22637 1658397445 0 1 5.518
22638 1658397445 0 0 25.73 8.20 142.9 67.36 125.0 7.93 16.1 0.0 557.2 1.30 45.84 1.0
22639 1658397445 0 7 $GNGGA,095723.000,4424.75953,N,00855.20165,E,1,12,0.9,4.1,M,44.7,M,,*43
22640 1658397447 0 3 2.687 4.979
22641 1658397447 0 4 2.658 1.459
22642 1658397448 0 5 0.62
22643 1658397448 0 6 0.11
22644 1658397448 0 8 4.997 9.879 9.31
22645 1658397448 0 1 5.258
22646 1658397448 0 0 25.75 8.19 142.0 67.37 124.8 7.91 16.1 0.0 550.6 1.70 45.86 1.0
22647 1658397448 0 7 $GNGGA,095726.000,4424.76014,N,00855.20184,E,1,12,0.9,4.3,M,44.7,M,,*42
22648 1658397450 0 3 2.739 4.979
22649 1658397450 0 4 2.663 1.457
22650 1658397450 0 5 0.61
22651 1658397450 0 6 0.11
22652 1658397451 0 8 4.997 9.898 9.31
22653 1658397451 0 1 4.690
22654 1658397451 0 0 25.75 8.19 141.6 67.36 125.1 7.92 16.1 0.0 547.8 2.11 45.85 1.0
22655 1658397451 0 7 $GNGGA,095729.000,4424.76050,N,00855.20189,E,1,12,0.9,4.5,M,44.7,M,,*46
22656 1658397452 0 7 $GNGGA,095731.000,4424.76075,N,00855.20192,E,1,12,0.9,4.6,M,44.7,M,,*41
22657 1658397453 0 3 2.785 4.979
22658 1658397453 0 4 2.666 1.459
22659 1658397453 0 5 0.61
22660 1658397453 0 6 0.11
22661 1658397454 0 8 4.997 9.888 9.31
22662 1658397454 0 1 5.289
22663 1658397454 0 7 $GNGGA,095732.000,4424.76086,N,00855.20196,E,1,12,0.9,4.6,M,44.7,M,,*4A
22664 1658397454 0 0 25.75 8.19 140.6 67.43 125.0 7.91 16.1 0.0 540.9 2.52 45.90 1.0
22665 1658397455 0 7 $GNGGA,095734.000,4424.76112,N,00855.20199,E,1,12,0.9,4.7,M,44.7,M,,*4E
22666 1658397456 0 3 2.785 4.979
22667 1658397456 0 4 2.669 1.506
22668 1658397456 0 5 0.61
22669 1658397456 0 6 0.11
22670 1658397457 0 8 4.997 9.888 9.31
22671 1658397457 0 1 5.129
22672 1658397457 0 7 $GNGGA,095735.000,4424.76124,N,00855.20197,E,1,12,0.9,4.8,M,44.7,M,,*4B
22673 1658397457 0 0 25.72 8.19 139.1 67.47 125.2 7.93 16.1 0.0 540.7 2.91 45.93 1.0
22674 1658397458 0 7 $GNGGA,095737.000,4424.76151,N,00855.20192,E,1,12,0.9,4.9,M,44.7,M,,*4F
22676 1658397459 0 4 2.671 1.594
22677 1658397459 0 5 0.60
22678 1658397459 0 6 0.11
22679 1658397460 0 8 4.997 9.888 9.31
22680 1658397460 0 1 5.067
22681 1658397460 0 7 $GNGGA,095738.000,4424.76166,N,00855.20189,E,1,12,0.9,5.0,M,44.7,M,,*46
22682 1658397460 0 0 25.71 8.18 135.9 67.35 125.5 7.96 16.1 0.0 534.3 3.24 45.84 1.0
22683 1658397461 0 7 $GNGGA,095740.000,4424.76188,N,00855.20193,E,1,12,0.9,5.1,M,44.7,M,,*43
22684 1658397462 0 3 2.795 4.979
22685 1658397462 0 4 2.672 1.591
22686 1658397462 0 5 0.60
22687 1658397462 0 6 0.11
22688 1658397463 0 8 4.997 9.916 9.31
22689 1658397463 0 1 5.265
22690 1658397463 0 7 $GNGGA,095741.000,4424.76201,N,00855.20190,E,1,12,0.9,5.2,M,44.7,M,,*40
22691 1658397463 0 0 25.70 8.18 132.6 67.40 125.7 7.97 16.0 0.0 525.2 3.48 45.88 1.0
22692 1658397464 0 7 $GNGGA,095743.000,4424.76217,N,00855.20202,E,1,12,0.9,5.2,M,44.7,M,,*4D
22693 1658397465 0 3 2.798 4.979
22694 1658397465 0 4 2.675 1.589
22695 1658397465 0 5 0.60
22696 1658397465 0 6 0.11
22697 1658397466 0 8 4.997 9.898 9.31
22698 1658397466 0 1 5.292
22699 1658397466 0 7 $GNGGA,095744.000,4424.76227,N,00855.20208,E,1,12,0.9,5.3,M,44.7,M,,*42
22700 1658397466 0 0 25.74 8.19 130.2 67.34 125.8 7.97 16.0 0.0 519.2 3.81 45.83 1.0
22701 1658397467 0 7 $GNGGA,095746.000,4424.76278,N,00855.20244,E,1,12,0.9,5.4,M,44.7,M,,*45
22702 1658397468 0 3 2.804 4.979
22703 1658397468 0 4 2.676 1.591
22704 1658397468 0 5 0.59
22705 1658397468 0 6 0.10
22706 1658397469 0 8 4.997 9.888 9.34
22707 1658397469 0 1 5.454
22708 1658397469 0 0 25.72 8.19 128.1 67.44 125.8 7.97 15.9 0.0 515.5 4.14 45.91 1.0
22709 1658397469 0 7 $GNGGA,095747.000,4424.76289,N,00855.20249,E,1,12,0.9,5.4,M,44.7,M,,*47
22710 1658397471 0 3 2.810 4.979
22711 1658397471 0 4 2.678 1.591
22712 1658397471 0 5 0.59
22713 1658397471 0 6 0.10
22714 1658397472 0 8 4.997 9.898 9.31
22716 1658397472 0 7 $GNGGA,095751.000,4424.76334,N,00855.20250,E,1,12,0.9,5.6,M,44.7,M,,*4D
22717 1658397473 0 7 $GNGGA,095752.000,4424.76341,N,00855.20249,E,1,12,0.9,5.6,M,44.7,M,,*44
22718 1658397474 0 0 25.69 8.18 125.2 67.36 125.8 7.98 15.9 0.0 509.9 4.46 45.85 1.0
22719 1658397474 0 1 5.115
22720 1658397474 0 3 2.819 4.979
22722 1658397474 0 5 0.59
22723 1658397475 0 6 0.10
22724 1658397475 0 8 4.997 9.926 9.34
22725 1658397475 0 1 4.994
22726 1658397475 0 0 25.64 8.18 122.5 67.40 125.9 7.99 15.9 0.0 507.5 4.80 45.88 1.0
22727 1658397475 0 7 $GNGGA,095753.000,4424.76352,N,00855.20247,E,1,12,0.9,5.6,M,44.7,M,,*49
22728 1658397477 0 3 2.821 4.979
22729 1658397477 0 4 2.683 1.596
22730 1658397477 0 5 0.58
22731 1658397477 0 6 0.10
22732 1658397478 0 8 4.997 9.907 9.31
22733 1658397478 0 1 5.476
22734 1658397478 0 7 $GNGGA,095756.000,4424.76432,N,00855.20267,E,1,11,0.9,5.7,M,44.7,M,,*4D
22735 1658397478 0 0 25.60 8.18 120.0 67.40 126.1 8.01 15.9 0.0 502.1 5.11 45.88 1.0
22736 1658397479 0 7 $GNGGA,095758.000,4424.76455,N,00855.20274,E,1,11,0.9,5.7,M,44.7,M,,*40
22737 1658397480 0 3 2.808 4.979
22739 1658397480 0 5 0.58
22740 1658397480 0 6 0.10
22741 1658397481 0 8 4.997 9.907 9.31
22742 1658397481 0 1 5.236
22743 1658397481 0 7 $GNGGA,095759.000,4424.76468,N,00855.20280,E,1,11,0.9,5.7,M,44.7,M,,*44
22744 1658397481 0 0 25.56 8.18 118.6 67.49 126.3 8.02 15.9 0.0 498.7 5.50 45.95 1.0
22746 1658397483 0 3 2.816 4.979
22747 1658397483 0 4 2.690 1.619
22748 1658397484 0 5 0.58
22749 1658397484 0 6 0.10
22750 1658397484 0 8 4.997 9.916 9.31
22751 1658397484 0 1 5.324
22752 1658397484 0 0 25.49 8.19 117.2 67.47 126.2 8.02 15.9 0.0 496.1 5.81 45.94 1.0
22753 1658397484 0 7 $GNGGA,095802.000,4424.76507,N,00855.20285,E,1,11,0.9,5.8,M,44.7,M,,*47
22754 1658397486 0 3 2.823 4.979
22755 1658397486 0 4 2.694 1.616
22756 1658397486 0 5 0.57
22757 1658397487 0 6 0.10
22762 1658397489 0 3 2.832 4.979
22763 1658397489 0 4 2.696 1.619
22764 1658397489 0 5 0.57
22765 1658397489 0 6 0.10
22766 1658397490 0 8 4.997 9.926 9.31
22767 1658397490 0 1 4.999
22768 1658397490 0 0 25.19 8.20 117.5 67.41 126.0 8.05 15.9 0.0 495.8 6.25 45.90 1.0
22769 1658397490 0 7 $GNGGA,095808.000,4424.76569,N,00855.20307,E,1,11,0.9,5.9,M,44.7,M,,*4F
22770 1658397491 0 7 $GNGGA,095810.000,4424.76591,N,00855.20320,E,1,11,0.9,6.0,M,44.7,M,,*4E
22771 1658397492 0 3 2.821 4.979
22772 1658397492 0 4 2.700 1.616
22773 1658397492 0 5 0.57
22774 1658397492 0 6 0.10
22775 1658397493 0 8 4.997 9.907 9.31
22776 1658397493 0 1 4.283
22777 1658397493 0 0 25.11 8.20 117.7 67.52 125.9 8.05 15.9 0.0 493.9 6.24 45.98 1.0
22778 1658397493 0 7 $GNGGA,095811.000,4424.76604,N,00855.20328,E,1,11,0.9,6.0,M,44.7,M,,*48
22779 1658397494 0 7 $GNGGA,095813.000,4424.76622,N,00855.20344,E,1,11,0.9,6.0,M,44.7,M,,*44
22780 1658397495 0 3 2.813 4.979
22781 1658397495 0 4 2.702 1.616
22782 1658397495 0 5 0.57
22783 1658397495 0 6 0.10
22784 1658397496 0 8 4.997 9.907 9.31
22785 1658397496 0 1 4.449
22786 1658397496 0 7 $GNGGA,095814.000,4424.76628,N,00855.20349,E,1,11,0.9,6.0,M,44.7,M,,*44
22787 1658397496 0 0 25.05 8.20 117.9 67.47 125.7 8.05 15.9 0.0 487.8 6.25 45.95 1.0
22788 1658397497 0 7 $GNGGA,095816.000,4424.76646,N,00855.20357,E,1,11,0.9,6.1,M,44.7,M,,*40
22789 1658397498 0 3 2.821 4.979
22790 1658397498 0 4 2.703 1.639
22791 1658397499 0 5 0.56
22792 1658397499 0 6 0.10
22793 1658397499 0 8 4.997 9.898 9.31
22794 1658397499 0 1 4.537
22795 1658397499 0 0 25.04 8.20 118.1 67.39 125.6 8.05 15.8 0.0 480.9 6.07 45.89 1.0
22796 1658397499 0 7 $GNGGA,095817.000,4424.76657,N,00855.20362,E,1,11,0.9,6.1,M,44.7,M,,*47
22797 1658397501 0 3 2.823 4.979
22798 1658397501 0 4 2.706 1.656
22799 1658397501 0 5 0.56
22800 1658397501 0 6 0.10
22801 1658397502 0 8 4.997 9.898 9.31
22802 1658397502 0 7 $GNGGA,095820.000,4424.76678,N,00855.20379,E,1,11,0.9,6.1,M,44.7,M,,*44
22803 1658397502 0 7 $GNGGA,095821.000,4424.76684,N,00855.20382,E,1,11,0.9,6.1,M,44.7,M,,*42
22804 1658397503 0 7 $GNGGA,095822.000,4424.76691,N,00855.20386,E,1,11,0.9,6.1,M,44.7,M,,*41
22805 1658397504 0 0 25.06 8.20 118.3 67.33 125.4 8.04 15.8 0.0 471.9 5.62 45.84 1.0
22806 1658397504 0 1 5.456
22807 1658397504 0 3 2.829 4.979
22808 1658397504 0 4 2.708 1.651
22809 1658397504 0 5 0.56
22810 1658397505 0 6 0.10
22811 1658397505 0 8 4.997 9.907 9.31
22812 1658397505 0 1 4.962
22813 1658397505 0 0 25.26 8.20 118.4 67.16 125.2 8.00 15.7 0.0 456.9 5.22 45.70 1.0
22814 1658397505 0 7 $GNGGA,095823.000,4424.76707,N,00855.20359,E,1,11,0.9,6.3,M,44.7,M,,*4E
22815 1658397507 0 3 2.831 4.979
22816 1658397507 0 4 2.709 1.706
22817 1658397507 0 5 0.55
22818 1658397508 0 6 0.10
22819 1658397508 0 8 4.997 9.898 9.31
22820 1658397508 0 1 4.807
22821 1658397508 0 0 25.37 8.19 118.5 67.24 125.2 7.98 15.7 0.0 450.3 4.88 45.76 1.0
22822 1658397508 0 7 $GNGGA,095826.000,4424.76774,N,00855.20365,E,1,11,0.9,6.8,M,44.7,M,,*4B
22823 1658397510 0 3 2.832 4.979
22824 1658397510 0 4 2.710 1.701
22825 1658397510 0 5 0.55
22826 1658397510 0 6 0.09
22827 1658397511 0 8 4.997 9.907 9.31
22828 1658397511 0 1 5.809
22829 1658397511 0 7 $GNGGA,095829.000,4424.76799,N,00855.20394,E,1,11,0.9,6.9,M,44.7,M,,*48
22830 1658397511 0 0 25.42 8.19 118.4 67.30 125.2 7.98 15.7 0.0 447.0 4.51 45.81 1.0
22831 1658397512 0 7 $GNGGA,095831.000,4424.76814,N,00855.20407,E,1,11,0.9,6.9,M,44.7,M,,*46
22832 1658397513 0 3 2.834 4.979
22833 1658397513 0 4 2.712 1.703
22834 1658397513 0 5 0.55
22835 1658397513 0 6 0.09
22836 1658397514 0 8 4.997 9.898 9.31
22837 1658397514 0 1 4.784
22838 1658397514 0 7 $GNGGA,095832.000,4424.76820,N,00855.20413,E,1,11,0.9,6.9,M,44.7,M,,*47
22839 1658397514 0 0 25.43 8.19 118.1 67.19 125.2 7.98 15.6 0.0 441.7 4.17 45.72 1.0
22840 1658397515 0 7 $GNGGA,095834.000,4424.76845,N,00855.20430,E,1,11,0.9,6.9,M,44.7,M,,*43
22841 1658397516 0 3 2.834 4.979
22842 1658397516 0 4 2.712 1.703
22843 1658397516 0 5 0.55
22844 1658397516 0 6 0.09
22845 1658397517 0 8 4.997 9.888 9.31
22846 1658397517 0 1 6.096
22847 1658397517 0 7 $GNGGA,095835.000,4424.76855,N,00855.20432,E,1,11,0.9,7.0,M,44.7,M,,*49
22848 1658397517 0 0 25.47 8.19 117.8 67.33 125.3 7.97 15.6 0.0 434.3 3.87 45.83 1.0
22849 1658397518 0 7 $GNGGA,095837.000,4424.76875,N,00855.20444,E,1,11,0.9,7.0,M,44.7,M,,*48
22850 1658397519 0 3 2.834 4.979
22851 1658397519 0 4 2.713 1.706
22852 1658397519 0 5 0.55
22853 1658397519 0 6 0.09
22854 1658397520 0 8 4.997 9.907 9.31
22855 1658397520 0 1 5.540
22856 1658397520 0 0 25.55 8.19 117.4 67.22 125.5 7.98 15.5 0.0 429.3 3.56 45.74 0.9
22857 1658397520 0 7 $GNGGA,095838.000,4424.76884,N,00855.20451,E,1,11,0.9,7.0,M,44.7,M,,*4D
22858 1658397522 0 3 2.834 4.979
22859 1658397522 0 4 2.712 1.721
22860 1658397522 0 5 0.54
22861 1658397522 0 6 0.09
22862 1658397523 0 8 4.997 9.907 9.31
22863 1658397523 0 1 6.051
22864 1658397523 0 0 25.56 8.19 117.0 67.32 125.5 7.98 15.6 0.0 424.8 3.22 45.82 1.0
22865 1658397523 0 7 $GNGGA,095841.000,4424.76904,N,00855.20466,E,1,11,0.9,7.1,M,44.7,M,,*4F
22866 1658397524 0 7 $GNGGA,095843.000,4424.76916,N,00855.20472,E,1,11,0.9,7.1,M,44.7,M,,*4B
22867 1658397525 0 3 2.829 4.979
22868 1658397525 0 4 2.712 1.724
22869 1658397525 0 5 0.54
22870 1658397525 0 6 0.09
22871 1658397526 0 8 4.997 9.888 9.31
22872 1658397526 0 1 6.125
22873 1658397526 0 0 25.54 8.19 116.6 67.36 125.7 7.99 15.5 0.0 413.0 2.87 45.85 0.9
22874 1658397526 0 7 $GNGGA,095844.000,4424.76924,N,00855.20478,E,1,11,0.9,7.1,M,44.7,M,,*47
22875 1658397527 0 7 $GNGGA,095846.000,4424.76940,N,00855.20492,E,1,10,1.2,7.1,M,44.7,M,,*48
22876 1658397528 0 3 2.822 4.979
22877 1658397528 0 4 2.710 1.738
22878 1658397528 0 5 0.54
22879 1658397529 0 6 0.09
22880 1658397529 0 8 4.997 9.888 9.31
22881 1658397529 0 1 5.889
22882 1658397529 0 0 25.60 8.19 116.3 67.33 125.7 7.99 15.5 0.0 411.5 2.54 45.83 1.0
22883 1658397529 0 7 $GNGGA,095847.000,4424.76949,N,00855.20498,E,1,10,1.2,7.1,M,44.7,M,,*4A
22884 1658397531 0 3 2.807 4.979
22885 1658397531 0 4 2.710 1.738
22886 1658397531 0 5 0.54
22887 1658397531 0 6 0.09
22888 1658397532 0 8 4.997 9.888 9.31
22889 1658397532 0 7 $GNGGA,095850.000,4424.76974,N,00855.20521,E,1,10,1.2,7.1,M,44.7,M,,*41
22890 1658397533 0 7 $GNGGA,095852.000,4424.76986,N,00855.20535,E,1,10,1.2,7.1,M,44.7,M,,*4B
22891 1658397534 0 0 25.68 8.19 116.1 67.27 125.7 7.98 15.5 0.0 408.1 2.22 45.78 1.0
22892 1658397534 0 1 6.413
22893 1658397534 0 3 2.804 4.979
22894 1658397534 0 4 2.709 1.738
22895 1658397534 0 5 0.54
22896 1658397535 0 6 0.09
22897 1658397535 0 8 4.997 9.879 9.34
22898 1658397535 0 1 5.536
22899 1658397535 0 0 25.73 8.18 115.5 67.29 125.8 7.98 15.4 0.0 404.8 2.10 45.79 0.9
22900 1658397535 0 7 $GNGGA,095853.000,4424.76992,N,00855.20546,E,1,10,1.2,7.1,M,44.7,M,,*4B
22901 1658397537 0 3 2.795 4.979
22902 1658397537 0 4 2.707 1.738
22903 1658397537 0 5 0.54
22904 1658397537 0 6 0.09
22905 1658397538 0 8 4.997 9.888 9.31
22906 1658397538 0 1 5.615
22907 1658397538 0 7 $GNGGA,095856.000,4424.77040,N,00855.20569,E,1,11,0.9,6.3,M,44.7,M,,*4C
22908 1658397538 0 0 25.78 8.18 114.6 67.39 125.8 7.97 15.4 0.0 399.8 1.87 45.87 0.9
22909 1658397539 0 7 $GNGGA,095858.000,4424.77060,N,00855.20591,E,1,11,0.9,6.4,M,44.7,M,,*40
22910 1658397540 0 3 2.717 4.979
22911 1658397540 0 4 2.700 1.738
22912 1658397540 0 5 0.54
22913 1658397540 0 6 0.09
22914 1658397541 0 8 4.997 9.869 9.31
22915 1658397541 0 1 6.505
22916 1658397541 0 7 $GNGGA,095859.000,4424.77069,N,00855.20599,E,1,11,0.9,6.4,M,44.7,M,,*40
22918 1658397542 0 7 $GNGGA,095901.000,4424.77093,N,00855.20624,E,1,10,1.2,6.4,M,44.7,M,,*47
22919 1658397543 0 3 2.678 4.979
22920 1658397543 0 4 2.670 1.741
22921 1658397543 0 5 0.54
22922 1658397543 0 6 0.09
22923 1658397544 0 8 4.997 9.879 9.31
22924 1658397544 0 1 6.229
22925 1658397544 0 0 25.78 8.19 113.1 67.47 126.0 7.97 15.4 0.0 396.3 1.34 45.93 1.0
22926 1658397544 0 7 $GNGGA,095902.000,4424.77107,N,00855.20639,E,1,10,1.2,6.5,M,44.7,M,,*45
22927 1658397545 0 7 $GNGGA,095904.000,4424.77129,N,00855.20662,E,1,10,1.2,6.5,M,44.7,M,,*41
22928 1658397546 0 3 2.641 4.979
22929 1658397546 0 4 2.633 1.741
22930 1658397546 0 5 0.53
22931 1658397546 0 6 0.09
22932 1658397547 0 8 4.997 9.869 9.31
22933 1658397547 0 1 5.458
22934 1658397547 0 0 25.74 8.19 112.4 67.44 126.0 7.98 15.4 0.0 396.8 1.08 45.91 0.9
22935 1658397547 0 7 $GNGGA,095905.000,4424.77136,N,00855.20670,E,1,10,1.2,6.5,M,44.7,M,,*4D
22936 1658397548 0 7 $GNGGA,095907.000,4424.77161,N,00855.20692,E,1,10,1.2,6.6,M,44.7,M,,*42
22937 1658397549 0 3 2.618 4.979
22938 1658397549 0 4 2.593 1.728
22939 1658397550 0 5 0.53
22940 1658397550 0 6 0.09
22941 1658397550 0 8 4.997 9.869 9.31
22942 1658397550 0 1 4.871
22943 1658397550 0 0 25.74 8.19 111.6 67.44 126.0 7.98 15.4 0.0 393.9 0.85 45.91 1.0
22944 1658397550 0 7 $GNGGA,095908.000,4424.77171,N,00855.20700,E,1,10,1.2,6.6,M,44.7,M,,*46
22945 1658397552 0 3 2.615 4.979
22946 1658397552 0 4 2.574 1.721
22947 1658397552 0 5 0.53
22948 1658397552 0 6 0.09
22949 1658397553 0 8 4.997 9.869 9.31
22950 1658397553 0 1 4.435
22951 1658397553 0 7 $GNGGA,095911.000,4424.77200,N,00855.20728,E,1,10,1.2,6.6,M,44.7,M,,*41
22952 1658397553 0 0 25.78 8.19 110.9 67.40 126.0 7.98 15.4 0.0 391.7 0.70 45.88 1.0
22953 1658397554 0 7 $GNGGA,095913.000,4424.77218,N,00855.20739,E,1,10,1.2,6.6,M,44.7,M,,*4A
22954 1658397555 0 3 2.612 4.979
22955 1658397555 0 4 2.572 1.711
22956 1658397555 0 5 0.53
22957 1658397555 0 6 0.09
22958 1658397556 0 8 4.997 9.860 9.31
22959 1658397556 0 1 4.570
22960 1658397556 0 7 $GNGGA,095914.000,4424.77227,N,00855.20746,E,1,10,1.2,6.6,M,44.7,M,,*49
22961 1658397556 0 0 25.82 8.19 110.2 67.44 126.0 7.97 15.4 0.0 389.2 0.68 45.91 1.0
22962 1658397557 0 7 $GNGGA,095916.000,4424.77243,N,00855.20760,E,1,10,1.2,6.7,M,44.7,M,,*4C
22963 1658397558 0 3 2.613 4.979
22964 1658397558 0 4 2.573 1.689
22965 1658397558 0 5 0.53
22966 1658397558 0 6 0.09
22967 1658397559 0 8 4.997 9.879 9.29
22968 1658397559 0 1 5.136
22969 1658397559 0 7 $GNGGA,095917.000,4424.77259,N,00855.20802,E,1,10,1.2,6.9,M,44.7,M,,*43
22970 1658397559 0 0 25.83 8.19 109.9 67.41 126.0 7.97 15.4 0.0 388.5 0.70 45.88 1.0
22971 1658397560 0 7 $GNGGA,095919.000,4424.77277,N,00855.20820,E,1,10,1.2,6.8,M,44.7,M,,*40
