/home/danielacabiddu/Devel/src/MATRAC/test/tuttomatrac/data/porto_grid.mesh
10020 1658393333 0 3 2.617 4.979
10021 1658393334 0 4 2.584 1.534
10022 1658393334 0 5 0.86
10023 1658393334 0 6 0.09
10024 1658393334 0 8 4.997 9.841 9.54
10025 1658393334 0 1 2.296
10026 1658393334 0 0 26.72 8.18 130.6 67.47 132.0 8.23 16.9 0.0 276.2 0.79 45.91 1.1
10027 1658393335 0 7 $GNGGA,084853.000,4424.57055,N,00855.29927,E,1,12,0.8,6.5,M,44.7,M,,*44
10028 1658393336 0 3 2.619 4.979
10029 1658393337 0 4 2.583 1.531
10030 1658393337 0 5 0.86
10031 1658393337 0 6 0.09
10032 1658393337 0 8 4.997 9.850 9.54
10033 1658393337 0 1 2.426
10034 1658393337 0 0 26.71 8.18 130.6 67.55 132.2 8.24 16.9 0.0 277.0 0.83 45.96 1.1
10035 1658393337 0 7 $GNGGA,084856.000,4424.57076,N,00855.29972,E,1,12,0.8,6.9,M,44.7,M,,*4C
10036 1658393338 0 7 $GNGGA,084858.000,4424.57078,N,00855.29997,E,1,12,0.8,6.8,M,44.7,M,,*46
10045 1658393342 0 3 2.618 4.979
10046 1658393343 0 4 2.581 1.501
10047 1658393343 0 5 0.86
10050 1658393343 0 1 2.243
10051 1658393343 0 0 26.71 8.18 130.4 67.42 132.5 8.27 17.0 0.0 277.2 0.79 45.87 1.1
10053 1658393344 0 7 $GNGGA,084904.000,4424.57101,N,00855.30064,E,1,12,0.8,6.7,M,44.7,M,,*43
10055 1658393346 0 4 2.581 1.496
10056 1658393346 0 5 0.86
10058 1658393346 0 8 4.997 9.860 9.54
10061 1658393346 0 7 $GNGGA,084905.000,4424.57108,N,00855.30075,E,1,12,0.8,6.7,M,44.7,M,,*4B
10062 1658393347 0 7 $GNGGA,084907.000,4424.57121,N,00855.30091,E,1,12,0.8,6.7,M,44.7,M,,*48
10063 1658393348 0 3 2.619 4.979
10066 1658393349 0 6 0.10
10067 1658393349 0 8 4.997 9.850 9.54
10068 1658393349 0 1 2.425
10069 1658393349 0 0 26.72 8.18 130.2 67.48 132.7 8.27 17.0 0.0 277.8 0.82 45.91 1.1
10070 1658393350 0 7 $GNGGA,084908.000,4424.57126,N,00855.30098,E,1,12,0.8,6.6,M,44.7,M,,*48
10071 1658393350 0 7 $GNGGA,084910.000,4424.57134,N,00855.30112,E,1,12,0.8,6.6,M,44.7,M,,*41
10072 1658393351 0 3 2.619 4.979
10073 1658393352 0 4 2.584 1.496
10074 1658393352 0 5 0.86
10075 1658393352 0 6 0.10
10079 1658393352 0 7 $GNGGA,084911.000,4424.57137,N,00855.30118,E,1,12,0.8,6.5,M,44.7,M,,*4A
10080 1658393353 0 7 $GNGGA,084913.000,4424.57145,N,00855.30135,E,1,12,0.8,6.4,M,44.7,M,,*43
10081 1658393354 0 3 2.618 4.979
10082 1658393355 0 4 2.583 1.496
10083 1658393355 0 5 0.86
10084 1658393355 0 6 0.10
10085 1658393355 0 8 4.997 9.850 9.51
10086 1658393355 0 1 2.976
10087 1658393356 0 0 26.73 8.18 129.9 67.49 132.8 8.28 17.0 0.0 278.2 0.78 45.92 1.1
10088 1658393356 0 7 $GNGGA,084914.000,4424.57150,N,00855.30149,E,1,12,0.8,6.4,M,44.7,M,,*4B
10089 1658393357 0 3 2.617 4.979
10095 1658393358 0 0 26.73 8.18 129.9 67.48 132.5 8.26 17.0 0.0 277.4 0.82 45.91 1.1
10096 1658393358 0 7 $GNGGA,084917.000,4424.57192,N,00855.30232,E,1,12,0.8,6.9,M,44.7,M,,*44
10097 1658393359 0 7 $GNGGA,084919.000,4424.57205,N,00855.30267,E,1,12,0.8,6.8,M,44.7,M,,*46
10098 1658393360 0 3 2.598 4.979
10100 1658393361 0 5 0.88
10101 1658393361 0 6 0.11
10102 1658393361 0 8 4.997 9.860 9.54
10103 1658393361 0 1 8.806
10106 1658393362 0 7 $GNGGA,084922.000,4424.57229,N,00855.30323,E,1,12,0.8,6.7,M,44.7,M,,*4E
10107 1658393363 0 3 2.597 4.978
10108 1658393364 0 4 2.510 1.428
10109 1658393364 0 5 1.02
10110 1658393364 0 6 0.16
10111 1658393364 0 8 4.997 9.841 9.51
10112 1658393364 0 1 9.721
10113 1658393364 0 0 26.67 8.27 122.5 24.04 132.0 9.83 11.9 0.0 45.4 0.41 14.54 1.0
10114 1658393364 0 7 $GNGGA,084923.000,4424.57239,N,00855.30350,E,1,12,0.8,6.7,M,44.7,M,,*4A
10115 1658393365 0 7 $GNGGA,084925.000,4424.57248,N,00855.30437,E,1,12,0.8,6.0,M,44.7,M,,*4B
10116 1658393366 0 3 2.596 4.978
10118 1658393367 0 5 1.01
10119 1658393367 0 6 0.17
10120 1658393367 0 8 4.997 9.841 9.51
10121 1658393367 0 1 1.990
10123 1658393367 0 7 $GNGGA,084926.000,4424.57245,N,00855.30481,E,1,12,0.8,5.6,M,44.7,M,,*4D
10124 1658393368 0 7 $GNGGA,084928.000,4424.57271,N,00855.30542,E,1,12,0.8,5.7,M,44.7,M,,*4B
10125 1658393369 0 3 2.597 4.979
10128 1658393370 0 6 0.13
10129 1658393370 0 8 4.997 9.841 9.51
10130 1658393370 0 1 1.159
10133 1658393371 0 7 $GNGGA,084931.000,4424.57301,N,00855.30628,E,1,12,0.8,5.8,M,44.7,M,,*45
10135 1658393373 0 4 2.501 1.454
10136 1658393373 0 5 0.96
10140 1658393373 0 0 26.56 8.45 108.8 0.051 131.5 10.64 2.4 0.0 12.6 0.41 0.03 0.4
10141 1658393373 0 7 $GNGGA,084932.000,4424.57310,N,00855.30665,E,1,12,0.8,5.8,M,44.7,M,,*4F
10143 1658393375 0 3 2.599 4.979
10145 1658393376 0 5 0.94
10146 1658393376 0 6 0.18
10147 1658393376 0 8 4.997 9.850 9.51
10149 1658393377 0 0 26.52 8.51 107.0 0.046 131.5 10.65 2.4 0.0 7.8 0.41 0.02 0.4
10150 1658393377 0 7 $GNGGA,084935.000,4424.57331,N,00855.30748,E,1,12,0.8,5.9,M,44.7,M,,*44
10151 1658393378 0 3 2.598 4.979
10155 1658393379 0 8 4.997 9.841 9.54
10157 1658393379 0 0 26.48 8.37 114.2 0.043 131.4 10.65 2.8 0.0 13.3 0.41 0.02 0.4
10159 1658393380 0 7 $GNGGA,084940.000,4424.57352,N,00855.30887,E,1,12,0.8,6.1,M,44.7,M,,*44
10160 1658393381 0 3 2.597 4.978
10161 1658393382 0 4 2.499 1.434
10162 1658393382 0 5 0.95
10163 1658393382 0 6 0.17
10164 1658393382 0 8 4.997 9.841 9.54
10165 1658393382 0 1 0.716
10166 1658393382 0 0 26.46 8.63 94.7 0.040 131.4 10.65 1.1 0.0 3.5 0.41 0.02 0.2
10167 1658393382 0 7 $GNGGA,084941.000,4424.57353,N,00855.30916,E,1,12,0.8,6.1,M,44.7,M,,*4D
10168 1658393383 0 7 $GNGGA,084943.000,4424.57358,N,00855.30952,E,1,12,0.8,6.1,M,44.7,M,,*44
10169 1658393384 0 3 2.597 4.979
10170 1658393385 0 4 2.500 1.434
10171 1658393385 0 5 0.96
10172 1658393385 0 6 0.18
10173 1658393385 0 8 4.997 9.841 9.51
10174 1658393385 0 1 0.372
10175 1658393385 0 0 26.43 8.61 97.4 0.039 131.3 10.65 1.0 0.0 1.1 0.41 0.02 0.2
10176 1658393385 0 7 $GNGGA,084944.000,4424.57358,N,00855.30970,E,1,12,0.8,6.2,M,44.7,M,,*40
10177 1658393386 0 7 $GNGGA,084946.000,4424.57363,N,00855.31014,E,1,12,0.8,6.2,M,44.7,M,,*40
10178 1658393387 0 3 2.597 4.979
10179 1658393388 0 4 2.499 1.434
10180 1658393388 0 5 0.96
10181 1658393388 0 6 0.17
10182 1658393388 0 8 4.997 9.832 9.54
10183 1658393388 0 1 0.146
10184 1658393388 0 0 26.40 8.61 97.0 0.038 131.3 10.65 0.8 0.0 1.4 0.41 0.02 0.2
10185 1658393388 0 7 $GNGGA,084947.000,4424.57366,N,00855.31024,E,1,12,0.8,6.2,M,44.7,M,,*47
10186 1658393389 0 7 $GNGGA,084949.000,4424.57374,N,00855.31057,E,1,12,0.8,6.2,M,44.7,M,,*4E
10187 1658393390 0 3 2.599 4.979
10188 1658393391 0 4 2.498 1.431
10189 1658393391 0 5 0.95
10190 1658393391 0 6 0.17
10191 1658393391 0 8 4.997 9.841 9.47
10192 1658393391 0 1 1.345
10193 1658393392 0 0 26.36 8.49 105.5 0.037 131.2 10.65 1.0 0.0 0.9 0.41 0.02 0.2
10194 1658393392 0 7 $GNGGA,084950.000,4424.57377,N,00855.31074,E,1,12,0.8,6.2,M,44.7,M,,*44
10195 1658393393 0 3 2.598 4.979
10196 1658393394 0 4 2.499 1.429
10197 1658393394 0 5 0.96
10198 1658393394 0 6 0.17
10199 1658393394 0 8 4.997 9.558 9.49
10200 1658393394 0 1 0.420
10201 1658393394 0 0 26.31 8.51 104.3 0.036 131.1 10.66 0.9 0.0 2.1 0.41 0.02 0.1
10202 1658393394 0 7 $GNGGA,084953.000,4424.57388,N,00855.31134,E,1,12,0.8,6.2,M,44.7,M,,*42
10203 1658393395 0 7 $GNGGA,084955.000,4424.57393,N,00855.31179,E,1,12,0.8,6.2,M,44.7,M,,*47
10204 1658393396 0 3 2.598 4.979
10205 1658393397 0 4 2.498 1.381
10206 1658393397 0 5 0.96
10207 1658393397 0 6 0.17
10208 1658393397 0 8 4.997 9.832 9.54
10209 1658393397 0 1 0.249
10210 1658393397 0 0 26.28 8.32 118.5 0.035 130.9 10.65 1.7 0.0 3.5 0.41 0.02 0.2
10211 1658393398 0 7 $GNGGA,084956.000,4424.57394,N,00855.31191,E,1,12,0.8,6.1,M,44.7,M,,*46
10212 1658393399 0 3 2.599 4.979
10213 1658393400 0 4 2.498 1.389
10214 1658393400 0 5 0.95
10215 1658393400 0 6 0.16
10216 1658393400 0 8 4.997 9.832 9.45
10217 1658393400 0 1 0.115
10218 1658393400 0 0 26.27 8.47 107.5 0.034 130.8 10.64 0.9 0.0 1.4 0.41 0.02 0.1
10219 1658393400 0 7 $GNGGA,084959.000,4424.57404,N,00855.31222,E,1,12,0.8,6.1,M,44.7,M,,*4C
10220 1658393401 0 7 $GNGGA,085001.000,4424.57408,N,00855.31247,E,1,12,0.8,6.0,M,44.7,M,,*47
10221 1658393402 0 3 2.598 4.979
10222 1658393403 0 4 2.497 1.392
10223 1658393403 0 5 0.94
10224 1658393403 0 6 0.15
10225 1658393403 0 8 4.997 9.539 9.49
10226 1658393403 0 1 1.051
10227 1658393403 0 0 26.26 8.39 114.2 0.034 130.7 10.64 1.0 0.0 2.5 0.41 0.02 0.1
10228 1658393403 0 7 $GNGGA,085002.000,4424.57411,N,00855.31257,E,1,12,0.8,6.0,M,44.7,M,,*4D
10229 1658393404 0 7 $GNGGA,085004.000,4424.57433,N,00855.31348,E,1,12,0.8,6.1,M,44.7,M,,*45
10230 1658393405 0 3 2.596 4.979
10231 1658393406 0 4 2.497 1.394
10232 1658393406 0 5 0.92
10233 1658393406 0 6 0.15
10234 1658393406 0 8 4.997 9.850 9.51
10235 1658393406 0 1 0.125
10236 1658393407 0 0 26.25 8.29 122.0 0.033 130.6 10.62 1.9 0.0 6.8 0.41 0.02 0.2
10237 1658393407 0 7 $GNGGA,085005.000,4424.57435,N,00855.31364,E,1,12,0.8,6.1,M,44.7,M,,*4C
10238 1658393408 0 3 2.596 4.979
10242 1658393409 0 8 4.997 8.794 9.49
10243 1658393409 0 1 0.789
10244 1658393409 0 0 26.27 8.24 124.9 0.032 130.4 10.61 2.0 0.0 8.4 0.41 0.02 0.2
10245 1658393410 0 7 $GNGGA,085008.000,4424.57427,N,00855.31460,E,1,12,0.8,5.7,M,44.7,M,,*44
10246 1658393410 0 7 $GNGGA,085010.000,4424.57429,N,00855.31565,E,1,12,0.8,5.4,M,44.7,M,,*44
10247 1658393411 0 3 2.598 4.979
10248 1658393412 0 4 2.496 1.394
10249 1658393412 0 5 0.93
10250 1658393412 0 6 0.15
10251 1658393412 0 8 4.994 9.539 9.49
10252 1658393412 0 1 0.216
10253 1658393412 0 0 26.27 8.29 122.3 0.032 130.4 10.60 1.6 0.0 5.2 0.41 0.02 0.1
10254 1658393413 0 7 $GNGGA,085011.000,4424.57425,N,00855.31582,E,1,12,0.8,5.4,M,44.7,M,,*40
10255 1658393414 0 3 2.597 4.979
10256 1658393415 0 4 2.495 1.394
10257 1658393415 0 5 0.93
10258 1658393415 0 6 0.15
10259 1658393415 0 8 4.997 9.822 9.54
10260 1658393415 0 1 0.317
10261 1658393415 0 0 26.28 8.46 112.8 0.031 130.3 10.60 1.2 0.0 4.2 0.41 0.02 0.2
10262 1658393415 0 7 $GNGGA,085014.000,4424.57450,N,00855.31709,E,1,12,0.8,5.6,M,44.7,M,,*44
10263 1658393416 0 7 $GNGGA,085016.000,4424.57485,N,00855.31879,E,1,12,0.8,5.8,M,44.7,M,,*48
10264 1658393417 0 3 2.597 4.979
10265 1658393418 0 4 2.495 1.397
10266 1658393418 0 5 0.93
10267 1658393418 0 6 0.15
10268 1658393418 0 8 4.997 9.832 9.54
10269 1658393418 0 1 0.162
10270 1658393418 0 0 26.27 8.26 124.9 0.031 130.3 10.59 1.9 0.0 6.9 0.40 0.02 0.2
10271 1658393418 0 7 $GNGGA,085017.000,4424.57485,N,00855.31958,E,1,12,0.8,5.8,M,44.7,M,,*4B
10272 1658393419 0 7 $GNGGA,085019.000,4424.57492,N,00855.32087,E,1,12,0.8,5.8,M,44.7,M,,*4B
10273 1658393420 0 3 2.597 4.979
10274 1658393421 0 4 2.495 1.394
10275 1658393421 0 5 0.94
10276 1658393421 0 6 0.15
10277 1658393421 0 8 4.997 9.841 9.54
10278 1658393421 0 1 0.504
10280 1658393422 0 7 $GNGGA,085020.000,4424.57503,N,00855.32158,E,1,12,0.8,5.9,M,44.7,M,,*4A
10281 1658393423 0 3 2.597 4.979
10282 1658393424 0 4 2.492 1.397
10283 1658393424 0 5 0.94
10284 1658393424 0 6 0.15
10285 1658393424 0 8 4.997 9.850 9.54
10286 1658393424 0 1 0.137
10287 1658393424 0 0 26.24 8.31 122.3 0.030 130.2 10.60 1.3 0.0 3.0 0.41 0.02 0.1
10288 1658393424 0 7 $GNGGA,085023.000,4424.57509,N,00855.32289,E,1,12,0.8,6.0,M,44.7,M,,*46
10289 1658393425 0 7 $GNGGA,085025.000,4424.57498,N,00855.32346,E,1,12,0.8,6.1,M,44.7,M,,*4A
10290 1658393426 0 3 2.596 4.979
10291 1658393427 0 4 2.492 1.397
10292 1658393427 0 5 0.93
10293 1658393427 0 6 0.15
10294 1658393427 0 8 4.997 9.832 9.54
10295 1658393427 0 1 0.125
10296 1658393427 0 0 26.23 8.33 121.8 0.030 130.2 10.60 1.3 0.0 3.2 0.41 0.02 0.1
10297 1658393428 0 7 $GNGGA,085026.000,4424.57498,N,00855.32366,E,1,12,0.8,6.1,M,44.7,M,,*4B
10298 1658393429 0 3 2.597 4.979
10299 1658393430 0 4 2.492 1.387
10300 1658393430 0 5 0.93
10303 1658393430 0 1 0.292
10304 1658393430 0 0 26.23 8.32 122.5 0.029 130.2 10.60 1.1 0.0 2.9 0.41 0.02 0.1
10305 1658393430 0 7 $GNGGA,085029.000,4424.57493,N,00855.32415,E,1,12,0.8,6.2,M,44.7,M,,*4F
10306 1658393431 0 7 $GNGGA,085031.000,4424.57495,N,00855.32500,E,1,12,0.8,6.6,M,44.7,M,,*41
10307 1658393432 0 3 2.597 4.979
10308 1658393433 0 4 2.492 1.387
10309 1658393433 0 5 0.93
10310 1658393433 0 6 0.14
10311 1658393433 0 8 4.997 9.841 9.54
10312 1658393433 0 1 0.063
10313 1658393433 0 0 26.23 8.39 120.3 0.029 130.1 10.59 1.2 0.0 2.4 0.40 0.02 0.1
10314 1658393433 0 7 $GNGGA,085032.000,4424.57503,N,00855.32558,E,1,12,0.8,6.7,M,44.7,M,,*40
10315 1658393434 0 7 $GNGGA,085034.000,4424.57501,N,00855.32694,E,1,12,0.8,6.4,M,44.7,M,,*44
10316 1658393435 0 3 2.597 4.979
10317 1658393436 0 4 2.492 1.392
10318 1658393436 0 5 0.92
10319 1658393436 0 6 0.15
10320 1658393436 0 8 4.997 9.841 9.51
10321 1658393436 0 1 0.804
10322 1658393436 0 0 26.21 8.32 123.4 0.029 130.1 10.59 1.3 0.0 3.7 0.41 0.02 0.1
10323 1658393437 0 7 $GNGGA,085035.000,4424.57507,N,00855.32773,E,1,12,0.8,6.2,M,44.7,M,,*4D
10324 1658393438 0 3 2.597 4.979
10325 1658393439 0 4 2.492 1.387
10326 1658393439 0 5 0.92
10327 1658393439 0 6 0.14
10328 1658393439 0 8 4.997 9.841 9.54
10329 1658393439 0 1 0.032
10330 1658393439 0 0 26.21 8.30 127.2 0.028 130.1 10.60 0.9 0.0 2.1 0.41 0.02 0.1
10331 1658393439 0 7 $GNGGA,085038.000,4424.57520,N,00855.32992,E,1,12,0.8,6.1,M,44.7,M,,*47
10332 1658393440 0 7 $GNGGA,085040.000,4424.57525,N,00855.33129,E,1,12,0.8,5.6,M,44.7,M,,*40
10333 1658393441 0 3 2.597 4.979
10334 1658393442 0 4 2.492 1.384
10335 1658393442 0 5 0.91
10336 1658393442 0 6 0.13
10337 1658393442 0 8 4.997 9.841 9.54
10338 1658393442 0 1 0.209
10339 1658393442 0 0 26.18 8.22 130.7 0.028 130.1 10.60 1.0 0.0 2.4 0.41 0.02 0.1
10340 1658393443 0 7 $GNGGA,085041.000,4424.57539,N,00855.33206,E,1,12,0.8,5.1,M,44.7,M,,*45
10341 1658393444 0 3 2.597 4.979
10349 1658393446 0 7 $GNGGA,085046.000,4424.57581,N,00855.33592,E,1,12,0.8,4.5,M,44.7,M,,*4E
10350 1658393447 0 3 2.597 4.979
10358 1658393449 0 7 $GNGGA,085049.000,4424.57573,N,00855.33845,E,1,12,0.8,4.5,M,44.7,M,,*4B
10361 1658393451 0 2 nan 19.81200027 1.97639999 0.15240000 0.19149999 0.00510000 0.19190000 nan 1.00000000 64.27899932
10364 1658393452 0 7 $GNGGA,085052.000,4424.57596,N,00855.34029,E,1,12,0.8,5.2,M,44.7,M,,*49
10365 1658393453 0 3 2.597 4.979
10373 1658393455 0 7 $GNGGA,085055.000,4424.57644,N,00855.34211,E,1,12,0.8,6.3,M,44.7,M,,*49
10378 1658393457 0 8 4.997 9.832 9.54
11035 1658393689 0 5 0.88
11041 1658393690 0 7 $GNGGA,085449.000,4424.57290,N,00855.47692,E,1,12,0.8,9.6,M,44.7,M,,*4C
11042 1658393691 0 3 2.574 4.979
11048 1658393693 0 7 $GNGGA,085452.000,4424.57282,N,00855.47703,E,1,12,0.8,9.6,M,44.7,M,,*4C
11049 1658393694 0 3 2.574 4.979
11050 1658393694 0 4 2.514 1.302
11051 1658393695 0 5 0.88
11052 1658393695 0 6 0.13
11053 1658393695 0 8 4.997 9.803 9.51
11057 1658393697 0 3 2.574 4.979
11063 1658393698 0 0 27.04 8.17 133.7 67.41 126.7 7.86 17.1 0.0 348.6 0.39 45.84 1.1
11064 1658393698 0 7 $GNGGA,085456.000,4424.57270,N,00855.47724,E,1,12,0.8,9.6,M,44.7,M,,*40
11073 1658393703 0 3 2.578 4.979
11074 1658393703 0 4 2.576 1.300
11075 1658393704 0 5 0.87
11076 1658393704 0 6 0.12
11077 1658393704 0 8 4.997 9.794 9.51
11079 1658393704 0 0 26.91 8.17 133.1 67.49 126.7 7.87 17.2 0.0 358.2 0.57 45.92 1.1
11081 1658393706 0 3 2.652 4.979
11086 1658393707 0 1 3.053
11087 1658393707 0 0 26.68 8.18 132.7 67.50 126.7 7.90 17.2 0.0 364.7 1.26 45.93 1.1
11088 1658393707 0 7 $GNGGA,085505.000,4424.57253,N,00855.47803,E,1,12,0.8,9.9,M,44.7,M,,*43
11089 1658393709 0 3 2.770 4.979
11091 1658393710 0 5 0.86
11097 1658393712 0 3 2.774 4.979
11100 1658393713 0 6 0.12
11101 1658393713 0 8 4.997 9.822 9.51
11102 1658393713 0 1 3.979
11105 1658393714 0 7 $GNGGA,085513.000,4424.57236,N,00855.47856,E,1,12,0.8,9.9,M,44.7,M,,*47
11106 1658393715 0 3 2.780 4.979
11112 1658393716 0 0 26.23 8.19 132.1 67.58 126.6 7.95 17.3 0.0 374.8 3.38 46.00 1.1
11114 1658393717 0 7 $GNGGA,085516.000,4424.57233,N,00855.47873,E,1,12,0.8,9.9,M,44.7,M,,*40
11115 1658393718 0 3 2.793 4.979
11116 1658393719 0 4 2.693 1.397
11117 1658393719 0 5 0.85
11123 1658393721 0 3 2.796 4.979
11131 1658393724 0 3 2.805 4.979
11132 1658393724 0 4 2.695 1.402
11133 1658393725 0 5 0.85
11134 1658393725 0 6 0.12
11136 1658393725 0 1 8.102
11140 1658393727 0 4 2.695 1.414
11141 1658393728 0 5 0.84
11143 1658393728 0 8 4.997 9.803 9.51
11147 1658393730 0 3 2.820 4.979
11152 1658393731 0 1 8.110
11153 1658393731 0 0 25.59 8.18 132.0 67.41 126.6 8.04 17.3 0.0 373.9 5.73 45.89 1.0
11155 1658393733 0 3 2.821 4.979
11163 1658393736 0 3 2.804 4.979
11164 1658393736 0 4 2.695 1.414
11165 1658393737 0 5 0.81
11166 1658393737 0 6 0.11
11167 1658393737 0 8 4.997 9.803 9.51
11170 1658393738 0 7 $GNGGA,085537.000,4424.57241,N,00855.48020,E,1,12,0.8,10.0,M,44.7,M,,*76
11171 1658393739 0 3 2.805 4.979
11178 1658393742 0 3 2.810 4.979
11185 1658393744 0 7 $GNGGA,085543.000,4424.57244,N,00855.48067,E,1,12,0.8,10.1,M,44.7,M,,*72
11186 1658393745 0 3 2.806 4.979
11187 1658393746 0 4 2.694 1.486
11190 1658393746 0 8 4.997 9.907 9.51
11195 1658393748 0 3 2.807 4.979
11196 1658393748 0 4 2.694 1.479
11201 1658393749 0 0 25.79 8.19 131.6 67.43 126.3 7.99 17.1 0.0 351.6 4.74 45.90 1.1
11202 1658393749 0 7 $GNGGA,085547.000,4424.57251,N,00855.48090,E,1,12,0.8,10.2,M,44.7,M,,*79
11203 1658393751 0 3 2.811 4.979
11209 1658393752 0 0 25.81 8.19 131.4 67.38 126.3 7.99 17.0 0.0 349.5 4.73 45.86 1.1
11211 1658393754 0 3 2.815 4.979
11212 1658393755 0 4 2.695 1.479
11213 1658393755 0 5 0.78
11214 1658393755 0 6 0.11
11215 1658393755 0 8 4.997 9.530 9.49
11219 1658393757 0 3 2.815 4.979
11227 1658393760 0 3 2.823 4.979
11236 1658393764 0 4 2.695 1.482
11237 1658393764 0 5 0.77
11238 1658393764 0 6 0.10
11239 1658393764 0 8 4.997 9.502 9.47
11243 1658393766 0 3 2.833 4.979
11249 1658393767 0 0 25.81 8.20 131.2 67.36 126.3 7.99 17.0 0.0 337.5 4.73 45.85 1.1
11250 1658393767 0 7 $GNGGA,085605.000,4424.57242,N,00855.48178,E,1,12,0.8,10.3,M,44.7,M,,*78
11251 1658393769 0 3 2.837 4.979
11259 1658393772 0 3 2.841 4.979
11262 1658393773 0 6 0.10
11263 1658393773 0 8 4.997 9.502 9.51
11264 1658393773 0 1 7.161
11267 1658393775 0 3 2.821 4.979
11273 1658393776 0 0 25.81 8.20 131.1 67.42 126.4 8.00 17.0 0.0 330.3 4.74 45.89 1.1
11275 1658393778 0 3 2.825 4.979
11276 1658393779 0 4 2.695 1.482
11277 1658393779 0 5 0.75
11278 1658393779 0 6 0.10
11283 1658393781 0 3 2.830 4.979
11288 1658393782 0 1 6.295
11289 1658393782 0 0 25.82 8.20 131.0 67.40 126.5 8.00 16.9 0.0 324.6 4.73 45.88 1.1
11291 1658393784 0 3 2.834 4.979
11292 1658393785 0 4 2.695 1.482
11293 1658393785 0 5 0.75
11294 1658393785 0 6 0.10
11300 1658393788 0 4 2.695 1.479
11301 1658393788 0 5 0.75
11302 1658393788 0 6 0.10
11303 1658393788 0 8 4.997 9.794 9.51
11307 1658393790 0 3 2.842 4.979
11313 1658393791 0 0 25.82 8.20 131.0 67.49 126.6 8.01 16.8 0.0 317.7 4.74 45.94 1.1
11315 1658393793 0 3 2.844 4.979
11320 1658393794 0 1 6.773
11324 1658393797 0 4 2.696 1.479
11331 1658393799 0 3 2.853 4.979
11332 1658393800 0 4 2.697 1.479
11337 1658393800 0 0 25.83 8.20 130.8 67.41 126.8 8.02 16.9 0.0 311.5 4.74 45.88 1.1
11338 1658393800 0 7 $GNGGA,085638.000,4424.57236,N,00855.48281,E,1,12,0.8,10.6,M,44.7,M,,*75
11339 1658393802 0 3 2.831 4.979
11347 1658393805 0 3 2.837 4.979
11350 1658393806 0 6 0.10
11351 1658393806 0 8 4.997 9.784 9.51
11352 1658393806 0 1 6.961
11363 1658393811 0 3 2.844 4.979
11364 1658393812 0 4 2.698 1.477
11365 1658393812 0 5 0.74
11370 1658393814 0 3 2.850 4.979
11371 1658393815 0 4 2.698 1.479
11372 1658393815 0 5 0.74
11373 1658393815 0 6 0.10
11374 1658393815 0 8 4.997 9.803 9.51
11375 1658393815 0 1 6.360
11384 1658393818 0 0 25.80 8.20 130.6 67.49 127.8 8.08 16.8 0.0 302.3 4.74 45.94 1.1
11386 1658393820 0 3 2.858 4.979
11395 1658393824 0 4 2.698 1.482
11399 1658393824 0 1 6.338
11402 1658393826 0 3 2.864 4.979
11408 1658393827 0 0 25.79 8.20 130.4 67.44 128.3 8.12 16.8 0.0 297.8 4.74 45.91 1.1
11409 1658393828 0 7 $GNGGA,085705.000,4424.57247,N,00855.48414,E,1,12,0.8,10.1,M,44.7,M,,*71
11410 1658393829 0 3 2.846 4.979
11411 1658393830 0 4 2.700 1.477
11412 1658393830 0 5 0.73
11418 1658393832 0 3 2.852 4.979
11423 1658393833 0 1 6.054
11424 1658393833 0 0 25.81 8.21 130.4 67.44 128.6 8.14 16.7 0.0 294.2 4.74 45.91 1.1
11426 1658393835 0 3 2.856 4.979
11433 1658393837 0 7 $GNGGA,085714.000,4424.57221,N,00855.48494,E,1,12,0.8,10.4,M,44.7,M,,*7C
11442 1658393841 0 3 2.852 4.979
11447 1658393842 0 1 5.661
11448 1658393842 0 0 25.76 8.20 130.2 67.42 129.2 8.18 16.7 0.0 292.2 4.73 45.89 1.1
11449 1658393842 0 7 $GNGGA,085720.000,4424.57225,N,00855.48528,E,1,12,0.8,10.4,M,44.7,M,,*79
11450 1658393844 0 3 2.853 4.979
11451 1658393845 0 4 2.700 1.474
11453 1658393845 0 6 0.10
11454 1658393845 0 8 4.997 9.784 9.51
11455 1658393845 0 1 5.657
11459 1658393847 0 4 2.700 1.474
11460 1658393848 0 5 0.73
11461 1658393848 0 6 0.10
11466 1658393850 0 3 2.863 4.979
11471 1658393851 0 1 6.082
11472 1658393851 0 0 25.75 8.20 130.2 67.57 129.9 8.22 16.7 0.0 289.3 4.73 46.01 1.1
11473 1658393851 0 7 $GNGGA,085729.000,4424.57221,N,00855.48590,E,1,12,0.8,10.5,M,44.7,M,,*76
11474 1658393853 0 3 2.867 4.979
11478 1658393854 0 8 4.997 9.784 9.51
11482 1658393856 0 3 2.872 4.979
11483 1658393856 0 4 2.701 1.474
11484 1658393857 0 5 0.72
11485 1658393857 0 6 0.10
11486 1658393857 0 8 4.997 9.784 9.51
11490 1658393859 0 3 2.875 4.979
11495 1658393860 0 1 5.854
11496 1658393860 0 0 25.75 8.20 130.1 67.49 130.1 8.24 16.7 0.0 286.5 4.73 45.95 1.1
11497 1658393860 0 7 $GNGGA,085738.000,4424.57213,N,00855.48627,E,1,12,0.8,10.8,M,44.7,M,,*75
11498 1658393862 0 3 2.879 4.979
11509 1658393866 0 6 0.10
11510 1658393866 0 8 4.997 9.775 9.51
11511 1658393866 0 1 5.986
11514 1658393868 0 3 2.862 4.979
11515 1658393868 0 4 2.701 1.477
11520 1658393869 0 0 25.76 8.20 130.1 67.44 130.1 8.24 16.7 0.0 283.5 4.72 45.91 1.1
11521 1658393869 0 7 $GNGGA,085747.000,4424.57224,N,00855.48656,E,1,12,0.8,10.9,M,44.7,M,,*7E
11522 1658393871 0 3 2.868 4.979
11531 1658393874 0 4 2.701 1.479
11532 1658393875 0 5 0.72
11533 1658393875 0 6 0.10
11534 1658393875 0 8 4.997 9.521 9.47
11535 1658393875 0 1 5.560
11538 1658393877 0 3 2.875 4.979
11546 1658393880 0 3 2.880 4.979
11547 1658393880 0 4 2.702 1.482
11548 1658393881 0 5 0.72
11557 1658393884 0 6 0.10
11558 1658393884 0 8 4.997 9.492 9.47
11559 1658393884 0 1 5.401
11560 1658393884 0 0 25.77 8.20 129.9 67.49 130.1 8.23 16.6 0.0 280.0 4.73 45.95 1.1
11561 1658393884 0 7 $GNGGA,085802.000,4424.57246,N,00855.48708,E,1,12,0.8,11.2,M,44.7,M,,*74
11563 1658393886 0 4 2.702 1.484
11571 1658393889 0 4 2.703 1.482
11572 1658393890 0 5 0.72
11584 1658393893 0 0 25.77 8.20 129.8 67.49 130.1 8.24 16.6 0.0 277.5 4.72 45.95 1.1
11585 1658393893 0 7 $GNGGA,085811.000,4424.57247,N,00855.48744,E,1,12,0.8,11.2,M,44.7,M,,*7F
11586 1658393895 0 3 2.875 4.979
11594 1658393898 0 3 2.880 4.979
11596 1658393899 0 5 0.71
11597 1658393899 0 6 0.10
11598 1658393899 0 8 4.997 9.756 9.51
11599 1658393899 0 1 5.563
11607 1658393902 0 1 5.711
11608 1658393902 0 0 25.74 8.20 129.6 67.46 130.1 8.24 16.6 0.0 276.0 4.73 45.92 1.1
11609 1658393902 0 7 $GNGGA,085820.000,4424.57243,N,00855.48777,E,1,12,0.8,11.3,M,44.7,M,,*78
11611 1658393904 0 4 2.703 1.526
11612 1658393905 0 5 0.71
11613 1658393905 0 6 0.10
11618 1658393907 0 3 2.893 4.979
11623 1658393908 0 1 5.737
11626 1658393910 0 3 2.874 4.979
11632 1658393911 0 0 25.75 8.20 129.5 67.41 130.3 8.25 16.6 0.0 274.6 4.73 45.89 1.1
11633 1658393911 0 7 $GNGGA,085829.000,4424.57250,N,00855.48799,E,1,12,0.8,11.4,M,44.7,M,,*74
11634 1658393913 0 3 2.880 4.979
11644 1658393917 0 5 0.71
11645 1658393917 0 6 0.10
11646 1658393917 0 8 4.997 9.784 9.49
11647 1658393917 0 1 5.843
11650 1658393919 0 3 2.887 4.979
11651 1658393919 0 4 2.705 1.526
11657 1658393920 0 7 $GNGGA,085838.000,4424.57267,N,00855.48831,E,1,12,0.8,11.4,M,44.7,M,,*7D
11658 1658393922 0 3 2.887 4.979
11659 1658393922 0 4 2.705 1.529
11682 1658393931 0 3 2.902 4.979
11688 1658393934 0 3 2.903 4.979
11689 1658393934 0 4 2.705 1.531
11690 1658393935 0 5 0.71
11691 1658393935 0 6 0.10
11692 1658393935 0 8 4.997 9.822 9.51
11696 1658393937 0 3 2.907 4.979
11704 1658393940 0 3 2.887 4.979
11705 1658393941 0 4 2.706 1.529
11712 1658393943 0 3 2.890 4.979
11720 1658393946 0 3 2.894 4.979
11728 1658393949 0 3 2.899 4.979
11736 1658393952 0 3 2.902 4.979
11739 1658393953 0 6 0.10
11740 1658393953 0 8 4.997 9.813 9.51
11742 1658393953 0 0 25.73 8.20 129.0 67.51 130.3 8.25 16.5 0.0 270.3 4.73 45.96 1.1
11744 1658393955 0 3 2.906 4.979
11752 1658393958 0 3 2.909 4.979
11753 1658393958 0 4 2.707 1.529
11754 1658393959 0 5 0.71
11764 1658393962 0 8 4.997 9.822 9.51
11765 1658393962 0 1 5.998
11767 1658393962 0 7 $GNGGA,085920.000,4424.57335,N,00855.48997,E,1,12,0.8,10.8,M,44.7,M,,*73
11768 1658393964 0 3 2.915 4.979
11769 1658393964 0 4 2.707 1.501
11771 1658393965 0 6 0.10
11772 1658393965 0 8 4.997 9.832 9.51
11776 1658393967 0 3 2.894 4.979
11777 1658393967 0 4 2.707 1.496
11778 1658393968 0 5 0.71
11789 1658393971 0 8 4.997 9.813 9.49
11790 1658393971 0 1 5.965
11791 1658393971 0 0 25.73 8.19 128.8 67.50 130.3 8.25 16.5 0.0 269.6 4.73 45.95 1.0
11796 1658393974 0 5 0.71
11799 1658393974 0 1 6.490
11800 1658393974 0 0 25.73 8.19 128.8 67.49 130.2 8.25 16.5 0.0 268.4 4.73 45.95 1.0
11802 1658393975 0 7 $GNGGA,085933.000,4424.57317,N,00855.48975,E,1,12,0.8,10.3,M,44.7,M,,*76
11803 1658393976 0 3 2.907 4.979
11804 1658393976 0 4 2.707 1.496
11805 1658393977 0 5 0.71
11811 1658393978 0 7 $GNGGA,085936.000,4424.57326,N,00855.48974,E,1,12,0.8,10.3,M,44.7,M,,*70
11814 1658393980 0 5 0.71
11819 1658393980 0 7 $GNGGA,085938.000,4424.57331,N,00855.48974,E,1,12,0.8,10.3,M,44.7,M,,*78
11821 1658393982 0 3 2.915 4.979
11829 1658393984 0 7 $GNGGA,085942.000,4424.57337,N,00855.48979,E,1,12,0.8,10.3,M,44.7,M,,*7E
11830 1658393985 0 3 2.916 4.979
11832 1658393986 0 5 0.70
11834 1658393986 0 8 4.997 9.813 9.51
11846 1658393989 0 7 $GNGGA,085947.000,4424.57341,N,00855.48991,E,1,12,0.8,10.3,M,44.7,M,,*7C
11847 1658393990 0 7 $GNGGA,085948.000,4424.57341,N,00855.48994,E,1,12,0.8,10.4,M,44.7,M,,*71
11848 1658393991 0 3 2.925 4.979
11856 1658393993 0 7 $GNGGA,085951.000,4424.57344,N,00855.48999,E,1,12,0.8,10.4,M,44.7,M,,*71
11865 1658393996 0 7 $GNGGA,085954.000,4424.57345,N,00855.49004,E,1,12,0.8,10.5,M,44.7,M,,*78
11868 1658393998 0 5 0.71
11872 1658393998 0 0 25.73 8.19 128.6 67.41 129.8 8.23 16.5 0.0 268.0 4.73 45.89 1.0
11874 1658393999 0 7 $GNGGA,085957.000,4424.57343,N,00855.49010,E,1,12,0.8,10.6,M,44.7,M,,*7B
11876 1658394000 0 4 2.711 1.516
11877 1658394001 0 5 0.71
11881 1658394001 0 0 25.73 8.19 128.5 67.54 129.7 8.21 16.5 0.0 267.6 4.73 45.99 1.0
11883 1658394002 0 7 $GNGGA,090000.000,4424.57341,N,00855.49021,E,1,12,0.8,10.6,M,44.7,M,,*74
11884 1658394003 0 3 2.917 4.979
11890 1658394004 0 0 25.73 8.19 128.5 67.44 129.7 8.22 16.5 0.0 268.0 4.73 45.91 1.0
11891 1658394004 0 7 $GNGGA,090002.000,4424.57340,N,00855.49032,E,1,12,0.8,10.7,M,44.7,M,,*74
11892 1658394005 0 7 $GNGGA,090003.000,4424.57340,N,00855.49038,E,1,12,0.8,10.7,M,44.7,M,,*7F
11894 1658394006 0 3 2.921 4.979
11901 1658394008 0 7 $GNGGA,090005.000,4424.57341,N,00855.49045,E,1,12,0.8,10.7,M,44.7,M,,*72
11902 1658394008 0 7 $GNGGA,090006.000,4424.57342,N,00855.49052,E,1,12,0.8,10.8,M,44.7,M,,*7B
11904 1658394009 0 4 2.710 1.516
11905 1658394010 0 5 0.71
11906 1658394010 0 6 0.10
11908 1658394010 0 1 6.617
11913 1658394012 0 3 2.930 4.979
11918 1658394013 0 1 6.654
11919 1658394013 0 0 25.73 8.18 128.4 67.48 129.5 8.20 16.5 0.0 268.7 4.73 45.94 1.0
11920 1658394013 0 7 $GNGGA,090011.000,4424.57342,N,00855.49075,E,1,12,0.8,10.9,M,44.7,M,,*79
11921 1658394014 0 7 $GNGGA,090012.000,4424.57322,N,00855.49097,E,1,12,0.8,11.1,M,44.7,M,,*79
11922 1658394015 0 3 2.933 4.979
11923 1658394015 0 4 2.711 1.521
11924 1658394016 0 5 0.71
11925 1658394016 0 6 0.09
11926 1658394016 0 8 4.997 9.775 9.49
11927 1658394016 0 1 6.573
11928 1658394016 0 0 25.72 8.18 128.4 67.43 129.4 8.20 16.5 0.0 268.0 4.73 45.90 1.0
11929 1658394016 0 7 $GNGGA,090014.000,4424.57319,N,00855.49111,E,1,12,0.8,11.1,M,44.7,M,,*78
11930 1658394017 0 7 $GNGGA,090015.000,4424.57315,N,00855.49116,E,1,12,0.8,11.1,M,44.7,M,,*72
11931 1658394018 0 3 2.914 4.979
11932 1658394018 0 4 2.711 1.519
11933 1658394019 0 5 0.70
11934 1658394019 0 6 0.09
11935 1658394019 0 8 4.994 9.775 9.49
11936 1658394019 0 1 6.284
11937 1658394019 0 0 25.72 8.18 128.4 67.51 129.3 8.19 16.5 0.0 268.1 4.73 45.96 1.0
11938 1658394019 0 7 $GNGGA,090017.000,4424.57308,N,00855.49135,E,1,12,0.8,11.2,M,44.7,M,,*7E
11939 1658394020 0 7 $GNGGA,090018.000,4424.57302,N,00855.49145,E,1,12,0.8,11.2,M,44.7,M,,*7C
11940 1658394020 0 7 $GNGGA,090019.000,4424.57299,N,00855.49149,E,1,12,0.8,11.2,M,44.7,M,,*72
11941 1658394021 0 3 2.918 4.979
11942 1658394021 0 4 2.711 1.516
11943 1658394022 0 5 0.71
11944 1658394022 0 6 0.09
11945 1658394022 0 8 4.997 9.794 9.49
11946 1658394022 0 1 6.302
11947 1658394022 0 0 25.73 8.18 128.4 67.51 129.2 8.18 16.4 0.0 268.3 4.73 45.96 1.0
11948 1658394022 0 7 $GNGGA,090020.000,4424.57296,N,00855.49154,E,1,12,0.8,11.2,M,44.7,M,,*7B
11949 1658394023 0 7 $GNGGA,090021.000,4424.57291,N,00855.49164,E,1,12,0.8,11.2,M,44.7,M,,*7E
11950 1658394024 0 7 $GNGGA,090023.000,4424.57289,N,00855.49177,E,1,12,0.8,11.3,M,44.7,M,,*76
11951 1658394024 0 3 2.920 4.979
11952 1658394025 0 4 2.711 1.516
11953 1658394025 0 5 0.71
11954 1658394025 0 6 0.10
11955 1658394025 0 8 4.997 9.803 9.49
11956 1658394025 0 1 6.585
11957 1658394025 0 0 25.73 8.18 128.5 67.45 129.0 8.17 16.5 0.0 267.5 4.73 45.92 1.0
11958 1658394026 0 7 $GNGGA,090024.000,4424.57287,N,00855.49187,E,1,12,0.8,11.3,M,44.7,M,,*70
11959 1658394026 0 7 $GNGGA,090025.000,4424.57284,N,00855.49195,E,1,12,0.8,11.3,M,44.7,M,,*71
11960 1658394027 0 7 $GNGGA,090026.000,4424.57280,N,00855.49201,E,1,12,0.8,11.3,M,44.7,M,,*78
11961 1658394027 0 3 2.921 4.979
11962 1658394028 0 4 2.711 1.521
11963 1658394028 0 5 0.71
11964 1658394028 0 6 0.09
11965 1658394028 0 8 4.997 9.784 9.49
11966 1658394028 0 1 6.869
11967 1658394028 0 0 25.73 8.18 128.4 67.52 128.8 8.15 16.5 0.0 267.4 4.73 45.97 1.0
11968 1658394029 0 7 $GNGGA,090027.000,4424.57277,N,00855.49212,E,1,12,0.8,11.3,M,44.7,M,,*73
11969 1658394029 0 7 $GNGGA,090028.000,4424.57275,N,00855.49219,E,1,12,0.8,11.3,M,44.7,M,,*75
11970 1658394030 0 3 2.924 4.979
11971 1658394030 0 4 2.712 1.521
11972 1658394031 0 5 0.71
11973 1658394031 0 6 0.09
11974 1658394031 0 8 4.997 9.803 9.49
11975 1658394031 0 1 7.220
11976 1658394031 0 0 25.73 8.18 128.4 67.49 128.5 8.14 16.5 0.0 267.1 4.73 45.95 1.0
11977 1658394032 0 7 $GNGGA,090029.000,4424.57272,N,00855.49227,E,1,12,0.8,11.3,M,44.7,M,,*7E
11978 1658394032 0 7 $GNGGA,090030.000,4424.57271,N,00855.49231,E,1,12,0.8,11.3,M,44.7,M,,*72
11979 1658394032 0 7 $GNGGA,090031.000,4424.57271,N,00855.49240,E,1,12,0.8,11.3,M,44.7,M,,*75
11980 1658394033 0 7 $GNGGA,090032.000,4424.57270,N,00855.49245,E,1,12,0.8,11.3,M,44.7,M,,*72
11981 1658394033 0 3 2.929 4.979
11982 1658394034 0 4 2.712 1.521
11983 1658394034 0 5 0.71
11984 1658394034 0 6 0.09
11985 1658394034 0 8 4.997 9.803 9.51
11986 1658394034 0 1 6.445
11987 1658394034 0 0 25.72 8.17 128.4 67.48 128.3 8.13 16.5 0.0 267.0 4.73 45.94 1.0
11988 1658394035 0 7 $GNGGA,090033.000,4424.57270,N,00855.49252,E,1,12,0.8,11.3,M,44.7,M,,*75
11989 1658394035 0 7 $GNGGA,090034.000,4424.57269,N,00855.49258,E,1,12,0.8,11.4,M,44.7,M,,*77
11990 1658394036 0 7 $GNGGA,090035.000,4424.57269,N,00855.49268,E,1,12,0.8,11.4,M,44.7,M,,*75
11991 1658394036 0 3 2.933 4.979
11992 1658394037 0 4 2.712 1.521
11993 1658394037 0 5 0.70
11994 1658394037 0 6 0.09
11995 1658394037 0 8 4.994 9.803 9.49
11996 1658394037 0 1 6.407
11997 1658394037 0 0 25.71 8.17 128.5 67.55 128.0 8.10 16.4 0.0 266.8 4.73 46.00 1.0
11998 1658394038 0 7 $GNGGA,090036.000,4424.57268,N,00855.49275,E,1,12,0.8,11.4,M,44.7,M,,*7B
11999 1658394038 0 7 $GNGGA,090037.000,4424.57268,N,00855.49285,E,1,12,0.8,11.4,M,44.7,M,,*75
12000 1658394039 0 3 2.934 4.979
12001 1658394039 0 4 2.712 1.524
12002 1658394040 0 5 0.71
12003 1658394040 0 6 0.09
12004 1658394040 0 8 4.994 9.756 9.49
12005 1658394040 0 1 6.403
12006 1658394040 0 0 25.73 8.17 128.5 67.49 127.7 8.08 16.4 0.0 265.8 4.53 45.95 1.0
12007 1658394040 0 7 $GNGGA,090038.000,4424.57281,N,00855.49293,E,1,12,0.8,11.3,M,44.7,M,,*7D
12008 1658394041 0 7 $GNGGA,090039.000,4424.57281,N,00855.49304,E,1,12,0.8,11.4,M,44.7,M,,*74
12009 1658394042 0 7 $GNGGA,090041.000,4424.57282,N,00855.49324,E,1,12,0.8,11.4,M,44.7,M,,*7A
12010 1658394043 0 3 2.933 4.979
12011 1658394043 0 4 2.712 1.524
12012 1658394043 0 5 0.71
12013 1658394043 0 6 0.09
12014 1658394043 0 8 4.997 9.756 9.49
12015 1658394043 0 1 5.522
12016 1658394043 0 0 25.74 8.18 128.3 67.41 127.3 8.07 16.4 0.0 265.8 4.24 45.88 1.0
12017 1658394044 0 7 $GNGGA,090042.000,4424.57281,N,00855.49331,E,1,12,0.8,11.4,M,44.7,M,,*7E
12018 1658394044 0 7 $GNGGA,090043.000,4424.57279,N,00855.49339,E,1,12,0.8,11.4,M,44.7,M,,*70
12019 1658394045 0 3 2.933 4.979
12020 1658394045 0 4 2.711 1.524
12021 1658394046 0 5 0.71
12022 1658394046 0 6 0.10
12023 1658394046 0 8 4.997 9.756 9.49
12024 1658394046 0 1 5.350
12025 1658394046 0 0 25.75 8.19 128.3 67.53 127.0 8.04 16.4 0.0 265.6 3.85 45.98 1.0
12026 1658394046 0 7 $GNGGA,090044.000,4424.57277,N,00855.49347,E,1,12,0.8,11.4,M,44.7,M,,*70
12027 1658394047 0 7 $GNGGA,090045.000,4424.57275,N,00855.49355,E,1,12,0.8,11.4,M,44.7,M,,*70
12028 1658394047 0 7 $GNGGA,090046.000,4424.57274,N,00855.49364,E,1,12,0.8,11.5,M,44.7,M,,*71
12029 1658394048 0 3 2.926 4.979
12030 1658394049 0 4 2.710 1.526
12031 1658394049 0 5 0.71
12032 1658394049 0 6 0.10
12033 1658394049 0 8 4.994 9.747 9.49
12034 1658394049 0 1 5.218
12035 1658394049 0 0 25.85 8.19 128.0 67.53 126.6 8.00 16.4 0.0 262.9 3.37 45.97 1.0
12036 1658394049 0 7 $GNGGA,090047.000,4424.57272,N,00855.49372,E,1,12,0.8,11.5,M,44.7,M,,*71
12037 1658394050 0 7 $GNGGA,090048.000,4424.57271,N,00855.49379,E,1,12,0.8,11.5,M,44.7,M,,*76
12038 1658394050 0 7 $GNGGA,090049.000,4424.57269,N,00855.49388,E,1,12,0.8,11.5,M,44.7,M,,*70
12039 1658394051 0 7 $GNGGA,090050.000,4424.57268,N,00855.49395,E,1,12,0.8,11.5,M,44.7,M,,*75
12040 1658394051 0 3 2.910 4.979
12041 1658394052 0 4 2.708 1.524
12042 1658394052 0 2 0.04960000 8.13609981 2.09820008 0.06260001 2.74889993 0.00360000 0.10450000 0.21970000 1.00000000 78.60500335
12043 1658394052 0 0 25.95 8.20 127.9 67.40 126.3 7.98 16.4 0.0 258.8 2.88 45.87 1.1
12044 1658394052 0 7 $GNGGA,090051.000,4424.57267,N,00855.49400,E,1,12,0.8,11.5,M,44.7,M,,*70
12045 1658394053 0 7 $GNGGA,090052.000,4424.57265,N,00855.49407,E,1,12,0.8,11.5,M,44.7,M,,*76
12046 1658394054 0 7 $GNGGA,090053.000,4424.57264,N,00855.49413,E,1,12,0.8,11.5,M,44.7,M,,*73
12047 1658394054 0 3 2.860 4.979
12048 1658394055 0 4 2.706 1.524
12049 1658394055 0 5 0.71
12050 1658394055 0 6 0.09
12051 1658394055 0 8 4.997 9.737 9.49
12052 1658394055 0 1 4.561
12053 1658394055 0 0 26.08 8.20 127.8 67.42 126.0 7.94 16.3 0.0 257.3 2.39 45.88 1.1
12054 1658394056 0 7 $GNGGA,090054.000,4424.57264,N,00855.49420,E,1,12,0.8,11.5,M,44.7,M,,*74
12055 1658394056 0 7 $GNGGA,090055.000,4424.57264,N,00855.49426,E,1,12,0.8,11.5,M,44.7,M,,*73
12056 1658394057 0 3 2.762 4.979
12057 1658394058 0 4 2.703 1.526
12058 1658394058 0 5 0.71
12059 1658394058 0 6 0.09
12060 1658394058 0 8 4.994 9.756 9.49
12061 1658394058 0 1 3.717
12062 1658394058 0 0 26.27 8.20 127.6 67.35 125.7 7.90 16.3 0.0 256.2 1.90 45.83 1.1
12063 1658394058 0 7 $GNGGA,090056.000,4424.57265,N,00855.49434,E,1,12,0.8,11.5,M,44.7,M,,*72
12064 1658394059 0 7 $GNGGA,090057.000,4424.57265,N,00855.49439,E,1,12,0.8,11.5,M,44.7,M,,*7E
12065 1658394060 0 7 $GNGGA,090059.000,4424.57266,N,00855.49451,E,1,12,0.8,11.5,M,44.7,M,,*7D
12066 1658394060 0 3 2.724 4.979
12067 1658394061 0 4 2.671 1.529
12068 1658394061 0 5 0.71
12073 1658394062 0 7 $GNGGA,090100.000,4424.57266,N,00855.49458,E,1,12,0.8,11.5,M,44.7,M,,*79
12075 1658394063 0 7 $GNGGA,090102.000,4424.57268,N,00855.49470,E,1,12,0.8,11.5,M,44.7,M,,*7F
12080 1658394064 0 8 4.997 9.737 9.49
12081 1658394064 0 1 2.620
12082 1658394064 0 0 26.52 8.18 127.5 67.41 125.2 7.83 16.2 0.0 250.1 1.12 45.86 1.1
12085 1658394066 0 7 $GNGGA,090105.000,4424.57269,N,00855.49485,E,1,12,0.8,11.4,M,44.7,M,,*72
12086 1658394066 0 3 2.671 4.979
12093 1658394068 0 7 $GNGGA,090106.000,4424.57269,N,00855.49489,E,1,12,0.8,11.5,M,44.7,M,,*7C
12094 1658394068 0 7 $GNGGA,090107.000,4424.57270,N,00855.49491,E,1,12,0.8,11.5,M,44.7,M,,*7C
12097 1658394070 0 4 2.547 1.506
12098 1658394070 0 5 0.71
12099 1658394070 0 6 0.10
12100 1658394070 0 8 4.997 9.747 9.49
12105 1658394072 0 7 $GNGGA,090111.000,4424.57325,N,00855.49568,E,1,12,0.8,11.2,M,44.7,M,,*7A
12112 1658394073 0 0 26.86 8.18 127.2 67.36 125.4 7.81 16.2 0.0 249.4 0.48 45.81 1.1
12113 1658394074 0 7 $GNGGA,090112.000,4424.57325,N,00855.49569,E,1,12,0.8,11.2,M,44.7,M,,*78
12115 1658394075 0 7 $GNGGA,090114.000,4424.57325,N,00855.49573,E,1,12,0.8,11.2,M,44.7,M,,*75
12116 1658394075 0 3 2.649 4.979
12123 1658394077 0 7 $GNGGA,090115.000,4424.57325,N,00855.49572,E,1,12,0.8,11.2,M,44.7,M,,*75
12125 1658394078 0 3 2.647 4.979
12126 1658394079 0 4 2.544 1.499
12127 1658394079 0 5 0.72
12128 1658394079 0 6 0.10
12129 1658394079 0 8 4.994 9.700 9.51
12130 1658394079 0 1 1.902
12131 1658394079 0 0 26.92 8.17 127.0 67.43 126.5 7.86 16.3 0.0 252.1 0.46 45.86 1.1
12132 1658394080 0 7 $GNGGA,090118.000,4424.57322,N,00855.49578,E,1,12,0.8,11.2,M,44.7,M,,*75
12133 1658394080 0 7 $GNGGA,090119.000,4424.57320,N,00855.49580,E,1,12,0.8,11.2,M,44.7,M,,*71
