/home/danielacabiddu/Devel/src/MATRAC/test/tuttomatrac/data/porto_grid.mesh
36882 1658402032 0 7 $GNGGA,111351.000,4424.44325,N,00854.98865,E,1,12,1.0,-2.5,M,44.7,M,,*6A
36883 1658402033 0 7 $GNGGA,111352.000,4424.44324,N,00854.98868,E,1,12,1.0,-2.5,M,44.7,M,,*65
36884 1658402034 0 0 26.76 8.22 108.9 67.66 136.5 8.49 14.3 0.0 227.3 0.92 46.05 1.0
36885 1658402034 0 3 2.613 4.979
36886 1658402034 0 4 2.592 1.542
36887 1658402035 0 5 0.42
36888 1658402035 0 6 0.09
36889 1658402035 0 8 4.994 9.049 8.42
36890 1658402035 0 0 26.78 8.22 108.9 67.70 136.7 8.51 14.4 0.0 229.4 0.91 46.08 1.0
36891 1658402035 0 7 $GNGGA,111353.000,4424.44324,N,00854.98872,E,1,12,1.0,-2.4,M,44.7,M,,*6E
36892 1658402037 0 3 2.616 4.979
36893 1658402037 0 4 2.593 1.549
36894 1658402037 0 5 0.42
36895 1658402037 0 6 0.09
36896 1658402038 0 8 4.994 9.049 8.44
36897 1658402038 0 7 $GNGGA,111356.000,4424.44330,N,00854.98921,E,1,12,1.0,-1.7,M,44.7,M,,*69
36898 1658402038 0 0 26.73 8.22 108.8 67.71 136.8 8.52 14.4 0.0 233.2 0.90 46.09 1.0
36899 1658402039 0 7 $GNGGA,111358.000,4424.44331,N,00854.98927,E,1,12,1.0,-1.6,M,44.7,M,,*61
36900 1658402040 0 3 2.617 4.979
36901 1658402040 0 4 2.598 1.546
36902 1658402040 0 5 0.42
36903 1658402040 0 6 0.09
36904 1658402041 0 8 4.994 9.040 8.44
36905 1658402041 0 7 $GNGGA,111359.000,4424.44330,N,00854.98930,E,1,12,1.0,-1.6,M,44.7,M,,*67
36906 1658402041 0 0 26.74 8.22 108.7 67.66 137.1 8.54 14.4 0.0 235.4 0.91 46.05 1.0
36907 1658402042 0 1 0.943
36908 1658402042 0 7 $GNGGA,111401.000,4424.44329,N,00854.98937,E,1,12,1.0,-1.5,M,44.7,M,,*61
36909 1658402043 0 3 2.617 4.979
36910 1658402043 0 4 2.600 1.546
36911 1658402043 0 5 0.43
36912 1658402043 0 6 0.09
36913 1658402044 0 8 4.994 9.040 8.40
36914 1658402044 0 1 1.217
36915 1658402044 0 0 26.73 8.22 108.7 67.73 137.4 8.55 14.4 0.0 238.5 0.94 46.10 1.0
36916 1658402044 0 7 $GNGGA,111402.000,4424.44328,N,00854.98939,E,1,12,1.0,-1.5,M,44.7,M,,*6D
36917 1658402046 0 3 2.615 4.979
36918 1658402046 0 4 2.592 1.544
36919 1658402046 0 5 0.43
36920 1658402047 0 6 0.09
36921 1658402047 0 8 4.994 9.049 8.42
36922 1658402047 0 1 1.633
36923 1658402047 0 0 26.75 8.22 108.7 67.70 137.5 8.56 14.4 0.0 238.5 0.90 46.08 1.0
36924 1658402047 0 7 $GNGGA,111405.000,4424.44322,N,00854.98948,E,1,12,1.0,-1.5,M,44.7,M,,*66
36925 1658402049 0 3 2.616 4.979
36926 1658402049 0 4 2.591 1.537
36927 1658402049 0 5 0.43
36928 1658402049 0 6 0.09
36929 1658402050 0 8 4.994 9.030 8.40
36930 1658402050 0 1 1.070
36931 1658402050 0 0 26.76 8.22 108.6 67.77 137.4 8.55 14.5 0.0 241.3 0.88 46.13 1.0
36932 1658402050 0 7 $GNGGA,111408.000,4424.44298,N,00854.98953,E,1,12,1.0,-2.0,M,44.7,M,,*67
36933 1658402052 0 3 2.617 4.979
36934 1658402052 0 4 2.595 1.534
36935 1658402052 0 5 0.43
36936 1658402052 0 6 0.09
36937 1658402053 0 8 4.994 9.040 8.44
36938 1658402053 0 1 1.314
36939 1658402053 0 0 26.74 8.22 108.5 67.76 137.0 8.53 14.5 0.0 243.5 0.92 46.13 1.0
36940 1658402053 0 7 $GNGGA,111411.000,4424.44287,N,00854.99001,E,1,12,1.0,-2.3,M,44.7,M,,*6D
36941 1658402055 0 3 2.615 4.979
36942 1658402055 0 4 2.589 1.537
36943 1658402055 0 5 0.44
36944 1658402055 0 6 0.09
36945 1658402056 0 8 4.994 9.040 8.40
36949 1658402058 0 3 2.612 4.979
36950 1658402058 0 4 2.585 1.509
36951 1658402058 0 5 0.44
36952 1658402058 0 6 0.09
36953 1658402059 0 8 4.994 9.030 8.37
36954 1658402059 0 1 1.140
36955 1658402059 0 0 26.67 8.22 108.5 67.77 136.0 8.48 14.5 0.0 252.0 0.86 46.14 1.0
36956 1658402059 0 7 $GNGGA,111417.000,4424.44305,N,00854.99138,E,1,12,1.0,-2.5,M,44.7,M,,*6D
36957 1658402061 0 3 2.615 4.979
36958 1658402061 0 4 2.592 1.504
36959 1658402061 0 5 0.44
36960 1658402061 0 6 0.09
36961 1658402062 0 8 4.994 9.030 8.40
36962 1658402062 0 7 $GNGGA,111420.000,4424.44241,N,00854.99289,E,1,12,1.0,-2.4,M,44.7,M,,*60
36963 1658402063 0 7 $GNGGA,111422.000,4424.44212,N,00854.99365,E,1,12,1.0,-2.6,M,44.7,M,,*65
36964 1658402064 0 0 26.78 8.22 108.4 67.55 135.5 8.44 14.5 0.0 249.0 0.91 45.97 1.0
36965 1658402064 0 3 2.615 4.979
36966 1658402064 0 4 2.594 1.506
36967 1658402064 0 5 0.44
36968 1658402064 0 6 0.10
36969 1658402065 0 8 4.994 9.011 8.37
36970 1658402065 0 1 0.887
36971 1658402065 0 0 26.77 8.22 108.4 67.75 135.0 8.40 14.5 0.0 252.5 0.92 46.12 1.0
36972 1658402065 0 7 $GNGGA,111423.000,4424.44205,N,00854.99390,E,1,12,1.0,-2.6,M,44.7,M,,*68
36973 1658402067 0 3 2.614 4.979
36974 1658402067 0 4 2.590 1.506
36975 1658402067 0 5 0.46
36976 1658402067 0 6 0.10
36977 1658402068 0 8 4.994 9.021 8.40
36978 1658402068 0 1 1.011
36979 1658402068 0 0 26.78 8.22 108.3 67.68 134.7 8.38 14.5 0.0 253.3 0.90 46.07 1.1
36980 1658402068 0 7 $GNGGA,111426.000,4424.44220,N,00854.99201,E,1,12,1.0,-0.2,M,44.7,M,,*65
36981 1658402070 0 3 2.615 4.979
36982 1658402070 0 4 2.588 1.509
36983 1658402070 0 5 0.45
36984 1658402071 0 6 0.10
36985 1658402071 0 8 4.994 9.030 8.40
36986 1658402071 0 1 1.083
36987 1658402071 0 0 26.76 8.22 108.3 67.76 134.5 8.37 14.5 0.0 257.7 0.86 46.13 1.0
36988 1658402071 0 7 $GNGGA,111429.000,4424.44112,N,00854.99419,E,1,12,1.0,-0.5,M,44.7,M,,*60
36989 1658402073 0 3 2.616 4.979
36990 1658402073 0 4 2.597 1.506
36991 1658402073 0 5 0.45
36992 1658402073 0 6 0.10
36993 1658402074 0 8 4.994 9.030 8.40
36994 1658402074 0 1 1.477
36995 1658402074 0 0 26.68 8.22 108.3 67.72 134.3 8.37 14.6 0.0 260.8 0.94 46.10 1.1
36996 1658402074 0 7 $GNGGA,111432.000,4424.44041,N,00854.99590,E,1,12,1.0,0.1,M,44.7,M,,*44
36997 1658402076 0 3 2.616 4.979
36998 1658402076 0 4 2.599 1.506
36999 1658402076 0 5 0.45
37000 1658402077 0 6 0.10
37001 1658402077 0 8 4.994 9.021 8.37
37002 1658402077 0 1 0.847
37003 1658402077 0 0 26.62 8.22 108.2 67.75 134.0 8.36 14.6 0.0 264.4 0.96 46.12 1.1
37004 1658402077 0 7 $GNGGA,111435.000,4424.44034,N,00854.99707,E,1,12,1.0,0.4,M,44.7,M,,*48
37005 1658402079 0 3 2.615 4.979
37006 1658402079 0 4 2.592 1.506
37007 1658402079 0 5 0.45
37008 1658402080 0 6 0.10
37009 1658402080 0 8 4.994 9.011 8.35
37010 1658402080 0 1 1.917
37011 1658402080 0 0 26.59 8.22 108.2 67.71 133.9 8.35 14.6 0.0 265.8 0.90 46.09 1.0
37012 1658402080 0 7 $GNGGA,111438.000,4424.44030,N,00854.99849,E,1,12,1.0,-0.4,M,44.7,M,,*69
37013 1658402082 0 3 2.615 4.979
37014 1658402082 0 4 2.591 1.504
37015 1658402082 0 5 0.45
37016 1658402083 0 6 0.10
37017 1658402083 0 8 4.994 9.011 8.35
37018 1658402083 0 1 0.982
37019 1658402083 0 0 26.56 8.22 108.2 67.76 133.6 8.34 14.6 0.0 266.8 0.88 46.14 1.1
37020 1658402083 0 7 $GNGGA,111441.000,4424.43985,N,00854.99987,E,1,12,1.0,-1.5,M,44.7,M,,*64
37021 1658402085 0 3 2.617 4.979
37022 1658402085 0 4 2.599 1.502
37023 1658402085 0 5 0.45
37024 1658402086 0 6 0.10
37025 1658402086 0 8 4.994 9.021 8.35
37026 1658402086 0 1 0.883
37027 1658402086 0 0 26.56 8.22 108.1 67.66 133.6 8.34 14.6 0.0 269.9 0.94 46.05 1.0
37028 1658402086 0 7 $GNGGA,111444.000,4424.43906,N,00855.00144,E,1,12,1.0,-1.6,M,44.7,M,,*6F
37029 1658402088 0 3 2.615 4.979
37030 1658402088 0 4 2.593 1.502
37031 1658402088 0 5 0.45
37032 1658402089 0 6 0.10
37033 1658402089 0 8 4.994 9.021 8.35
37034 1658402089 0 1 0.957
37035 1658402089 0 0 26.60 8.22 108.1 67.71 133.5 8.33 14.6 0.0 269.7 0.92 46.10 1.1
37036 1658402089 0 7 $GNGGA,111447.000,4424.43788,N,00855.00189,E,1,12,1.0,-0.9,M,44.7,M,,*6B
37037 1658402091 0 3 2.612 4.979
37038 1658402091 0 4 2.585 1.516
37039 1658402091 0 5 0.45
37040 1658402092 0 6 0.10
37041 1658402092 0 8 4.994 9.002 8.37
37042 1658402092 0 7 $GNGGA,111450.000,4424.43672,N,00855.00206,E,1,12,1.0,0.0,M,44.7,M,,*49
37043 1658402093 0 7 $GNGGA,111452.000,4424.43631,N,00855.00207,E,1,12,1.0,0.5,M,44.7,M,,*48
37044 1658402094 0 0 26.61 8.22 108.1 67.69 133.5 8.33 14.6 0.0 271.2 0.86 46.08 1.0
37045 1658402094 0 3 2.615 4.979
37046 1658402094 0 4 2.584 1.514
37047 1658402094 0 5 0.45
37048 1658402095 0 6 0.10
37049 1658402095 0 8 4.994 9.002 8.37
37050 1658402095 0 1 0.952
37051 1658402095 0 0 26.60 8.22 108.1 67.63 133.4 8.33 14.6 0.0 272.6 0.80 46.03 1.1
37052 1658402095 0 7 $GNGGA,111453.000,4424.43601,N,00855.00209,E,1,12,1.0,0.5,M,44.7,M,,*44
37053 1658402097 0 3 2.616 4.979
37054 1658402097 0 4 2.595 1.506
37055 1658402097 0 5 0.45
37056 1658402098 0 6 0.10
37057 1658402098 0 8 4.994 9.011 8.35
37058 1658402098 0 1 1.014
37059 1658402098 0 0 26.57 8.22 108.1 67.65 133.4 8.33 14.6 0.0 274.8 0.91 46.05 1.0
37060 1658402098 0 7 $GNGGA,111456.000,4424.43474,N,00855.00184,E,1,12,1.0,0.4,M,44.7,M,,*46
37061 1658402099 0 7 $GNGGA,111458.000,4424.43398,N,00855.00196,E,1,12,1.0,0.7,M,44.7,M,,*4D
37062 1658402100 0 3 2.616 4.979
37063 1658402100 0 4 2.598 1.504
37064 1658402100 0 5 0.45
37065 1658402101 0 6 0.10
37066 1658402101 0 8 4.994 9.002 8.40
37067 1658402101 0 1 1.310
37068 1658402101 0 0 26.59 8.22 108.1 67.60 133.2 8.32 14.6 0.0 275.3 0.94 46.01 1.1
37069 1658402101 0 7 $GNGGA,111459.000,4424.43356,N,00855.00204,E,1,12,1.0,0.6,M,44.7,M,,*47
37070 1658402103 0 3 2.615 4.979
37071 1658402103 0 4 2.591 1.506
37072 1658402103 0 5 0.45
37073 1658402104 0 6 0.10
37074 1658402104 0 8 4.994 9.002 8.37
37075 1658402104 0 1 1.133
37076 1658402104 0 0 26.63 8.22 108.0 67.61 133.5 8.33 14.6 0.0 275.1 0.89 46.02 1.1
37077 1658402104 0 7 $GNGGA,111502.000,4424.43224,N,00855.00163,E,1,12,1.0,-1.4,M,44.7,M,,*60
37078 1658402106 0 3 2.615 4.979
37079 1658402106 0 4 2.590 1.504
37080 1658402106 0 5 0.45
37081 1658402107 0 6 0.10
37082 1658402107 0 8 4.994 9.011 8.35
37083 1658402107 0 1 1.733
37084 1658402107 0 0 26.61 8.22 108.0 67.64 133.5 8.33 14.6 0.0 277.8 0.87 46.04 1.1
37085 1658402107 0 7 $GNGGA,111505.000,4424.43063,N,00855.00049,E,1,12,1.0,-1.1,M,44.7,M,,*6A
37086 1658402109 0 3 2.614 4.979
37087 1658402109 0 4 2.593 1.492
37088 1658402110 0 5 0.45
37089 1658402110 0 6 0.10
37090 1658402110 0 8 4.994 8.993 8.40
37091 1658402110 0 1 0.952
37092 1658402110 0 0 26.67 8.22 108.0 67.62 133.4 8.32 14.6 0.0 276.6 0.93 46.02 1.1
37093 1658402110 0 7 $GNGGA,111508.000,4424.42983,N,00854.99927,E,1,12,1.0,-2.2,M,44.7,M,,*61
37094 1658402112 0 3 2.610 4.979
37095 1658402112 0 4 2.585 1.506
37096 1658402112 0 5 0.45
37097 1658402113 0 6 0.10
37098 1658402113 0 8 4.994 8.993 8.33
37099 1658402113 0 1 0.978
37100 1658402113 0 0 26.63 8.22 108.0 67.69 133.6 8.33 14.7 0.0 281.8 0.86 46.08 1.1
37101 1658402113 0 7 $GNGGA,111511.000,4424.42919,N,00854.99769,E,1,12,1.0,-2.6,M,44.7,M,,*6A
37102 1658402115 0 3 2.607 4.979
37103 1658402115 0 4 2.576 1.509
37104 1658402115 0 5 0.45
37105 1658402116 0 6 0.10
37106 1658402116 0 8 4.994 8.964 8.35
37107 1658402116 0 1 0.535
37108 1658402116 0 0 26.67 8.22 108.0 67.56 133.5 8.33 14.6 0.0 279.0 0.75 45.98 1.1
37109 1658402116 0 7 $GNGGA,111514.000,4424.42864,N,00854.99587,E,1,12,1.0,-1.7,M,44.7,M,,*64
37110 1658402118 0 3 2.608 4.979
37111 1658402118 0 4 2.578 1.506
37112 1658402118 0 5 0.45
37113 1658402119 0 6 0.10
37114 1658402119 0 8 4.994 9.002 8.35
37115 1658402119 0 1 1.814
37116 1658402119 0 0 26.66 8.22 108.0 67.65 133.6 8.33 14.6 0.0 281.1 0.78 46.04 1.1
37117 1658402119 0 7 $GNGGA,111517.000,4424.42837,N,00854.99474,E,1,12,1.0,-2.3,M,44.7,M,,*6B
37118 1658402121 0 3 2.608 4.979
37119 1658402121 0 4 2.579 1.502
37120 1658402121 0 5 0.45
37121 1658402122 0 6 0.10
37122 1658402122 0 8 4.994 9.002 8.33
37123 1658402122 0 7 $GNGGA,111520.000,4424.42751,N,00854.99340,E,1,12,1.0,-3.5,M,44.7,M,,*67
37124 1658402123 0 7 $GNGGA,111522.000,4424.42690,N,00854.99187,E,1,12,1.0,-4.6,M,44.7,M,,*64
37125 1658402124 0 0 26.65 8.22 107.9 67.52 133.7 8.34 14.7 0.0 282.5 0.79 45.95 1.1
37126 1658402124 0 3 2.606 4.979
37127 1658402124 0 4 2.575 1.504
37128 1658402124 0 5 0.45
37129 1658402125 0 6 0.10
37130 1658402125 0 8 4.994 8.983 8.35
37131 1658402125 0 1 0.826
37132 1658402125 0 0 26.64 8.22 108.0 67.65 133.7 8.34 14.7 0.0 284.2 0.75 46.05 1.1
37133 1658402125 0 7 $GNGGA,111523.000,4424.42681,N,00854.99094,E,1,12,1.0,-4.8,M,44.7,M,,*68
37134 1658402127 0 3 2.603 4.979
37135 1658402127 0 4 2.572 1.504
37136 1658402127 0 5 0.45
37137 1658402128 0 6 0.10
37138 1658402128 0 8 4.994 8.983 8.33
37139 1658402128 0 1 1.770
37140 1658402128 0 0 26.63 8.22 107.9 67.63 133.6 8.34 14.7 0.0 284.1 0.72 46.03 1.1
37141 1658402128 0 7 $GNGGA,111526.000,4424.42571,N,00854.98855,E,1,12,1.0,-4.5,M,44.7,M,,*68
37142 1658402130 0 3 2.605 4.979
37143 1658402130 0 4 2.577 1.504
37144 1658402130 0 5 0.46
37145 1658402131 0 6 0.10
37150 1658402133 0 3 2.604 4.979
37155 1658402134 0 7 $GNGGA,111532.000,4424.42449,N,00854.98474,E,1,12,1.0,-5.7,M,44.7,M,,*6B
37156 1658402134 0 0 26.68 8.22 107.9 67.81 133.7 8.33 14.6 0.0 285.8 0.81 46.17 1.1
37158 1658402136 0 3 2.601 4.979
37159 1658402136 0 4 2.569 1.502
37165 1658402138 0 7 $GNGGA,111537.000,4424.42364,N,00854.98096,E,1,12,1.0,-4.3,M,44.7,M,,*6B
37166 1658402139 0 3 2.600 4.979
37168 1658402139 0 5 0.46
37169 1658402140 0 6 0.10
37170 1658402140 0 8 4.994 8.974 8.35
37174 1658402142 0 3 2.602 4.979
37180 1658402143 0 0 26.67 8.22 107.8 67.79 133.8 8.33 14.7 0.0 289.5 0.76 46.15 1.1
37183 1658402145 0 3 2.602 4.979
37184 1658402145 0 4 2.574 1.499
37185 1658402145 0 5 0.45
37191 1658402148 0 3 2.600 4.979
37195 1658402149 0 8 4.994 8.955 8.33
37725 1658402346 0 3 2.631 4.979
37726 1658402346 0 4 2.648 1.537
37727 1658402347 0 5 0.46
37728 1658402347 0 6 0.10
37730 1658402347 0 1 2.687
37731 1658402347 0 0 26.92 8.22 106.7 67.61 138.8 8.62 14.8 0.0 309.0 1.26 46.00 1.1
37732 1658402347 0 7 $GNGGA,111905.000,4424.41568,N,00854.78820,E,1,12,1.0,-0.2,M,44.7,M,,*61
37733 1658402349 0 3 2.632 4.979
37734 1658402349 0 4 2.650 1.539
37735 1658402349 0 5 0.46
37736 1658402350 0 6 0.10
37737 1658402350 0 8 4.994 8.747 8.13
37738 1658402350 0 1 2.044
37739 1658402350 0 0 27.03 8.22 106.7 67.69 138.9 8.61 14.7 0.0 311.3 1.26 46.06 1.1
37740 1658402350 0 7 $GNGGA,111908.000,4424.41578,N,00854.78802,E,1,12,1.0,-0.1,M,44.7,M,,*6E
37741 1658402352 0 3 2.630 4.979
37742 1658402352 0 4 2.644 1.542
37743 1658402352 0 5 0.46
37744 1658402353 0 6 0.10
37745 1658402353 0 8 4.994 8.757 8.13
37746 1658402353 0 1 2.038
37747 1658402353 0 0 27.11 8.22 106.7 67.77 138.9 8.59 14.7 0.0 311.9 1.23 46.13 1.1
37748 1658402353 0 7 $GNGGA,111911.000,4424.41549,N,00854.78657,E,1,12,1.0,0.4,M,44.7,M,,*42
37749 1658402355 0 3 2.630 4.979
37750 1658402355 0 4 2.642 1.559
37751 1658402355 0 5 0.46
37752 1658402356 0 6 0.10
37753 1658402356 0 8 4.994 8.747 8.10
37754 1658402356 0 1 2.025
37755 1658402356 0 0 27.01 8.22 106.7 67.67 138.9 8.61 14.7 0.0 316.5 1.22 46.05 1.1
37756 1658402356 0 7 $GNGGA,111914.000,4424.41525,N,00854.78621,E,1,12,1.0,0.5,M,44.7,M,,*4D
37757 1658402358 0 3 2.633 4.979
37758 1658402358 0 4 2.650 1.544
37759 1658402358 0 5 0.46
37760 1658402359 0 6 0.10
37761 1658402359 0 8 4.994 8.747 8.13
37762 1658402359 0 1 2.078
37763 1658402359 0 0 26.89 8.22 106.6 67.74 138.9 8.63 14.8 0.0 320.1 1.27 46.11 1.1
37764 1658402359 0 7 $GNGGA,111917.000,4424.41534,N,00854.78602,E,1,12,1.0,0.6,M,44.7,M,,*4C
37765 1658402361 0 3 2.634 4.979
37766 1658402361 0 4 2.654 1.546
37767 1658402361 0 5 0.46
37768 1658402362 0 6 0.10
37769 1658402362 0 8 4.994 8.757 8.13
37770 1658402362 0 7 $GNGGA,111920.000,4424.41537,N,00854.78574,E,1,12,1.0,0.6,M,44.7,M,,*49
37771 1658402363 0 7 $GNGGA,111922.000,4424.41535,N,00854.78561,E,1,12,1.0,0.5,M,44.7,M,,*4E
37772 1658402364 0 0 27.04 8.22 106.6 67.63 138.9 8.61 14.6 0.0 309.7 1.29 46.02 1.1
37773 1658402364 0 3 2.633 4.979
37774 1658402364 0 4 2.648 1.556
37775 1658402365 0 5 0.46
37776 1658402365 0 6 0.10
37777 1658402365 0 8 4.994 8.747 8.13
37778 1658402365 0 1 2.159
37779 1658402365 0 0 27.00 8.22 106.6 67.83 138.9 8.61 14.8 0.0 319.2 1.27 46.17 1.1
37780 1658402365 0 7 $GNGGA,111923.000,4424.41536,N,00854.78551,E,1,12,1.0,0.5,M,44.7,M,,*4F
37781 1658402367 0 3 2.740 4.979
37782 1658402367 0 4 2.712 1.559
37783 1658402367 0 5 0.46
37784 1658402368 0 6 0.10
37785 1658402368 0 8 4.994 8.615 8.13
37786 1658402368 0 1 2.212
37787 1658402368 0 0 26.74 8.22 106.6 67.71 138.9 8.65 14.8 0.0 327.0 1.91 46.09 1.1
37788 1658402368 0 7 $GNGGA,111926.000,4424.41542,N,00854.78528,E,1,12,1.0,0.6,M,44.7,M,,*44
37789 1658402370 0 3 2.813 4.979
37790 1658402370 0 4 2.720 1.582
37791 1658402370 0 5 0.46
37792 1658402371 0 6 0.10
37793 1658402371 0 8 4.994 8.662 8.13
37794 1658402371 0 1 1.901
37795 1658402371 0 0 26.42 8.23 106.7 67.66 138.9 8.69 14.9 0.0 334.6 2.78 46.06 1.1
37796 1658402371 0 7 $GNGGA,111929.000,4424.41539,N,00854.78512,E,1,12,1.0,0.6,M,44.7,M,,*4E
37797 1658402373 0 3 2.823 4.979
37798 1658402373 0 4 2.722 1.571
37799 1658402373 0 5 0.46
37800 1658402374 0 6 0.10
37801 1658402374 0 8 4.994 8.728 8.13
37802 1658402374 0 1 2.991
37803 1658402374 0 0 26.28 8.23 106.8 67.74 138.9 8.71 14.9 0.0 335.5 3.66 46.13 1.1
37804 1658402374 0 7 $GNGGA,111932.000,4424.41532,N,00854.78502,E,1,12,1.0,0.7,M,44.7,M,,*4F
37805 1658402375 0 7 $GNGGA,111933.000,4424.41532,N,00854.78496,E,1,12,1.0,0.7,M,44.7,M,,*42
37806 1658402376 0 3 2.828 4.979
37807 1658402376 0 4 2.722 1.572
37808 1658402376 0 5 0.46
37809 1658402377 0 6 0.10
37814 1658402379 0 3 2.831 4.979
37820 1658402380 0 7 $GNGGA,111938.000,4424.41523,N,00854.78468,E,1,12,1.0,0.7,M,44.7,M,,*48
37821 1658402380 0 0 25.98 8.23 106.9 67.66 138.8 8.75 15.0 0.0 340.6 5.46 46.07 1.0
37823 1658402382 0 3 2.832 4.979
37824 1658402382 0 4 2.723 1.572
37825 1658402382 0 5 0.46
37831 1658402385 0 3 2.833 4.979
37833 1658402385 0 5 0.46
37834 1658402386 0 6 0.10
37835 1658402386 0 8 4.994 8.709 8.13
37839 1658402388 0 3 2.834 4.979
37845 1658402389 0 0 25.06 8.22 107.4 67.36 138.5 8.87 15.2 0.0 359.3 7.40 45.87 1.0
37846 1658402389 0 7 $GNGGA,111947.000,4424.41451,N,00854.78357,E,1,12,1.0,0.1,M,44.7,M,,*49
37847 1658402391 0 3 2.833 4.979
37848 1658402391 0 4 2.724 1.589
37855 1658402394 0 0 24.92 8.22 107.4 67.62 138.3 8.87 15.1 0.0 360.5 8.02 46.07 1.0
37857 1658402394 0 3 2.833 4.979
37859 1658402395 0 5 0.45
37861 1658402395 0 8 4.994 8.653 8.08
37862 1658402395 0 1 4.367
37865 1658402397 0 3 2.832 4.979
37870 1658402398 0 1 3.615
37871 1658402398 0 0 24.65 8.22 107.7 67.48 138.1 8.90 15.1 0.0 358.1 9.14 45.97 0.9
37872 1658402398 0 7 $GNGGA,111956.000,4424.41417,N,00854.78280,E,1,12,1.0,0.2,M,44.7,M,,*43
37873 1658402399 0 7 $GNGGA,111957.000,4424.41416,N,00854.78272,E,1,12,1.0,0.2,M,44.7,M,,*4E
37874 1658402400 0 3 2.832 4.979
37875 1658402400 0 4 2.724 1.579
37876 1658402400 0 5 0.44
37877 1658402401 0 6 0.10
37878 1658402401 0 8 4.994 8.634 8.13
37879 1658402401 0 1 4.629
37880 1658402401 0 0 24.60 8.22 107.8 67.40 137.9 8.90 15.1 0.0 355.8 9.70 45.90 0.9
37881 1658402401 0 7 $GNGGA,111959.000,4424.41397,N,00854.78241,E,1,12,1.0,-0.2,M,44.7,M,,*63
37882 1658402402 0 7 $GNGGA,112000.000,4424.41392,N,00854.78234,E,1,12,1.0,-0.1,M,44.7,M,,*61
37883 1658402403 0 3 2.835 4.979
37884 1658402403 0 4 2.725 1.577
37885 1658402403 0 5 0.44
37886 1658402404 0 6 0.10
37887 1658402404 0 8 4.994 8.794 8.10
37888 1658402404 0 1 4.466
37889 1658402404 0 0 24.60 8.22 107.8 67.24 137.7 8.89 15.0 0.0 351.1 10.07 45.78 0.9
37890 1658402404 0 7 $GNGGA,112002.000,4424.41363,N,00854.78200,E,1,12,1.0,-0.4,M,44.7,M,,*6F
37891 1658402406 0 3 2.833 4.979
37892 1658402406 0 4 2.723 1.577
37893 1658402406 0 5 0.44
37894 1658402407 0 6 0.10
37895 1658402407 0 8 4.994 8.757 8.10
37896 1658402407 0 1 3.510
37897 1658402407 0 0 24.61 8.22 107.9 67.26 137.4 8.87 15.0 0.0 346.5 10.06 45.80 0.9
37898 1658402407 0 7 $GNGGA,112005.000,4424.41350,N,00854.78160,E,1,12,1.0,-0.2,M,44.7,M,,*6B
37899 1658402408 0 7 $GNGGA,112006.000,4424.41345,N,00854.78145,E,1,12,1.0,-0.2,M,44.7,M,,*6B
37900 1658402409 0 3 2.833 4.979
37901 1658402409 0 4 2.723 1.579
37902 1658402409 0 5 0.43
37903 1658402410 0 6 0.10
37904 1658402410 0 8 4.994 8.766 8.10
37905 1658402410 0 1 3.738
37906 1658402410 0 0 24.61 8.22 108.0 67.48 137.1 8.85 14.9 0.0 341.6 10.02 45.97 0.9
37907 1658402410 0 7 $GNGGA,112008.000,4424.41330,N,00854.78087,E,1,12,1.0,0.4,M,44.7,M,,*43
37908 1658402411 0 7 $GNGGA,112009.000,4424.41323,N,00854.78057,E,1,12,1.0,0.9,M,44.7,M,,*40
37909 1658402412 0 3 2.834 4.979
37913 1658402413 0 8 4.994 8.738 8.10
37914 1658402413 0 1 3.922
37916 1658402413 0 7 $GNGGA,112011.000,4424.41314,N,00854.78017,E,1,12,1.0,0.8,M,44.7,M,,*48
37918 1658402415 0 3 2.835 4.979
37923 1658402416 0 1 3.718
37924 1658402416 0 0 24.63 8.22 108.1 67.38 136.4 8.80 14.9 0.0 331.5 10.11 45.89 0.9
37925 1658402416 0 7 $GNGGA,112014.000,4424.41300,N,00854.77978,E,1,12,1.0,0.8,M,44.7,M,,*47
37926 1658402417 0 7 $GNGGA,112015.000,4424.41290,N,00854.77959,E,1,12,1.0,0.8,M,44.7,M,,*4D
37927 1658402418 0 3 2.835 4.979
37928 1658402418 0 4 2.722 1.577
37929 1658402418 0 5 0.42
37930 1658402419 0 6 0.09
37931 1658402419 0 8 4.994 8.785 8.08
37932 1658402419 0 1 3.799
37933 1658402419 0 0 24.66 8.22 108.2 67.37 136.0 8.77 14.8 0.0 327.9 10.04 45.88 0.9
37934 1658402419 0 7 $GNGGA,112017.000,4424.41271,N,00854.77921,E,1,12,1.0,0.9,M,44.7,M,,*4E
37935 1658402420 0 7 $GNGGA,112018.000,4424.41264,N,00854.77911,E,1,12,1.0,0.8,M,44.7,M,,*47
37936 1658402421 0 3 2.835 4.979
37937 1658402422 0 4 2.722 1.577
37938 1658402422 0 5 0.41
37939 1658402422 0 6 0.09
37940 1658402422 0 8 4.994 8.785 8.06
37941 1658402422 0 7 $GNGGA,112020.000,4424.41257,N,00854.77900,E,1,12,1.0,0.8,M,44.7,M,,*4C
37942 1658402424 0 0 24.64 8.22 108.3 67.53 135.7 8.75 14.8 0.0 323.9 10.01 46.01 0.9
37943 1658402424 0 1 3.997
37944 1658402424 0 3 2.835 4.979
37945 1658402424 0 4 2.722 1.574
37946 1658402425 0 5 0.41
37947 1658402425 0 6 0.09
37948 1658402425 0 8 4.994 8.672 8.08
37949 1658402425 0 1 3.379
37950 1658402425 0 0 24.57 8.22 108.3 67.59 135.2 8.72 14.8 0.0 320.3 9.84 46.05 0.9
37951 1658402425 0 7 $GNGGA,112023.000,4424.41204,N,00854.77855,E,1,12,1.0,1.0,M,44.7,M,,*41
37952 1658402427 0 3 2.835 4.979
37953 1658402427 0 4 2.722 1.577
37954 1658402427 0 5 0.41
37955 1658402428 0 6 0.09
37956 1658402428 0 8 4.994 8.643 8.10
37957 1658402428 0 1 4.950
37958 1658402428 0 0 24.59 8.23 108.3 67.32 134.8 8.71 14.8 0.0 315.0 9.17 45.85 0.9
37959 1658402428 0 7 $GNGGA,112026.000,4424.41191,N,00854.77826,E,1,12,1.0,0.9,M,44.7,M,,*47
37960 1658402429 0 7 $GNGGA,112027.000,4424.41189,N,00854.77818,E,1,12,1.0,0.9,M,44.7,M,,*42
37961 1658402430 0 3 2.835 4.979
37962 1658402430 0 4 2.722 1.574
37963 1658402430 0 5 0.40
37964 1658402431 0 6 0.09
37965 1658402431 0 8 4.994 8.634 8.06
37966 1658402431 0 1 4.047
37967 1658402431 0 0 24.61 8.23 108.4 67.39 134.5 8.68 14.8 0.0 309.6 8.39 45.90 0.9
37968 1658402431 0 7 $GNGGA,112029.000,4424.41177,N,00854.77806,E,1,12,1.0,0.8,M,44.7,M,,*43
37969 1658402432 0 7 $GNGGA,112030.000,4424.41172,N,00854.77800,E,1,12,1.0,0.8,M,44.7,M,,*48
37970 1658402433 0 3 2.835 4.979
37971 1658402433 0 4 2.720 1.579
37972 1658402433 0 5 0.40
37973 1658402434 0 6 0.09
37974 1658402434 0 8 4.994 8.624 8.06
37975 1658402434 0 1 3.975
37976 1658402434 0 0 24.63 8.22 108.5 67.37 134.3 8.66 14.7 0.0 303.8 7.76 45.88 0.9
37977 1658402434 0 7 $GNGGA,112032.000,4424.41161,N,00854.77789,E,1,12,1.0,0.8,M,44.7,M,,*46
37978 1658402435 0 7 $GNGGA,112033.000,4424.41152,N,00854.77784,E,1,12,1.0,0.8,M,44.7,M,,*4A
37979 1658402436 0 3 2.835 4.979
37980 1658402437 0 4 2.719 1.577
37981 1658402437 0 5 0.40
37982 1658402437 0 6 0.09
37983 1658402437 0 8 4.994 8.606 8.08
37984 1658402437 0 1 3.929
37985 1658402437 0 0 24.67 8.22 108.5 67.35 134.1 8.65 14.7 0.0 299.1 7.32 45.86 0.9
37986 1658402437 0 7 $GNGGA,112035.000,4424.41141,N,00854.77779,E,1,12,1.0,0.7,M,44.7,M,,*43
37987 1658402438 0 7 $GNGGA,112036.000,4424.41134,N,00854.77778,E,1,12,1.0,0.7,M,44.7,M,,*43
37988 1658402439 0 3 2.834 4.979
37989 1658402439 0 4 2.720 1.577
37990 1658402439 0 5 0.39
37991 1658402440 0 6 0.09
37992 1658402440 0 8 4.994 8.615 8.01
37993 1658402440 0 1 4.560
37994 1658402440 0 0 24.72 8.22 108.5 67.47 133.9 8.62 14.7 0.0 292.8 6.82 45.96 0.9
37995 1658402440 0 7 $GNGGA,112038.000,4424.41121,N,00854.77776,E,1,12,1.0,0.7,M,44.7,M,,*47
37996 1658402441 0 7 $GNGGA,112039.000,4424.41113,N,00854.77777,E,1,12,1.0,0.6,M,44.7,M,,*47
37997 1658402442 0 3 2.835 4.979
37998 1658402442 0 4 2.719 1.574
37999 1658402442 0 5 0.39
38000 1658402443 0 6 0.09
38001 1658402443 0 8 4.994 8.615 8.06
38002 1658402443 0 1 4.291
38003 1658402443 0 0 24.78 8.23 108.6 67.27 133.7 8.61 14.6 0.0 288.7 6.27 45.80 0.9
38004 1658402444 0 7 $GNGGA,112041.000,4424.41099,N,00854.77783,E,1,12,1.0,0.6,M,44.7,M,,*40
38005 1658402444 0 7 $GNGGA,112042.000,4424.41092,N,00854.77784,E,1,12,1.0,0.6,M,44.7,M,,*4F
38006 1658402445 0 3 2.832 4.979
38007 1658402445 0 4 2.717 1.577
38008 1658402445 0 5 0.39
38009 1658402446 0 6 0.09
38010 1658402446 0 8 4.994 8.615 8.06
38011 1658402446 0 1 4.336
38012 1658402446 0 0 24.91 8.23 108.6 67.18 133.8 8.60 14.6 0.0 279.4 5.77 45.72 0.9
38013 1658402446 0 7 $GNGGA,112044.000,4424.41076,N,00854.77788,E,1,12,1.0,0.6,M,44.7,M,,*4F
38014 1658402447 0 7 $GNGGA,112045.000,4424.41067,N,00854.77790,E,1,12,1.0,0.6,M,44.7,M,,*47
38015 1658402448 0 3 2.830 4.979
38016 1658402448 0 4 2.717 1.579
38017 1658402448 0 5 0.39
38018 1658402449 0 6 0.09
38019 1658402449 0 8 4.994 8.606 8.06
38020 1658402449 0 1 3.782
38021 1658402449 0 0 25.43 8.23 108.5 67.19 133.7 8.52 14.3 0.0 260.3 4.95 45.72 1.0
38022 1658402449 0 7 $GNGGA,112047.000,4424.41035,N,00854.77824,E,1,12,1.0,0.5,M,44.7,M,,*41
38023 1658402450 0 7 $GNGGA,112048.000,4424.41008,N,00854.77844,E,1,12,1.0,-0.1,M,44.7,M,,*6F
38024 1658402451 0 3 2.830 4.979
38025 1658402451 0 4 2.716 1.577
38026 1658402451 0 5 0.39
38027 1658402452 0 6 0.09
38028 1658402452 0 8 4.994 8.606 8.06
38029 1658402452 0 7 $GNGGA,112050.000,4424.40948,N,00854.77859,E,1,11,1.0,-1.1,M,44.7,M,,*64
38030 1658402453 0 7 $GNGGA,112051.000,4424.40944,N,00854.77860,E,1,11,1.0,-1.0,M,44.7,M,,*62
38031 1658402453 0 7 $GNGGA,112052.000,4424.40930,N,00854.77867,E,1,11,1.0,-1.0,M,44.7,M,,*65
38032 1658402454 0 0 25.79 8.23 108.3 67.33 133.7 8.47 14.3 0.0 253.6 3.98 45.82 1.0
38033 1658402454 0 1 3.160
38034 1658402454 0 1 01
38035 1658402454 0 3 2.829 4.979
38036 1658402455 0 4 2.716 1.577
38037 1658402455 0 5 0.39
38038 1658402455 0 6 0.09
38039 1658402455 0 8 4.994 8.587 8.06
38040 1658402455 0 1 3.379
38041 1658402455 0 0 26.03 8.23 108.3 67.57 137.1 8.64 14.3 0.0 248.6 3.51 46.00 1.0
38042 1658402456 0 7 $GNGGA,112053.000,4424.40906,N,00854.77873,E,1,11,1.0,-1.0,M,44.7,M,,*64
38043 1658402457 0 7 $GNGGA,112056.000,4424.40874,N,00854.77894,E,1,11,1.0,-1.1,M,44.7,M,,*6D
38044 1658402457 0 3 2.826 4.979
38045 1658402457 0 4 2.716 1.577
38046 1658402458 0 5 0.39
38047 1658402458 0 6 0.09
38048 1658402458 0 8 4.994 8.568 8.06
38049 1658402458 0 1 2.514
38050 1658402458 0 0 26.10 8.23 108.3 67.53 137.1 8.63 14.3 0.0 247.4 3.41 45.97 1.0
38051 1658402459 0 7 $GNGGA,112057.000,4424.40869,N,00854.77895,E,1,11,1.0,-1.1,M,44.7,M,,*61
38052 1658402459 0 7 $GNGGA,112058.000,4424.40860,N,00854.77901,E,1,11,1.0,-1.1,M,44.7,M,,*6B
38053 1658402460 0 7 $GNGGA,112059.000,4424.40856,N,00854.77902,E,1,11,1.0,-1.2,M,44.7,M,,*6F
38054 1658402460 0 3 2.822 4.979
38055 1658402460 0 4 2.712 1.577
38056 1658402461 0 5 0.39
38057 1658402461 0 6 0.08
38058 1658402461 0 8 4.994 8.606 8.06
38059 1658402461 0 1 2.446
38060 1658402461 0 0 26.19 8.23 108.4 67.64 137.6 8.64 14.3 0.0 246.3 2.86 46.05 1.0
38061 1658402462 0 7 $GNGGA,112100.000,4424.40851,N,00854.77904,E,1,11,1.0,-1.2,M,44.7,M,,*63
38062 1658402462 0 7 $GNGGA,112101.000,4424.40846,N,00854.77903,E,1,11,1.0,-1.2,M,44.7,M,,*63
38063 1658402463 0 7 $GNGGA,112102.000,4424.40841,N,00854.77903,E,1,11,1.0,-1.3,M,44.7,M,,*66
38064 1658402463 0 3 2.812 4.979
38065 1658402464 0 4 2.712 1.577
38066 1658402464 0 5 0.42
38067 1658402464 0 6 0.09
38068 1658402464 0 8 4.994 8.587 8.06
38069 1658402464 0 1 2.411
38070 1658402464 0 0 26.34 8.23 108.3 67.48 137.4 8.62 14.2 0.0 241.4 2.54 45.93 1.0
38071 1658402465 0 7 $GNGGA,112103.000,4424.40840,N,00854.77903,E,1,11,1.0,-1.3,M,44.7,M,,*66
38072 1658402465 0 7 $GNGGA,112104.000,4424.40840,N,00854.77898,E,1,11,1.0,-1.3,M,44.7,M,,*62
38073 1658402466 0 7 $GNGGA,112105.000,4424.40839,N,00854.77895,E,1,11,1.0,-1.3,M,44.7,M,,*60
38074 1658402466 0 3 2.794 4.979
38075 1658402466 0 4 2.711 1.579
38076 1658402467 0 5 0.46
38077 1658402467 0 6 0.09
38078 1658402467 0 8 4.994 8.558 8.01
38079 1658402467 0 1 2.525
38080 1658402467 0 0 26.49 8.23 108.3 67.53 137.6 8.61 14.2 0.0 239.3 2.21 45.96 1.0
38081 1658402468 0 7 $GNGGA,112106.000,4424.40838,N,00854.77894,E,1,11,1.0,-1.3,M,44.7,M,,*63
38082 1658402468 0 7 $GNGGA,112107.000,4424.40815,N,00854.77878,E,1,11,1.0,-1.5,M,44.7,M,,*69
38083 1658402469 0 7 $GNGGA,112108.000,4424.40816,N,00854.77880,E,1,11,1.0,-1.5,M,44.7,M,,*62
38084 1658402469 0 3 2.804 4.979
38085 1658402469 0 4 2.710 1.577
38086 1658402470 0 5 0.47
38087 1658402470 0 6 0.09
38088 1658402470 0 8 4.994 8.539 8.01
38089 1658402470 0 1 2.549
38090 1658402470 0 0 26.64 8.23 108.3 67.41 137.7 8.60 14.2 0.0 235.2 2.11 45.86 1.0
38091 1658402471 0 7 $GNGGA,112109.000,4424.40815,N,00854.77880,E,1,11,1.0,-1.5,M,44.7,M,,*60
38092 1658402471 0 7 $GNGGA,112110.000,4424.40814,N,00854.77878,E,1,11,1.0,-1.5,M,44.7,M,,*6E
38093 1658402472 0 7 $GNGGA,112111.000,4424.40814,N,00854.77876,E,1,11,1.0,-1.5,M,44.7,M,,*61
38094 1658402472 0 3 2.704 4.979
38095 1658402472 0 4 2.699 1.574
38096 1658402473 0 5 0.49
38097 1658402473 0 6 0.09
38098 1658402473 0 8 4.994 8.549 7.99
38099 1658402473 0 1 2.543
38100 1658402473 0 0 26.64 8.23 108.3 67.53 138.2 8.62 14.3 0.0 238.7 1.63 45.95 1.0
38101 1658402474 0 7 $GNGGA,112112.000,4424.40809,N,00854.77877,E,1,11,1.0,-1.4,M,44.7,M,,*6E
38102 1658402474 0 7 $GNGGA,112113.000,4424.40805,N,00854.77881,E,1,11,1.0,-1.4,M,44.7,M,,*6A
38103 1658402475 0 7 $GNGGA,112114.000,4424.40800,N,00854.77881,E,1,11,1.0,-1.4,M,44.7,M,,*68
38104 1658402475 0 3 2.643 4.979
38105 1658402475 0 4 2.636 1.577
38106 1658402476 0 5 0.50
38107 1658402476 0 6 0.09
38108 1658402476 0 8 4.994 8.549 8.06
38109 1658402476 0 1 2.620
38110 1658402476 0 0 26.68 8.23 108.3 67.39 138.1 8.62 14.3 0.0 237.7 1.18 45.84 1.0
38111 1658402477 0 7 $GNGGA,112115.000,4424.40798,N,00854.77871,E,1,11,1.0,-1.4,M,44.7,M,,*68
38112 1658402477 0 7 $GNGGA,112116.000,4424.40796,N,00854.77864,E,1,11,1.0,-1.3,M,44.7,M,,*66
38113 1658402478 0 3 2.633 4.979
38114 1658402478 0 4 2.619 1.642
38115 1658402478 0 5 0.52
38116 1658402479 0 6 0.09
38117 1658402479 0 8 4.994 8.568 8.01
38118 1658402479 0 1 2.682
38119 1658402479 0 0 26.92 8.22 108.2 67.42 138.2 8.59 14.3 0.0 233.0 1.06 45.85 1.0
38120 1658402479 0 7 $GNGGA,112117.000,4424.40803,N,00854.77827,E,1,11,1.0,-1.2,M,44.7,M,,*62
38121 1658402480 0 7 $GNGGA,112118.000,4424.40796,N,00854.77816,E,1,11,1.0,-1.2,M,44.7,M,,*6C
38122 1658402480 0 7 $GNGGA,112119.000,4424.40793,N,00854.77811,E,1,11,1.0,-1.3,M,44.7,M,,*6E
38123 1658402481 0 7 $GNGGA,112120.000,4424.40787,N,00854.77796,E,1,11,1.0,-1.3,M,44.7,M,,*61
38124 1658402481 0 3 2.633 4.979
38125 1658402481 0 4 2.620 1.641
38126 1658402482 0 5 0.53
38127 1658402482 0 6 0.09
38128 1658402482 0 8 4.994 8.483 7.99
38129 1658402483 0 7 $GNGGA,112121.000,4424.40784,N,00854.77791,E,1,11,1.0,-1.2,M,44.7,M,,*65
38130 1658402483 0 7 $GNGGA,112122.000,4424.40779,N,00854.77781,E,1,11,1.0,-1.2,M,44.7,M,,*65
38131 1658402484 0 0 27.14 8.22 108.0 67.48 138.3 8.56 14.2 0.0 231.2 1.05 45.90 1.0
38132 1658402484 0 1 3.310
38133 1658402484 0 3 2.636 4.979
38134 1658402485 0 4 2.625 1.679
38135 1658402485 0 5 0.52
38136 1658402485 0 6 0.09
38137 1658402485 0 8 4.994 8.464 7.99
38138 1658402485 0 1 2.745
38139 1658402485 0 0 27.19 8.22 107.8 67.64 138.4 8.56 14.2 0.0 231.8 1.06 46.02 1.1
38140 1658402486 0 7 $GNGGA,112123.000,4424.40773,N,00854.77773,E,1,11,1.0,-1.1,M,44.7,M,,*60
38141 1658402487 0 7 $GNGGA,112126.000,4424.40749,N,00854.77750,E,1,11,1.0,-1.0,M,44.7,M,,*6C
38142 1658402487 0 3 2.636 4.979
38143 1658402487 0 4 2.624 1.612
38144 1658402488 0 5 0.55
