/home/danielacabiddu/Devel/src/MATRAC/test/tuttomatrac/data/porto_grid.mesh
6924 1658407744 0 3 2.626 4.978
6925 1658407744 0 4 2.587 1.449
6926 1658407744 0 5 0.31
6927 1658407744 0 6 0.09
6928 1658407744 0 8 4.997 12.144 11.89
6929 1658407745 0 7 $GNGGA,124903.000,4423.73818,N,00855.30768,E,1,15,0.7,1.6,M,44.7,M,,*4A
6930 1658407745 0 7 $GNGGA,124904.000,4423.73818,N,00855.30772,E,1,15,0.7,1.6,M,44.7,M,,*46
6931 1658407746 0 1 0.463
6932 1658407746 0 0 27.67 8.21 137.5 67.80 138.3 8.48 16.1 0.0 261.5 1.12 46.13 1.2
6933 1658407746 0 7 $GNGGA,124905.000,4423.73817,N,00855.30777,E,1,15,0.7,1.6,M,44.7,M,,*4D
6934 1658407747 0 3 2.629 4.978
6935 1658407747 0 4 2.588 1.451
6936 1658407747 0 5 0.32
6937 1658407747 0 6 0.10
6938 1658407747 0 8 4.997 12.135 11.89
6939 1658407748 0 7 $GNGGA,124906.000,4423.73817,N,00855.30780,E,1,15,0.7,1.5,M,44.7,M,,*45
6940 1658407748 0 7 $GNGGA,124907.000,4423.73817,N,00855.30784,E,1,15,0.7,1.5,M,44.7,M,,*40
6941 1658407749 0 1 0.745
6942 1658407749 0 0 27.63 8.21 137.4 67.78 138.0 8.47 16.1 0.0 263.6 1.13 46.12 1.2
6943 1658407749 0 7 $GNGGA,124908.000,4423.73818,N,00855.30788,E,1,15,0.7,1.5,M,44.7,M,,*4C
6944 1658407750 0 3 2.628 4.978
6945 1658407750 0 4 2.585 1.451
6946 1658407750 0 5 0.32
6947 1658407750 0 6 0.10
6948 1658407750 0 8 4.997 12.135 11.91
6949 1658407751 0 7 $GNGGA,124909.000,4423.73818,N,00855.30792,E,1,15,0.7,1.5,M,44.7,M,,*46
6950 1658407751 0 7 $GNGGA,124910.000,4423.73817,N,00855.30796,E,1,15,0.7,1.5,M,44.7,M,,*45
6951 1658407752 0 1 0.382
6952 1658407752 0 0 27.75 8.21 137.3 67.79 137.5 8.42 16.1 0.0 263.4 1.15 46.12 1.2
6953 1658407752 0 7 $GNGGA,124911.000,4423.73817,N,00855.30802,E,1,15,0.7,1.5,M,44.7,M,,*46
6954 1658407753 0 3 2.627 4.978
6955 1658407753 0 4 2.585 1.451
6956 1658407753 0 5 0.32
6957 1658407753 0 6 0.10
6958 1658407753 0 8 4.997 12.135 11.89
6959 1658407754 0 7 $GNGGA,124912.000,4423.73817,N,00855.30806,E,1,15,0.7,1.5,M,44.7,M,,*41
6960 1658407754 0 7 $GNGGA,124913.000,4423.73817,N,00855.30810,E,1,15,0.7,1.4,M,44.7,M,,*46
6961 1658407755 0 1 1.230
6962 1658407755 0 0 27.79 8.21 137.2 67.83 137.3 8.40 16.1 0.0 264.2 1.15 46.15 1.2
6963 1658407755 0 7 $GNGGA,124914.000,4423.73816,N,00855.30816,E,1,15,0.7,1.4,M,44.7,M,,*46
6964 1658407756 0 3 2.627 4.978
6965 1658407756 0 4 2.584 1.449
6966 1658407756 0 5 0.33
6967 1658407756 0 6 0.10
6968 1658407756 0 8 4.997 12.135 11.89
6969 1658407757 0 7 $GNGGA,124915.000,4423.73815,N,00855.30819,E,1,15,0.7,1.5,M,44.7,M,,*4A
6970 1658407757 0 7 $GNGGA,124916.000,4423.73814,N,00855.30823,E,1,15,0.7,1.5,M,44.7,M,,*41
6971 1658407758 0 1 0.436
6972 1658407758 0 0 27.78 8.21 137.1 67.76 136.6 8.36 16.1 0.0 266.4 1.15 46.09 1.2
6973 1658407758 0 7 $GNGGA,124917.000,4423.73814,N,00855.30829,E,1,15,0.7,1.5,M,44.7,M,,*4A
6974 1658407759 0 3 2.627 4.978
6975 1658407759 0 4 2.584 1.451
6976 1658407759 0 5 0.33
6977 1658407759 0 6 0.10
6978 1658407759 0 8 4.997 12.135 11.91
6979 1658407760 0 7 $GNGGA,124918.000,4423.73814,N,00855.30832,E,1,15,0.7,1.4,M,44.7,M,,*4E
6980 1658407760 0 7 $GNGGA,124919.000,4423.73813,N,00855.30839,E,1,15,0.7,1.4,M,44.7,M,,*43
6981 1658407761 0 1 0.376
6982 1658407761 0 0 27.75 8.21 137.0 67.87 135.9 8.32 16.2 0.0 270.3 1.16 46.18 1.2
6983 1658407761 0 7 $GNGGA,124920.000,4423.73812,N,00855.30842,E,1,15,0.7,1.4,M,44.7,M,,*44
6984 1658407762 0 3 2.628 4.978
6985 1658407762 0 4 2.584 1.449
6986 1658407762 0 5 0.33
6987 1658407762 0 6 0.10
6988 1658407762 0 8 4.997 12.135 11.89
6989 1658407763 0 7 $GNGGA,124921.000,4423.73812,N,00855.30845,E,1,15,0.7,1.4,M,44.7,M,,*42
6990 1658407763 0 7 $GNGGA,124922.000,4423.73811,N,00855.30851,E,1,15,0.7,1.4,M,44.7,M,,*47
6991 1658407764 0 1 0.353
6992 1658407764 0 0 27.77 8.21 136.9 67.75 135.2 8.28 16.2 0.0 272.0 1.09 46.09 1.2
6993 1658407764 0 7 $GNGGA,124923.000,4423.73811,N,00855.30855,E,1,15,0.7,1.4,M,44.7,M,,*42
6994 1658407765 0 3 2.630 4.978
6995 1658407765 0 4 2.584 1.449
6996 1658407765 0 5 0.34
6997 1658407765 0 6 0.10
6998 1658407765 0 8 4.997 12.135 11.89
6999 1658407766 0 7 $GNGGA,124924.000,4423.73811,N,00855.30859,E,1,15,0.7,1.4,M,44.7,M,,*49
7000 1658407766 0 7 $GNGGA,124925.000,4423.73810,N,00855.30865,E,1,15,0.7,1.4,M,44.7,M,,*46
7001 1658407767 0 1 0.399
7002 1658407767 0 0 27.81 8.21 136.9 67.72 134.5 8.23 16.2 0.0 273.0 1.15 46.06 1.2
7003 1658407767 0 7 $GNGGA,124926.000,4423.73809,N,00855.30868,E,1,15,0.7,1.4,M,44.7,M,,*40
7004 1658407768 0 3 2.627 4.978
7005 1658407768 0 4 2.584 1.451
7006 1658407768 0 5 0.34
7007 1658407768 0 6 0.10
7008 1658407768 0 8 4.997 12.135 11.91
7009 1658407769 0 7 $GNGGA,124927.000,4423.73808,N,00855.30874,E,1,15,0.7,1.4,M,44.7,M,,*4D
7010 1658407769 0 7 $GNGGA,124928.000,4423.73808,N,00855.30880,E,1,15,0.7,1.4,M,44.7,M,,*49
7011 1658407770 0 1 0.373
7012 1658407770 0 0 27.78 8.21 136.7 67.83 134.0 8.20 16.2 0.0 276.7 1.17 46.15 1.2
7013 1658407770 0 7 $GNGGA,124929.000,4423.73807,N,00855.30885,E,1,15,0.7,1.4,M,44.7,M,,*42
7014 1658407771 0 3 2.626 4.978
7015 1658407771 0 4 2.583 1.451
7016 1658407771 0 5 0.34
7017 1658407771 0 6 0.10
7018 1658407771 0 8 4.997 12.144 11.89
7019 1658407772 0 7 $GNGGA,124930.000,4423.73807,N,00855.30890,E,1,15,0.7,1.4,M,44.7,M,,*4E
7020 1658407772 0 7 $GNGGA,124931.000,4423.73806,N,00855.30894,E,1,15,0.7,1.4,M,44.7,M,,*4A
7021 1658407773 0 1 0.361
7022 1658407773 0 0 27.85 8.21 136.7 67.79 133.5 8.16 16.2 0.0 278.1 1.16 46.12 1.2
7023 1658407773 0 7 $GNGGA,124932.000,4423.73806,N,00855.30901,E,1,15,0.7,1.4,M,44.7,M,,*44
7024 1658407774 0 3 2.626 4.978
7025 1658407774 0 4 2.583 1.454
7026 1658407774 0 5 0.34
7027 1658407774 0 6 0.10
7028 1658407774 0 8 4.997 12.144 11.89
7029 1658407775 0 7 $GNGGA,124933.000,4423.73805,N,00855.30903,E,1,15,0.7,1.4,M,44.7,M,,*44
7030 1658407775 0 7 $GNGGA,124934.000,4423.73806,N,00855.30906,E,1,15,0.7,1.4,M,44.7,M,,*45
7031 1658407776 0 1 0.569
7032 1658407776 0 0 27.83 8.21 136.6 67.85 133.0 8.13 16.2 0.0 281.1 1.15 46.16 1.2
7033 1658407776 0 7 $GNGGA,124935.000,4423.73807,N,00855.30909,E,1,15,0.7,1.4,M,44.7,M,,*4A
7034 1658407777 0 3 2.627 4.978
7035 1658407777 0 4 2.584 1.454
7036 1658407777 0 5 0.35
7037 1658407777 0 6 0.10
7038 1658407777 0 8 4.997 12.144 11.91
7039 1658407778 0 7 $GNGGA,124936.000,4423.73807,N,00855.30912,E,1,15,0.7,1.4,M,44.7,M,,*43
7040 1658407778 0 7 $GNGGA,124937.000,4423.73807,N,00855.30915,E,1,15,0.7,1.4,M,44.7,M,,*45
7041 1658407779 0 1 0.430
7042 1658407779 0 0 27.83 8.21 136.5 67.74 132.6 8.11 16.2 0.0 282.7 1.14 46.08 1.2
7043 1658407779 0 7 $GNGGA,124938.000,4423.73807,N,00855.30918,E,1,15,0.7,1.5,M,44.7,M,,*46
7044 1658407780 0 3 2.627 4.978
7045 1658407780 0 4 2.584 1.456
7046 1658407780 0 5 0.35
7047 1658407780 0 6 0.10
7048 1658407780 0 8 4.997 11.891 11.89
7049 1658407781 0 7 $GNGGA,124939.000,4423.73807,N,00855.30921,E,1,15,0.7,1.5,M,44.7,M,,*4D
7050 1658407781 0 7 $GNGGA,124940.000,4423.73807,N,00855.30924,E,1,15,0.7,1.5,M,44.7,M,,*46
7051 1658407782 0 1 0.930
7052 1658407782 0 0 27.85 8.21 136.5 67.84 132.4 8.10 16.2 0.0 285.6 1.19 46.16 1.2
7053 1658407782 0 7 $GNGGA,124941.000,4423.73807,N,00855.30926,E,1,15,0.7,1.5,M,44.7,M,,*45
7054 1658407783 0 3 2.626 4.978
7055 1658407783 0 4 2.583 1.471
7056 1658407783 0 5 0.35
7057 1658407783 0 6 0.11
7058 1658407783 0 8 4.997 11.947 11.89
7059 1658407784 0 7 $GNGGA,124942.000,4423.73807,N,00855.30929,E,1,15,0.7,1.5,M,44.7,M,,*49
7060 1658407784 0 7 $GNGGA,124943.000,4423.73807,N,00855.30932,E,1,15,0.7,1.5,M,44.7,M,,*42
7061 1658407785 0 1 0.340
7062 1658407785 0 0 27.91 8.21 136.4 67.81 131.9 8.05 16.2 0.0 287.6 1.17 46.13 1.2
7063 1658407785 0 7 $GNGGA,124944.000,4423.73807,N,00855.30934,E,1,15,0.7,1.5,M,44.7,M,,*43
7064 1658407786 0 3 2.627 4.978
7065 1658407786 0 4 2.584 1.456
7066 1658407786 0 5 0.35
7067 1658407786 0 6 0.11
7068 1658407786 0 8 4.997 12.173 11.89
7069 1658407787 0 7 $GNGGA,124945.000,4423.73807,N,00855.30937,E,1,15,0.7,1.5,M,44.7,M,,*41
7070 1658407787 0 7 $GNGGA,124946.000,4423.73807,N,00855.30942,E,1,15,0.7,1.5,M,44.7,M,,*40
7071 1658407788 0 1 0.354
7072 1658407788 0 0 27.93 8.21 136.3 67.76 131.5 8.03 16.2 0.0 288.2 1.13 46.09 1.2
7073 1658407788 0 7 $GNGGA,124947.000,4423.73807,N,00855.30945,E,1,15,0.7,1.5,M,44.7,M,,*46
7074 1658407789 0 3 2.626 4.978
7075 1658407789 0 4 2.585 1.456
7076 1658407789 0 5 0.36
7077 1658407789 0 6 0.11
7078 1658407789 0 8 4.997 11.957 11.89
7079 1658407790 0 7 $GNGGA,124948.000,4423.73806,N,00855.30949,E,1,15,0.7,1.5,M,44.7,M,,*44
7080 1658407790 0 7 $GNGGA,124949.000,4423.73806,N,00855.30953,E,1,15,0.7,1.6,M,44.7,M,,*4D
7081 1658407791 0 1 0.326
7082 1658407791 0 0 27.87 8.21 136.2 67.85 131.3 8.03 16.3 0.0 291.7 1.16 46.16 1.2
7083 1658407791 0 7 $GNGGA,124950.000,4423.73805,N,00855.30958,E,1,15,0.7,1.6,M,44.7,M,,*4D
7084 1658407792 0 3 2.625 4.978
7085 1658407792 0 4 2.585 1.459
7086 1658407792 0 5 0.36
7087 1658407792 0 6 0.11
7088 1658407792 0 8 4.997 11.966 11.89
7089 1658407793 0 7 $GNGGA,124951.000,4423.73804,N,00855.30962,E,1,15,0.7,1.6,M,44.7,M,,*44
7090 1658407793 0 7 $GNGGA,124952.000,4423.73803,N,00855.30964,E,1,15,0.7,1.6,M,44.7,M,,*46
7091 1658407794 0 1 0.338
7092 1658407794 0 0 27.91 8.21 136.1 67.83 131.1 8.00 16.3 0.0 294.8 1.18 46.15 1.2
7093 1658407794 0 7 $GNGGA,124953.000,4423.73803,N,00855.30965,E,1,15,0.7,1.6,M,44.7,M,,*46
7094 1658407795 0 3 2.625 4.978
7095 1658407795 0 4 2.584 1.459
7096 1658407795 0 5 0.36
7097 1658407795 0 6 0.11
7098 1658407795 0 8 4.997 12.163 11.89
7099 1658407796 0 7 $GNGGA,124954.000,4423.73803,N,00855.30966,E,1,15,0.7,1.6,M,44.7,M,,*42
7100 1658407796 0 7 $GNGGA,124955.000,4423.73803,N,00855.30968,E,1,15,0.7,1.6,M,44.7,M,,*4D
7101 1658407797 0 1 0.284
7102 1658407797 0 0 27.91 8.21 136.1 67.82 130.7 7.98 16.3 0.0 299.2 1.13 46.14 1.2
7103 1658407797 0 7 $GNGGA,124956.000,4423.73803,N,00855.30970,E,1,15,0.7,1.6,M,44.7,M,,*47
7104 1658407798 0 3 2.625 4.978
7105 1658407798 0 4 2.584 1.459
7106 1658407798 0 5 0.36
7107 1658407798 0 6 0.11
7108 1658407798 0 8 4.997 11.947 11.89
7109 1658407799 0 7 $GNGGA,124957.000,4423.73802,N,00855.30972,E,1,15,0.7,1.6,M,44.7,M,,*45
7110 1658407799 0 7 $GNGGA,124958.000,4423.73801,N,00855.30974,E,1,15,0.7,1.6,M,44.7,M,,*4F
7111 1658407800 0 1 0.357
7112 1658407800 0 0 27.93 8.21 135.9 67.79 130.3 7.96 16.3 0.0 299.6 1.13 46.12 1.2
7113 1658407800 0 7 $GNGGA,124959.000,4423.73808,N,00855.31017,E,1,15,0.7,2.1,M,44.7,M,,*4E
7114 1658407801 0 3 2.623 4.978
7115 1658407801 0 4 2.584 1.461
7116 1658407801 0 5 0.37
7117 1658407801 0 6 0.11
7118 1658407801 0 8 4.997 12.154 11.89
7119 1658407802 0 7 $GNGGA,125000.000,4423.73815,N,00855.31058,E,1,15,0.7,2.3,M,44.7,M,,*4F
7120 1658407802 0 7 $GNGGA,125001.000,4423.73817,N,00855.31104,E,1,15,0.7,2.5,M,44.7,M,,*42
7121 1658407803 0 1 0.538
7122 1658407803 0 0 27.94 8.21 135.9 67.82 130.1 7.94 16.3 0.0 298.7 1.13 46.13 1.3
7123 1658407803 0 7 $GNGGA,125002.000,4423.73820,N,00855.31155,E,1,15,0.7,2.7,M,44.7,M,,*43
7124 1658407804 0 3 2.618 4.978
7125 1658407804 0 4 2.583 1.464
7126 1658407804 0 5 0.37
7127 1658407804 0 6 0.11
7128 1658407804 0 8 4.997 12.126 11.89
7129 1658407805 0 7 $GNGGA,125003.000,4423.73819,N,00855.31217,E,1,15,0.7,2.7,M,44.7,M,,*4D
7130 1658407805 0 7 $GNGGA,125004.000,4423.73822,N,00855.31281,E,1,15,0.7,3.0,M,44.7,M,,*4B
7131 1658407806 0 1 0.350
7132 1658407806 0 0 27.91 8.21 135.8 67.86 129.9 7.93 16.3 0.0 305.3 1.07 46.17 1.3
7133 1658407806 0 7 $GNGGA,125005.000,4423.73821,N,00855.31349,E,1,15,0.7,3.2,M,44.7,M,,*4E
7134 1658407807 0 3 2.617 4.978
7135 1658407807 0 4 2.582 1.461
7136 1658407807 0 5 0.37
7137 1658407807 0 6 0.11
7138 1658407807 0 8 4.997 12.107 11.89
7139 1658407808 0 7 $GNGGA,125006.000,4423.73818,N,00855.31420,E,1,15,0.7,3.4,M,44.7,M,,*49
7140 1658407808 0 7 $GNGGA,125007.000,4423.73820,N,00855.31501,E,1,15,0.7,3.4,M,44.7,M,,*41
7141 1658407809 0 1 0.998
7142 1658407809 0 0 27.94 8.21 135.7 67.81 129.6 7.91 16.3 0.0 305.9 1.06 46.13 1.3
7143 1658407809 0 7 $GNGGA,125008.000,4423.73810,N,00855.31601,E,1,15,0.7,3.4,M,44.7,M,,*4E
7144 1658407810 0 3 2.616 4.978
7145 1658407810 0 4 2.580 1.459
7146 1658407810 0 5 0.37
7147 1658407810 0 6 0.11
7148 1658407810 0 8 4.997 12.116 11.91
7149 1658407811 0 7 $GNGGA,125009.000,4423.73810,N,00855.31694,E,1,15,0.7,3.2,M,44.7,M,,*45
7150 1658407811 0 7 $GNGGA,125010.000,4423.73800,N,00855.31789,E,1,15,0.7,3.1,M,44.7,M,,*42
7151 1658407812 0 1 0.300
7152 1658407812 0 0 27.97 8.21 135.6 67.81 129.2 7.88 16.3 0.0 308.1 1.00 46.12 1.3
7153 1658407812 0 7 $GNGGA,125011.000,4423.73782,N,00855.31885,E,1,15,0.7,3.0,M,44.7,M,,*44
7154 1658407813 0 3 2.616 4.978
7155 1658407813 0 4 2.574 1.459
7156 1658407813 0 5 0.37
7157 1658407813 0 6 0.11
7158 1658407813 0 8 4.997 12.173 11.89
7159 1658407814 0 7 $GNGGA,125012.000,4423.73763,N,00855.31984,E,1,15,0.7,2.7,M,44.7,M,,*4E
7160 1658407814 0 7 $GNGGA,125013.000,4423.73757,N,00855.32074,E,1,15,0.7,2.7,M,44.7,M,,*4D
7161 1658407815 0 1 0.304
7162 1658407815 0 0 28.01 8.21 135.5 67.84 129.0 7.86 16.3 0.0 310.9 1.00 46.15 1.3
7163 1658407815 0 7 $GNGGA,125014.000,4423.73744,N,00855.32156,E,1,15,0.7,2.7,M,44.7,M,,*49
7164 1658407816 0 3 2.616 4.978
7165 1658407816 0 4 2.569 1.461
7166 1658407816 0 5 0.37
7167 1658407816 0 6 0.11
7168 1658407816 0 8 4.997 12.173 11.89
7169 1658407817 0 7 $GNGGA,125015.000,4423.73729,N,00855.32231,E,1,15,0.7,2.7,M,44.7,M,,*41
7170 1658407817 0 7 $GNGGA,125016.000,4423.73715,N,00855.32326,E,1,15,0.7,2.6,M,44.7,M,,*4B
7171 1658407818 0 1 0.264
7172 1658407818 0 0 28.09 8.21 135.5 67.77 128.8 7.85 16.3 0.0 311.3 0.93 46.09 1.3
7173 1658407818 0 7 $GNGGA,125017.000,4423.73699,N,00855.32424,E,1,15,0.7,2.5,M,44.7,M,,*49
7174 1658407819 0 3 2.600 4.978
7175 1658407819 0 4 2.555 1.474
7176 1658407819 0 5 0.38
7177 1658407819 0 6 0.11
7178 1658407819 0 8 4.997 12.210 11.91
7179 1658407820 0 7 $GNGGA,125018.000,4423.73687,N,00855.32529,E,1,15,0.7,2.6,M,44.7,M,,*46
7180 1658407820 0 7 $GNGGA,125019.000,4423.73673,N,00855.32622,E,1,15,0.7,2.8,M,44.7,M,,*4A
7181 1658407821 0 1 0.294
7182 1658407821 0 0 28.19 8.20 135.4 67.82 128.4 7.81 16.3 0.0 313.2 0.87 46.13 1.3
7183 1658407821 0 7 $GNGGA,125020.000,4423.73667,N,00855.32710,E,1,15,0.7,3.0,M,44.7,M,,*4C
7184 1658407822 0 3 2.600 4.978
7185 1658407822 0 4 2.554 1.461
7186 1658407822 0 5 0.38
7187 1658407822 0 6 0.11
7188 1658407822 0 8 4.997 12.163 11.89
7189 1658407823 0 7 $GNGGA,125021.000,4423.73657,N,00855.32793,E,1,15,0.7,2.9,M,44.7,M,,*4D
7190 1658407823 0 7 $GNGGA,125022.000,4423.73637,N,00855.32887,E,1,15,0.7,2.7,M,44.7,M,,*4C
7191 1658407824 0 1 0.136
7192 1658407824 0 0 28.20 8.20 135.3 67.91 128.3 7.80 16.3 0.0 318.1 0.80 46.20 1.3
7193 1658407824 0 7 $GNGGA,125023.000,4423.73625,N,00855.32978,E,1,15,0.7,2.7,M,44.7,M,,*4F
7194 1658407825 0 3 2.600 4.978
7195 1658407825 0 4 2.547 1.444
7196 1658407825 0 5 0.38
7197 1658407825 0 6 0.11
7198 1658407825 0 8 4.997 12.154 11.91
7199 1658407826 0 7 $GNGGA,125024.000,4423.73612,N,00855.33071,E,1,15,0.7,2.8,M,44.7,M,,*42
7200 1658407826 0 7 $GNGGA,125025.000,4423.73598,N,00855.33164,E,1,15,0.7,2.9,M,44.7,M,,*46
7201 1658407827 0 1 0.405
8165 1658408128 0 4 2.588 1.648
8166 1658408128 0 5 0.41
8167 1658408128 0 6 0.12
8168 1658408128 0 8 4.997 12.229 11.91
8169 1658408128 0 0 28.12 8.20 130.7 67.86 124.4 7.57 16.5 0.0 438.6 1.11 46.16 1.3
8170 1658408129 0 7 $GNGGA,125527.000,4423.64128,N,00855.58751,E,1,14,0.8,1.2,M,44.7,M,,*43
8171 1658408130 0 7 $GNGGA,125529.000,4423.64126,N,00855.58763,E,1,14,0.8,1.3,M,44.7,M,,*43
8172 1658408130 0 1 0.172
8173 1658408131 0 3 2.607 4.978
8174 1658408131 0 4 2.587 1.648
8175 1658408131 0 5 0.41
8176 1658408131 0 6 0.12
8177 1658408131 0 8 4.997 12.229 11.89
8178 1658408131 0 0 28.10 8.20 130.6 67.82 124.4 7.58 16.5 0.0 436.2 1.14 46.13 1.3
8179 1658408132 0 7 $GNGGA,125530.000,4423.64128,N,00855.58764,E,1,14,0.8,1.4,M,44.7,M,,*45
8180 1658408133 0 7 $GNGGA,125532.000,4423.64126,N,00855.58767,E,1,14,0.8,1.4,M,44.7,M,,*4A
8181 1658408133 0 1 0.240
8182 1658408134 0 3 2.605 4.978
8183 1658408134 0 4 2.587 1.648
8184 1658408134 0 5 0.40
8185 1658408134 0 6 0.12
8186 1658408134 0 8 4.997 12.229 11.91
8187 1658408134 0 0 28.14 8.20 130.6 67.78 124.4 7.57 16.5 0.0 431.3 1.11 46.10 1.3
8188 1658408135 0 7 $GNGGA,125533.000,4423.64127,N,00855.58772,E,1,14,0.8,1.5,M,44.7,M,,*4F
8189 1658408136 0 7 $GNGGA,125535.000,4423.64139,N,00855.58819,E,1,14,0.8,1.7,M,44.7,M,,*46
8190 1658408136 0 1 0.561
8191 1658408137 0 3 2.607 4.978
8192 1658408137 0 4 2.588 1.648
8193 1658408137 0 5 0.40
8194 1658408137 0 6 0.12
8195 1658408137 0 8 4.997 12.238 11.91
8196 1658408137 0 0 28.13 8.20 130.6 67.86 124.4 7.57 16.5 0.0 431.9 1.10 46.16 1.3
8197 1658408138 0 7 $GNGGA,125536.000,4423.64139,N,00855.58826,E,1,14,0.8,1.7,M,44.7,M,,*49
8198 1658408139 0 7 $GNGGA,125538.000,4423.64144,N,00855.58851,E,1,14,0.8,1.8,M,44.7,M,,*42
8199 1658408140 0 3 2.656 4.978
8200 1658408140 0 4 2.595 1.648
8201 1658408140 0 5 0.40
8202 1658408140 0 6 0.12
8203 1658408140 0 8 4.997 12.032 11.89
8204 1658408140 0 0 28.08 8.20 130.5 67.90 124.4 7.57 16.5 0.0 432.9 1.41 46.19 1.3
8205 1658408141 0 7 $GNGGA,125539.000,4423.64146,N,00855.58863,E,1,14,0.8,1.8,M,44.7,M,,*40
8206 1658408141 0 7 $GNGGA,125540.000,4423.64148,N,00855.58873,E,1,14,0.8,1.9,M,44.7,M,,*40
8207 1658408142 0 7 $GNGGA,125541.000,4423.64149,N,00855.58883,E,1,14,0.8,1.9,M,44.7,M,,*4F
8208 1658408142 0 1 1.106
8209 1658408143 0 3 2.653 4.978
8210 1658408143 0 4 2.594 1.646
8211 1658408143 0 5 0.40
8212 1658408143 0 6 0.12
8213 1658408143 0 8 4.997 12.013 11.89
8214 1658408143 0 0 28.01 8.20 130.5 67.94 124.4 7.58 16.6 0.0 432.2 1.48 46.23 1.3
8215 1658408144 0 7 $GNGGA,125542.000,4423.64151,N,00855.58891,E,1,14,0.8,2.0,M,44.7,M,,*4C
8216 1658408145 0 7 $GNGGA,125544.000,4423.64151,N,00855.58909,E,1,14,0.8,2.1,M,44.7,M,,*4B
8217 1658408145 0 1 0.270
8218 1658408146 0 3 2.647 4.978
8219 1658408146 0 4 2.594 1.651
8220 1658408146 0 5 0.40
8221 1658408146 0 6 0.12
8222 1658408146 0 8 4.997 12.238 11.91
8223 1658408147 0 0 27.98 8.21 130.5 67.82 124.4 7.59 16.5 0.0 431.9 1.43 46.13 1.3
8224 1658408147 0 7 $GNGGA,125545.000,4423.64150,N,00855.58916,E,1,14,0.8,2.1,M,44.7,M,,*45
8225 1658408148 0 7 $GNGGA,125547.000,4423.64149,N,00855.58931,E,1,14,0.8,2.2,M,44.7,M,,*49
8226 1658408148 0 1 0.271
8227 1658408149 0 3 2.611 4.978
8228 1658408149 0 4 2.588 1.658
8229 1658408149 0 5 0.40
8230 1658408149 0 6 0.12
8231 1658408149 0 8 4.997 12.229 11.89
8232 1658408149 0 0 28.05 8.20 130.5 67.82 124.4 7.58 16.5 0.0 423.2 1.12 46.13 1.3
8233 1658408150 0 7 $GNGGA,125548.000,4423.64146,N,00855.58939,E,1,14,0.8,2.2,M,44.7,M,,*41
8234 1658408151 0 7 $GNGGA,125550.000,4423.64139,N,00855.58947,E,1,14,0.8,2.3,M,44.7,M,,*48
8235 1658408151 0 1 0.267
8236 1658408152 0 3 2.782 4.978
8237 1658408152 0 4 2.602 1.648
8238 1658408152 0 5 0.40
8239 1658408152 0 6 0.12
8240 1658408152 0 8 4.997 11.966 11.89
8241 1658408153 0 0 27.93 8.21 130.5 67.78 124.4 7.60 16.5 0.0 428.9 2.14 46.11 1.3
8242 1658408153 0 7 $GNGGA,125551.000,4423.64135,N,00855.58952,E,1,14,0.8,2.3,M,44.7,M,,*41
8243 1658408154 0 7 $GNGGA,125553.000,4423.64127,N,00855.58960,E,1,14,0.8,2.3,M,44.7,M,,*41
8244 1658408154 0 1 0.403
8245 1658408155 0 3 2.785 4.978
8247 1658408155 0 5 0.40
8248 1658408155 0 6 0.12
8251 1658408156 0 7 $GNGGA,125554.000,4423.64123,N,00855.58966,E,1,14,0.8,2.3,M,44.7,M,,*44
8252 1658408157 0 7 $GNGGA,125556.000,4423.64117,N,00855.58978,E,1,14,0.8,2.3,M,44.7,M,,*4E
8253 1658408157 0 1 0.356
8254 1658408158 0 3 2.788 4.978
8255 1658408158 0 4 2.604 1.663
8256 1658408158 0 5 0.40
8257 1658408158 0 6 0.12
8258 1658408158 0 8 4.997 11.985 11.89
8259 1658408158 0 0 27.67 8.21 130.4 67.72 124.5 7.63 16.6 0.0 430.7 3.19 46.07 1.2
8260 1658408159 0 7 $GNGGA,125557.000,4423.64116,N,00855.58986,E,1,14,0.8,2.3,M,44.7,M,,*4F
8261 1658408160 0 7 $GNGGA,125559.000,4423.64112,N,00855.59001,E,1,14,0.8,2.4,M,44.7,M,,*45
8262 1658408160 0 1 0.466
8263 1658408161 0 3 2.789 4.978
8264 1658408161 0 4 2.605 1.661
8265 1658408161 0 5 0.40
8266 1658408161 0 6 0.12
8267 1658408161 0 8 4.997 11.994 11.91
8268 1658408161 0 0 27.61 8.21 130.4 67.76 124.4 7.64 16.6 0.0 428.9 3.87 46.10 1.2
8269 1658408162 0 7 $GNGGA,125600.000,4423.64108,N,00855.59008,E,1,14,0.8,2.4,M,44.7,M,,*48
8270 1658408162 0 7 $GNGGA,125601.000,4423.64105,N,00855.59015,E,1,14,0.8,2.4,M,44.7,M,,*48
8271 1658408163 0 7 $GNGGA,125602.000,4423.64096,N,00855.59024,E,1,14,0.8,2.3,M,44.7,M,,*45
8272 1658408163 0 1 0.782
8273 1658408164 0 3 2.792 4.978
8274 1658408164 0 4 2.605 1.661
8275 1658408164 0 5 0.40
8276 1658408164 0 6 0.12
8277 1658408164 0 8 4.997 12.201 11.91
8278 1658408164 0 0 27.61 8.21 130.4 67.71 124.5 7.64 16.5 0.0 425.3 4.50 46.06 1.2
8279 1658408165 0 7 $GNGGA,125603.000,4423.64095,N,00855.59031,E,1,14,0.8,2.4,M,44.7,M,,*44
8280 1658408165 0 7 $GNGGA,125604.000,4423.64094,N,00855.59042,E,1,14,0.8,2.4,M,44.7,M,,*46
8281 1658408166 0 7 $GNGGA,125605.000,4423.64090,N,00855.59054,E,1,14,0.8,2.4,M,44.7,M,,*44
8282 1658408166 0 1 0.555
8283 1658408167 0 3 2.793 4.978
8284 1658408167 0 4 2.607 1.661
8285 1658408167 0 5 0.40
8286 1658408167 0 6 0.12
8287 1658408167 0 8 4.997 12.201 11.91
8288 1658408167 0 0 27.14 8.21 130.4 67.81 124.5 7.70 16.8 0.0 463.1 5.13 46.16 1.2
8289 1658408168 0 7 $GNGGA,125606.000,4423.64087,N,00855.59063,E,1,14,0.8,2.3,M,44.7,M,,*42
8290 1658408168 0 7 $GNGGA,125607.000,4423.64087,N,00855.59074,E,1,14,0.8,2.3,M,44.7,M,,*45
8291 1658408169 0 7 $GNGGA,125608.000,4423.64085,N,00855.59085,E,1,14,0.8,2.3,M,44.7,M,,*46
8292 1658408170 0 3 2.795 4.978
8293 1658408170 0 4 2.607 1.658
8294 1658408170 0 1 0.818
8295 1658408170 0 5 0.40
8296 1658408170 0 6 0.11
8297 1658408170 0 8 4.997 12.220 11.91
8298 1658408171 0 0 26.21 8.22 130.5 67.71 124.5 7.82 17.1 0.0 475.9 5.75 46.11 1.2
8299 1658408171 0 7 $GNGGA,125609.000,4423.64083,N,00855.59095,E,1,14,0.8,2.3,M,44.7,M,,*40
8300 1658408171 0 7 $GNGGA,125610.000,4423.64082,N,00855.59105,E,1,14,0.8,2.3,M,44.7,M,,*41
8301 1658408172 0 7 $GNGGA,125611.000,4423.64081,N,00855.59115,E,1,14,0.8,2.3,M,44.7,M,,*42
8302 1658408173 0 3 2.795 4.978
8303 1658408173 0 1 1.565
8304 1658408173 0 4 2.607 1.658
8305 1658408173 0 5 0.39
8306 1658408173 0 6 0.12
8307 1658408173 0 8 4.997 12.201 11.91
8308 1658408174 0 0 26.01 8.22 130.6 67.44 124.5 7.85 17.0 0.0 470.2 6.32 45.90 1.2
8309 1658408174 0 7 $GNGGA,125612.000,4423.64081,N,00855.59125,E,1,14,0.8,2.3,M,44.7,M,,*42
8310 1658408174 0 7 $GNGGA,125613.000,4423.64081,N,00855.59135,E,1,14,0.8,2.3,M,44.7,M,,*42
8311 1658408175 0 7 $GNGGA,125614.000,4423.64081,N,00855.59143,E,1,14,0.8,2.4,M,44.7,M,,*43
8312 1658408176 0 3 2.795 4.978
8313 1658408176 0 1 0.991
8314 1658408176 0 4 2.607 1.656
8315 1658408176 0 5 0.39
8316 1658408176 0 6 0.12
8317 1658408176 0 8 4.997 12.173 11.89
8318 1658408177 0 0 25.89 8.22 130.7 67.41 124.4 7.86 16.9 0.0 462.1 6.88 45.88 1.2
8319 1658408177 0 7 $GNGGA,125615.000,4423.64080,N,00855.59152,E,1,14,0.8,2.4,M,44.7,M,,*43
8320 1658408177 0 7 $GNGGA,125616.000,4423.64080,N,00855.59161,E,1,14,0.8,2.4,M,44.7,M,,*40
8321 1658408178 0 7 $GNGGA,125617.000,4423.64079,N,00855.59167,E,1,14,0.8,2.4,M,44.7,M,,*41
8322 1658408179 0 3 2.792 4.978
8323 1658408179 0 4 2.607 1.658
8324 1658408179 0 1 1.149
8325 1658408179 0 5 0.39
8326 1658408179 0 6 0.12
8327 1658408179 0 8 4.997 12.201 11.89
8328 1658408180 0 0 25.81 8.22 130.6 67.51 124.4 7.87 16.9 0.0 456.4 7.45 45.96 1.1
8329 1658408180 0 7 $GNGGA,125618.000,4423.64079,N,00855.59175,E,1,14,0.8,2.4,M,44.7,M,,*4D
8330 1658408180 0 7 $GNGGA,125619.000,4423.64081,N,00855.59183,E,1,14,0.8,2.4,M,44.7,M,,*42
8331 1658408181 0 7 $GNGGA,125620.000,4423.64082,N,00855.59191,E,1,14,0.8,2.4,M,44.7,M,,*48
8332 1658408182 0 3 2.792 4.978
8333 1658408182 0 1 1.481
8334 1658408182 0 4 2.607 1.661
8335 1658408182 0 5 0.39
8336 1658408182 0 6 0.11
8337 1658408182 0 8 4.997 12.210 11.91
8338 1658408183 0 0 25.64 8.23 130.7 67.47 124.4 7.89 16.9 0.0 457.7 8.04 45.93 1.1
8339 1658408183 0 7 $GNGGA,125621.000,4423.64083,N,00855.59198,E,1,14,0.8,2.4,M,44.7,M,,*41
8340 1658408183 0 7 $GNGGA,125622.000,4423.64085,N,00855.59206,E,1,14,0.8,2.5,M,44.7,M,,*41
8341 1658408184 0 7 $GNGGA,125623.000,4423.64088,N,00855.59214,E,1,14,0.8,2.5,M,44.7,M,,*4E
8342 1658408185 0 3 2.792 4.978
8343 1658408185 0 4 2.607 1.661
8344 1658408185 0 1 1.727
8345 1658408185 0 5 0.39
8346 1658408185 0 6 0.11
8347 1658408185 0 8 4.997 12.210 11.91
8348 1658408186 0 0 25.45 8.23 130.6 67.40 124.4 7.92 16.9 0.0 453.6 8.62 45.88 1.1
8349 1658408186 0 7 $GNGGA,125624.000,4423.64090,N,00855.59222,E,1,14,0.8,2.5,M,44.7,M,,*45
8350 1658408186 0 7 $GNGGA,125625.000,4423.64092,N,00855.59230,E,1,14,0.8,2.5,M,44.7,M,,*45
8351 1658408187 0 7 $GNGGA,125626.000,4423.64095,N,00855.59237,E,1,14,0.8,2.6,M,44.7,M,,*45
8352 1658408188 0 3 2.794 4.978
8353 1658408188 0 1 1.711
8354 1658408188 0 4 2.607 1.661
8355 1658408188 0 5 0.39
8356 1658408188 0 6 0.11
8357 1658408188 0 8 4.997 12.220 11.91
8358 1658408189 0 0 25.37 8.23 130.7 67.39 124.5 7.93 16.8 0.0 449.4 9.21 45.88 1.1
8359 1658408189 0 7 $GNGGA,125627.000,4423.64098,N,00855.59244,E,1,14,0.8,2.6,M,44.7,M,,*4D
8360 1658408189 0 7 $GNGGA,125628.000,4423.64100,N,00855.59251,E,1,14,0.8,2.7,M,44.7,M,,*47
8361 1658408190 0 7 $GNGGA,125629.000,4423.64103,N,00855.59258,E,1,14,0.8,2.7,M,44.7,M,,*4C
8362 1658408191 0 3 2.795 4.978
8363 1658408191 0 4 2.607 1.661
8364 1658408191 0 1 1.990
8365 1658408191 0 5 0.37
8366 1658408191 0 6 0.11
8367 1658408191 0 8 4.997 12.210 11.91
8368 1658408192 0 0 25.31 8.23 130.7 67.30 124.6 7.95 16.8 0.0 439.8 9.79 45.81 1.1
8369 1658408192 0 7 $GNGGA,125630.000,4423.64105,N,00855.59263,E,1,14,0.8,2.8,M,44.7,M,,*45
8370 1658408192 0 7 $GNGGA,125631.000,4423.64108,N,00855.59270,E,1,14,0.8,2.8,M,44.7,M,,*4B
8371 1658408193 0 7 $GNGGA,125632.000,4423.64110,N,00855.59276,E,1,14,0.8,2.9,M,44.7,M,,*46
8372 1658408194 0 3 2.797 4.978
8380 1658408195 0 7 $GNGGA,125634.000,4423.64113,N,00855.59285,E,1,14,0.8,2.9,M,44.7,M,,*4F
8381 1658408196 0 7 $GNGGA,125635.000,4423.64115,N,00855.59288,E,1,14,0.8,2.9,M,44.7,M,,*45
8382 1658408197 0 3 2.792 4.978
8383 1658408197 0 4 2.607 1.663
8384 1658408197 0 1 2.970
8385 1658408197 0 5 0.36
8386 1658408197 0 6 0.11
8387 1658408197 0 8 4.997 12.220 11.91
8388 1658408198 0 0 24.72 8.23 130.8 67.17 128.4 8.28 16.9 0.0 445.7 11.10 45.72 1.1
8389 1658408198 0 7 $GNGGA,125636.000,4423.64117,N,00855.59292,E,1,14,0.8,2.9,M,44.7,M,,*4F
8390 1658408198 0 7 $GNGGA,125637.000,4423.64120,N,00855.59297,E,1,14,0.8,2.9,M,44.7,M,,*4F
8391 1658408199 0 2 0.06300001 4.43620014 1.54739999 0.03410000 2.73399996 0.00480000 0.06510000 0.27900002 1.00000000 86.08499908
8392 1658408199 0 7 $GNGGA,125638.000,4423.64147,N,00855.59318,E,1,14,0.8,2.1,M,44.7,M,,*4F
8393 1658408200 0 3 2.794 4.978
8394 1658408200 0 1 3.861
8395 1658408200 0 4 2.607 1.666
8396 1658408200 0 5 0.36
8397 1658408200 0 6 0.11
8398 1658408201 0 8 4.997 12.210 11.89
8399 1658408201 0 0 24.47 8.24 130.8 67.35 129.8 8.40 16.9 0.0 440.3 11.11 45.87 1.1
8400 1658408201 0 7 $GNGGA,125639.000,4423.64152,N,00855.59328,E,1,14,0.8,2.2,M,44.7,M,,*4A
8401 1658408201 0 7 $GNGGA,125640.000,4423.64157,N,00855.59340,E,1,14,0.8,2.3,M,44.7,M,,*4E
8402 1658408202 0 7 $GNGGA,125641.000,4423.64162,N,00855.59348,E,1,14,0.8,2.3,M,44.7,M,,*41
8403 1658408203 0 3 2.792 4.978
8404 1658408203 0 4 2.607 1.661
8405 1658408203 0 1 3.207
8406 1658408203 0 5 0.35
8407 1658408203 0 6 0.10
8408 1658408203 0 8 4.997 12.210 11.89
8409 1658408204 0 0 24.44 8.23 130.9 67.35 129.4 8.37 16.8 0.0 431.1 11.11 45.87 1.1
8410 1658408204 0 7 $GNGGA,125642.000,4423.64168,N,00855.59358,E,1,14,0.8,2.3,M,44.7,M,,*49
8411 1658408204 0 7 $GNGGA,125643.000,4423.64171,N,00855.59368,E,1,14,0.8,2.4,M,44.7,M,,*44
8412 1658408205 0 7 $GNGGA,125644.000,4423.64175,N,00855.59378,E,1,14,0.8,2.4,M,44.7,M,,*46
8413 1658408206 0 3 2.792 4.978
8414 1658408206 0 4 2.606 1.656
8415 1658408206 0 1 2.987
8416 1658408206 0 5 0.35
8417 1658408206 0 6 0.10
8418 1658408206 0 8 4.997 12.210 11.89
8419 1658408207 0 0 24.55 8.23 131.0 67.18 129.8 8.39 16.7 0.0 411.0 10.81 45.74 1.1
8420 1658408207 0 7 $GNGGA,125645.000,4423.64177,N,00855.59387,E,1,14,0.8,2.4,M,44.7,M,,*45
8421 1658408207 0 7 $GNGGA,125646.000,4423.64181,N,00855.59397,E,1,14,0.8,2.4,M,44.7,M,,*4E
8422 1658408208 0 7 $GNGGA,125647.000,4423.64184,N,00855.59406,E,1,14,0.8,2.4,M,44.7,M,,*45
8423 1658408209 0 3 2.792 4.978
8424 1658408209 0 1 2.676
8425 1658408209 0 4 2.606 1.653
8426 1658408209 0 5 0.34
8427 1658408209 0 6 0.10
8428 1658408209 0 8 4.997 12.220 11.91
8429 1658408210 0 0 25.02 8.23 130.9 66.80 130.0 8.36 16.4 0.0 384.5 10.42 45.43 1.1
8430 1658408210 0 7 $GNGGA,125648.000,4423.64188,N,00855.59418,E,1,14,0.8,2.3,M,44.7,M,,*4E
8431 1658408210 0 7 $GNGGA,125649.000,4423.64190,N,00855.59426,E,1,14,0.8,2.4,M,44.7,M,,*4C
8432 1658408211 0 7 $GNGGA,125650.000,4423.64193,N,00855.59433,E,1,14,0.8,2.3,M,44.7,M,,*44
8433 1658408212 0 3 2.792 4.978
8434 1658408212 0 4 2.605 1.651
8435 1658408212 0 1 2.781
8436 1658408212 0 5 0.34
8437 1658408212 0 6 0.10
8438 1658408212 0 8 4.997 12.220 11.89
8439 1658408213 0 0 25.17 8.23 130.9 67.07 130.4 8.35 16.3 0.0 374.4 9.98 45.63 1.1
8440 1658408213 0 7 $GNGGA,125651.000,4423.64194,N,00855.59441,E,1,14,0.8,2.3,M,44.7,M,,*47
8441 1658408214 0 7 $GNGGA,125653.000,4423.64198,N,00855.59459,E,1,14,0.8,2.3,M,44.7,M,,*40
8442 1658408215 0 3 2.792 4.978
8443 1658408215 0 1 2.317
8444 1658408215 0 4 2.605 1.653
8445 1658408215 0 5 0.33
8446 1658408215 0 6 0.10
8447 1658408215 0 8 4.997 12.220 11.91
8448 1658408216 0 0 25.24 8.23 130.9 67.12 130.8 8.36 16.3 0.0 366.0 9.51 45.67 1.1
8449 1658408216 0 7 $GNGGA,125654.000,4423.64202,N,00855.59469,E,1,14,0.8,2.3,M,44.7,M,,*44
8450 1658408216 0 7 $GNGGA,125655.000,4423.64223,N,00855.59494,E,1,14,0.8,2.4,M,44.7,M,,*43
8451 1658408217 0 7 $GNGGA,125656.000,4423.64228,N,00855.59510,E,1,14,0.8,2.5,M,44.7,M,,*47
8452 1658408218 0 3 2.792 4.978
8453 1658408218 0 4 2.605 1.653
8454 1658408218 0 1 2.086
8455 1658408218 0 5 0.33
8456 1658408218 0 6 0.10
8457 1658408218 0 8 4.997 12.210 11.89
8459 1658408219 0 7 $GNGGA,125657.000,4423.64232,N,00855.59521,E,1,14,0.8,2.5,M,44.7,M,,*4F
8460 1658408219 0 7 $GNGGA,125658.000,4423.64235,N,00855.59536,E,1,14,0.8,2.5,M,44.7,M,,*41
8461 1658408220 0 7 $GNGGA,125659.000,4423.64249,N,00855.59563,E,1,14,0.8,2.7,M,44.7,M,,*49
8462 1658408221 0 3 2.792 4.978
8463 1658408221 0 1 2.166
8464 1658408221 0 4 2.605 1.653
8465 1658408221 0 5 0.32
8466 1658408221 0 6 0.10
8467 1658408221 0 8 4.997 12.210 11.89
8468 1658408222 0 0 25.43 8.23 130.8 67.22 131.7 8.39 16.2 0.0 345.4 8.41 45.74 1.1
8469 1658408222 0 7 $GNGGA,125700.000,4423.64275,N,00855.59587,E,1,14,0.8,2.5,M,44.7,M,,*43
8470 1658408222 0 7 $GNGGA,125701.000,4423.64281,N,00855.59610,E,1,14,0.8,2.0,M,44.7,M,,*41
8471 1658408223 0 7 $GNGGA,125702.000,4423.64288,N,00855.59630,E,1,14,0.8,2.0,M,44.7,M,,*49
8472 1658408224 0 3 2.792 4.978
8473 1658408224 0 4 2.604 1.656
8474 1658408224 0 1 1.671
8475 1658408224 0 5 0.32
8476 1658408224 0 6 0.10
8477 1658408224 0 8 4.997 12.210 11.89
8478 1658408225 0 0 25.58 8.23 130.9 67.18 132.0 8.40 16.1 0.0 333.6 7.78 45.71 1.1
8479 1658408225 0 7 $GNGGA,125703.000,4423.64294,N,00855.59649,E,1,14,0.8,2.0,M,44.7,M,,*4B
8480 1658408225 0 7 $GNGGA,125704.000,4423.64301,N,00855.59670,E,1,14,0.8,2.0,M,44.7,M,,*4B
8481 1658408226 0 7 $GNGGA,125705.000,4423.64306,N,00855.59688,E,1,14,0.8,2.0,M,44.7,M,,*4A
8482 1658408227 0 3 2.791 4.978
8483 1658408227 0 1 1.980
8484 1658408227 0 4 2.603 1.658
8485 1658408227 0 5 0.32
8486 1658408227 0 6 0.09
8487 1658408227 0 8 4.997 12.210 11.89
8488 1658408228 0 0 25.70 8.23 130.8 67.30 132.5 8.40 15.9 0.0 320.6 7.12 45.80 1.1
8489 1658408228 0 7 $GNGGA,125706.000,4423.64309,N,00855.59701,E,1,14,0.8,2.1,M,44.7,M,,*47
8490 1658408228 0 7 $GNGGA,125707.000,4423.64314,N,00855.59718,E,1,14,0.8,2.1,M,44.7,M,,*42
8491 1658408229 0 7 $GNGGA,125708.000,4423.64318,N,00855.59734,E,1,14,0.8,2.1,M,44.7,M,,*4F
8492 1658408230 0 3 2.791 4.978
8493 1658408230 0 1 1.214
8494 1658408230 0 4 2.602 1.656
8495 1658408230 0 5 0.31
8496 1658408230 0 6 0.09
8497 1658408230 0 8 4.997 12.201 11.89
8498 1658408231 0 0 25.81 8.23 130.8 67.32 133.0 8.42 16.0 0.0 311.2 6.47 45.81 1.1
8499 1658408231 0 7 $GNGGA,125709.000,4423.64321,N,00855.59746,E,1,14,0.8,2.1,M,44.7,M,,*41
8500 1658408231 0 7 $GNGGA,125710.000,4423.64327,N,00855.59762,E,1,14,0.8,2.2,M,44.7,M,,*4A
8501 1658408232 0 7 $GNGGA,125711.000,4423.64330,N,00855.59773,E,1,14,0.8,2.2,M,44.7,M,,*4D
8502 1658408233 0 3 2.791 4.978
8503 1658408233 0 4 2.602 1.656
8504 1658408233 0 1 1.124
8505 1658408233 0 5 0.31
8506 1658408233 0 6 0.09
8507 1658408233 0 8 4.997 12.210 11.91
8508 1658408234 0 0 25.95 8.23 130.8 67.21 133.8 8.45 15.9 0.0 303.7 5.79 45.72 1.1
8509 1658408234 0 7 $GNGGA,125712.000,4423.64335,N,00855.59788,E,1,14,0.8,2.2,M,44.7,M,,*4F
8510 1658408234 0 7 $GNGGA,125713.000,4423.64342,N,00855.59802,E,1,14,0.8,2.2,M,44.7,M,,*43
8511 1658408235 0 7 $GNGGA,125714.000,4423.64356,N,00855.59832,E,1,14,0.8,2.3,M,44.7,M,,*43
8512 1658408236 0 3 2.789 4.978
8513 1658408236 0 1 0.973
8514 1658408236 0 4 2.601 1.656
8515 1658408236 0 5 0.31
8516 1658408236 0 6 0.09
8517 1658408236 0 8 4.997 12.191 11.91
8518 1658408237 0 0 26.51 8.22 130.7 66.93 134.4 8.42 15.8 0.0 284.1 5.07 45.49 1.1
8519 1658408237 0 7 $GNGGA,125715.000,4423.64356,N,00855.59846,E,1,14,0.8,2.3,M,44.7,M,,*41
8520 1658408237 0 7 $GNGGA,125716.000,4423.64361,N,00855.59860,E,1,14,0.8,2.4,M,44.7,M,,*45
8521 1658408238 0 7 $GNGGA,125717.000,4423.64365,N,00855.59872,E,1,14,0.8,2.4,M,44.7,M,,*43
8522 1658408239 0 3 2.788 4.978
8523 1658408239 0 4 2.600 1.653
8524 1658408239 0 1 0.750
8525 1658408239 0 5 0.30
8526 1658408239 0 6 0.10
8527 1658408240 0 8 4.997 12.191 11.89
8528 1658408240 0 0 26.96 8.22 130.6 66.91 135.0 8.40 15.5 0.0 273.4 4.40 45.46 1.1
8529 1658408240 0 7 $GNGGA,125718.000,4423.64369,N,00855.59885,E,1,14,0.8,2.4,M,44.7,M,,*48
8530 1658408240 0 7 $GNGGA,125719.000,4423.64372,N,00855.59894,E,1,14,0.8,2.4,M,44.7,M,,*43
8531 1658408241 0 7 $GNGGA,125720.000,4423.64378,N,00855.59906,E,1,14,0.8,2.4,M,44.7,M,,*49
8532 1658408242 0 3 2.783 4.978
8533 1658408242 0 1 0.503
8534 1658408242 0 4 2.600 1.653
8535 1658408242 0 5 0.30
8536 1658408242 0 6 0.09
8537 1658408242 0 8 4.997 12.173 11.89
8538 1658408243 0 0 27.28 8.21 130.6 67.13 135.5 8.38 15.5 0.0 266.1 3.89 45.62 1.2
8539 1658408243 0 7 $GNGGA,125721.000,4423.64384,N,00855.59918,E,1,14,0.8,2.4,M,44.7,M,,*44
8540 1658408243 0 7 $GNGGA,125722.000,4423.64387,N,00855.59927,E,1,14,0.8,2.4,M,44.7,M,,*48
8541 1658408244 0 7 $GNGGA,125723.000,4423.64387,N,00855.59932,E,1,14,0.8,2.4,M,44.7,M,,*4D
8543 1658408245 0 4 2.598 1.646
8544 1658408245 0 1 0.515
8545 1658408245 0 5 0.30
8546 1658408245 0 6 0.09
8547 1658408245 0 8 4.997 12.191 11.89
8548 1658408246 0 0 27.32 8.22 130.5 67.56 135.9 8.39 15.5 0.0 258.0 3.21 45.95 1.2
8549 1658408246 0 7 $GNGGA,125724.000,4423.64385,N,00855.59938,E,1,14,0.8,2.4,M,44.7,M,,*42
8550 1658408246 0 7 $GNGGA,125725.000,4423.64385,N,00855.59941,E,1,14,0.8,2.4,M,44.7,M,,*4D
8551 1658408247 0 7 $GNGGA,125726.000,4423.64389,N,00855.59948,E,1,14,0.8,2.4,M,44.7,M,,*4B
8552 1658408248 0 3 2.769 4.978
8553 1658408248 0 1 0.664
8554 1658408248 0 4 2.597 1.628
8555 1658408248 0 5 0.31
8556 1658408248 0 6 0.09
8557 1658408248 0 8 4.997 12.191 11.91
8558 1658408249 0 0 27.50 8.21 130.5 67.54 136.1 8.38 15.5 0.0 258.3 2.45 45.93 1.2
8559 1658408249 0 7 $GNGGA,125727.000,4423.64391,N,00855.59953,E,1,14,0.8,2.4,M,44.7,M,,*49
8560 1658408249 0 7 $GNGGA,125728.000,4423.64393,N,00855.59955,E,1,14,0.8,2.4,M,44.7,M,,*42
8561 1658408250 0 7 $GNGGA,125729.000,4423.64398,N,00855.59961,E,1,14,0.8,2.3,M,44.7,M,,*48
8562 1658408251 0 3 2.690 4.978
8563 1658408251 0 4 2.593 1.641
8564 1658408251 0 1 0.274
8565 1658408251 0 5 0.31
8566 1658408251 0 6 0.09
8567 1658408251 0 8 4.997 12.191 11.89
8568 1658408252 0 0 27.72 8.21 130.4 67.50 136.4 8.37 15.4 0.0 246.2 1.66 45.90 1.2
8569 1658408252 0 7 $GNGGA,125730.000,4423.64401,N,00855.59969,E,1,14,0.8,2.3,M,44.7,M,,*4F
8570 1658408252 0 7 $GNGGA,125731.000,4423.64405,N,00855.59974,E,1,14,0.8,2.3,M,44.7,M,,*46
8571 1658408253 0 7 $GNGGA,125732.000,4423.64409,N,00855.59976,E,1,14,0.8,2.3,M,44.7,M,,*4B
8572 1658408254 0 3 2.608 4.978
8573 1658408254 0 1 0.919
8574 1658408254 0 4 2.582 1.646
8575 1658408254 0 5 0.31
8576 1658408254 0 6 0.09
8577 1658408254 0 8 4.997 12.191 11.91
8578 1658408255 0 0 28.04 8.21 130.3 67.67 136.5 8.33 15.4 0.0 244.2 1.12 46.02 1.2
8579 1658408255 0 7 $GNGGA,125733.000,4423.64414,N,00855.59980,E,1,14,0.8,2.3,M,44.7,M,,*4F
8580 1658408255 0 7 $GNGGA,125734.000,4423.64435,N,00855.59966,E,1,14,0.8,2.1,M,44.7,M,,*41
8581 1658408256 0 7 $GNGGA,125735.000,4423.64457,N,00855.59956,E,1,14,0.8,2.0,M,44.7,M,,*46
8582 1658408257 0 3 2.606 4.978
8583 1658408257 0 1 0.257
8584 1658408257 0 4 2.579 1.646
8585 1658408257 0 5 0.31
8586 1658408257 0 6 0.09
8587 1658408257 0 8 4.997 12.191 11.91
8588 1658408258 0 0 28.11 8.21 130.1 67.81 136.5 8.31 15.4 0.0 246.6 1.06 46.13 1.2
8589 1658408258 0 7 $GNGGA,125736.000,4423.64468,N,00855.59961,E,1,14,0.8,1.9,M,44.7,M,,*47
8590 1658408258 0 7 $GNGGA,125737.000,4423.64477,N,00855.59970,E,1,14,0.8,1.9,M,44.7,M,,*48
