/home/danielacabiddu/Devel/src/MATRAC/test/tuttomatrac/data/porto_grid.mesh
39795 1658403012 0 7 $GNGGA,113011.000,4424.43523,N,00854.65450,E,1,12,0.8,-6.4,M,44.7,M,,*6C
39796 1658403012 0 3 2.666 4.980
39797 1658403013 0 4 2.665 1.600
39798 1658403013 0 5 0.38
39799 1658403013 0 6 0.09
39800 1658403013 0 8 4.994 7.623 7.28
39801 1658403013 0 1 2.030
39802 1658403013 0 0 26.85 8.22 96.6 67.54 138.9 8.64 14.9 0.0 219.0 1.34 45.95 1.1
39803 1658403014 0 7 $GNGGA,113012.000,4424.43522,N,00854.65437,E,1,12,0.8,-6.4,M,44.7,M,,*6F
39804 1658403014 0 7 $GNGGA,113013.000,4424.43521,N,00854.65425,E,1,12,0.8,-6.4,M,44.7,M,,*6E
39805 1658403015 0 7 $GNGGA,113014.000,4424.43520,N,00854.65414,E,1,12,0.8,-6.3,M,44.7,M,,*6D
39806 1658403015 0 3 2.665 4.980
39807 1658403015 0 4 2.659 1.600
39808 1658403016 0 5 0.38
39809 1658403016 0 6 0.09
39810 1658403016 0 8 4.994 7.623 7.25
39811 1658403016 0 1 2.046
39812 1658403016 0 0 26.85 8.22 96.4 67.52 138.9 8.64 14.9 0.0 219.9 1.30 45.94 1.1
39813 1658403016 0 7 $GNGGA,113015.000,4424.43519,N,00854.65405,E,1,12,0.8,-6.4,M,44.7,M,,*61
39814 1658403017 0 7 $GNGGA,113016.000,4424.43518,N,00854.65397,E,1,12,0.8,-6.4,M,44.7,M,,*6F
39815 1658403018 0 7 $GNGGA,113017.000,4424.43519,N,00854.65389,E,1,12,0.8,-6.4,M,44.7,M,,*60
39816 1658403018 0 3 2.662 4.980
39817 1658403019 0 4 2.656 1.600
39818 1658403019 0 5 0.39
39819 1658403019 0 6 0.09
39820 1658403019 0 8 4.994 7.613 7.28
39821 1658403019 0 1 2.165
39822 1658403019 0 0 26.86 8.22 96.3 67.58 139.0 8.64 14.9 0.0 222.5 1.27 45.99 1.1
39823 1658403020 0 7 $GNGGA,113018.000,4424.43518,N,00854.65380,E,1,12,0.8,-6.3,M,44.7,M,,*60
39824 1658403020 0 7 $GNGGA,113019.000,4424.43517,N,00854.65371,E,1,12,0.8,-6.3,M,44.7,M,,*60
39825 1658403021 0 7 $GNGGA,113020.000,4424.43516,N,00854.65362,E,1,12,0.8,-6.3,M,44.7,M,,*69
39826 1658403021 0 3 2.666 4.980
39827 1658403021 0 4 2.664 1.595
39828 1658403022 0 5 0.39
39829 1658403022 0 6 0.09
39830 1658403022 0 8 4.994 7.604 7.21
39831 1658403022 0 7 $GNGGA,113021.000,4424.43517,N,00854.65356,E,1,12,0.8,-6.2,M,44.7,M,,*6F
39832 1658403023 0 7 $GNGGA,113022.000,4424.43517,N,00854.65349,E,1,12,0.8,-6.2,M,44.7,M,,*62
39833 1658403024 0 0 26.93 8.22 96.1 67.36 139.0 8.64 14.9 0.0 223.2 1.32 45.81 1.1
39834 1658403024 0 1 2.245
39835 1658403024 0 1 2.159
39836 1658403024 0 3 2.668 4.980
39837 1658403025 0 4 2.666 1.572
39838 1658403025 0 5 0.39
39839 1658403025 0 6 0.09
39840 1658403025 0 8 4.994 7.595 7.28
39841 1658403025 0 1 2.150
39842 1658403025 0 0 26.97 8.22 96.0 67.46 139.0 8.63 14.9 0.0 224.5 1.33 45.89 1.1
39843 1658403026 0 7 $GNGGA,113023.000,4424.43517,N,00854.65343,E,1,12,0.8,-6.1,M,44.7,M,,*6A
39844 1658403027 0 7 $GNGGA,113026.000,4424.43518,N,00854.65325,E,1,12,0.8,-6.0,M,44.7,M,,*61
39845 1658403027 0 3 2.665 4.980
39846 1658403027 0 4 2.660 1.590
39847 1658403028 0 5 0.40
39848 1658403028 0 6 0.09
39849 1658403028 0 8 4.994 7.604 7.21
39850 1658403028 0 1 1.879
39851 1658403028 0 0 26.97 8.22 95.7 67.52 139.0 8.63 15.0 0.0 227.3 1.30 45.93 1.1
39852 1658403028 0 7 $GNGGA,113027.000,4424.43518,N,00854.65320,E,1,12,0.8,-5.9,M,44.7,M,,*6F
39853 1658403029 0 7 $GNGGA,113028.000,4424.43519,N,00854.65315,E,1,12,0.8,-5.9,M,44.7,M,,*67
39854 1658403030 0 7 $GNGGA,113029.000,4424.43520,N,00854.65310,E,1,12,0.8,-5.8,M,44.7,M,,*68
39855 1658403030 0 3 2.661 4.980
39856 1658403031 0 4 2.655 1.587
39857 1658403031 0 5 0.40
39858 1658403031 0 6 0.09
39859 1658403031 0 8 4.994 7.604 7.25
39860 1658403031 0 1 1.952
39861 1658403031 0 0 27.00 8.22 95.6 67.53 139.0 8.62 15.0 0.0 229.1 1.25 45.94 1.1
39862 1658403032 0 7 $GNGGA,113030.000,4424.43520,N,00854.65305,E,1,12,0.8,-5.8,M,44.7,M,,*64
39863 1658403032 0 7 $GNGGA,113031.000,4424.43521,N,00854.65302,E,1,12,0.8,-5.7,M,44.7,M,,*6C
39864 1658403033 0 7 $GNGGA,113032.000,4424.43520,N,00854.65298,E,1,12,0.8,-5.7,M,44.7,M,,*6C
39865 1658403033 0 3 2.665 4.980
39866 1658403033 0 4 2.659 1.590
39867 1658403034 0 5 0.40
39868 1658403034 0 6 0.09
39869 1658403034 0 8 4.994 7.585 7.19
39870 1658403034 0 1 1.850
39871 1658403034 0 0 27.05 8.22 95.2 67.48 139.0 8.62 15.0 0.0 229.3 1.28 45.90 1.1
39872 1658403034 0 7 $GNGGA,113033.000,4424.43520,N,00854.65294,E,1,12,0.8,-5.6,M,44.7,M,,*60
39873 1658403035 0 7 $GNGGA,113034.000,4424.43519,N,00854.65291,E,1,12,0.8,-5.6,M,44.7,M,,*68
39874 1658403036 0 7 $GNGGA,113035.000,4424.43518,N,00854.65288,E,1,12,0.8,-5.6,M,44.7,M,,*60
39875 1658403036 0 3 2.665 4.980
39876 1658403037 0 4 2.659 1.587
39877 1658403037 0 5 0.40
39878 1658403037 0 6 0.09
39879 1658403037 0 8 4.994 7.585 7.25
39880 1658403037 0 1 2.431
39881 1658403037 0 0 27.15 8.21 94.7 67.47 139.0 8.61 15.0 0.0 230.3 1.29 45.89 1.1
39882 1658403038 0 7 $GNGGA,113036.000,4424.43517,N,00854.65286,E,1,12,0.8,-5.5,M,44.7,M,,*61
39883 1658403038 0 7 $GNGGA,113037.000,4424.43515,N,00854.65282,E,1,12,0.8,-5.5,M,44.7,M,,*66
39884 1658403039 0 7 $GNGGA,113038.000,4424.43516,N,00854.65280,E,1,12,0.8,-5.4,M,44.7,M,,*69
39885 1658403039 0 3 2.660 4.980
39886 1658403039 0 4 2.655 1.587
39887 1658403040 0 5 0.41
39888 1658403040 0 6 0.09
39889 1658403040 0 8 4.994 7.566 7.16
39890 1658403040 0 1 1.883
39891 1658403040 0 0 27.16 8.21 93.9 67.47 139.0 8.61 15.0 0.0 233.4 1.26 45.89 1.1
39892 1658403040 0 7 $GNGGA,113039.000,4424.43515,N,00854.65277,E,1,12,0.8,-5.3,M,44.7,M,,*64
39893 1658403041 0 7 $GNGGA,113040.000,4424.43514,N,00854.65275,E,1,12,0.8,-5.3,M,44.7,M,,*69
39894 1658403042 0 7 $GNGGA,113041.000,4424.43471,N,00854.65277,E,1,12,0.8,-5.5,M,44.7,M,,*6E
39895 1658403042 0 3 2.658 4.980
39896 1658403043 0 4 2.652 1.590
39897 1658403043 0 5 0.41
39898 1658403043 0 6 0.09
39899 1658403043 0 8 4.994 7.746 7.21
39900 1658403043 0 1 1.948
39901 1658403043 0 0 27.14 8.21 93.2 67.52 139.1 8.61 15.0 0.0 236.8 1.22 45.93 1.1
39902 1658403044 0 7 $GNGGA,113042.000,4424.43430,N,00854.65284,E,1,12,0.8,-5.4,M,44.7,M,,*65
39903 1658403044 0 7 $GNGGA,113043.000,4424.43426,N,00854.65277,E,1,12,0.8,-5.4,M,44.7,M,,*6F
39904 1658403045 0 7 $GNGGA,113044.000,4424.43423,N,00854.65273,E,1,12,0.8,-5.3,M,44.7,M,,*6E
39905 1658403045 0 3 2.659 4.980
39906 1658403045 0 4 2.653 1.587
39907 1658403046 0 5 0.41
39908 1658403046 0 6 0.09
39909 1658403046 0 8 4.994 7.708 7.16
39910 1658403046 0 1 2.055
39911 1658403046 0 0 27.11 8.21 92.7 67.58 139.2 8.62 15.1 0.0 240.5 1.25 45.98 1.1
39912 1658403046 0 7 $GNGGA,113045.000,4424.43419,N,00854.65268,E,1,12,0.8,-5.2,M,44.7,M,,*6D
39913 1658403047 0 7 $GNGGA,113046.000,4424.43381,N,00854.65281,E,1,12,0.8,-5.3,M,44.7,M,,*6E
39914 1658403048 0 7 $GNGGA,113047.000,4424.43354,N,00854.65301,E,1,12,0.8,-5.2,M,44.7,M,,*6F
39915 1658403048 0 3 2.659 4.980
39916 1658403049 0 4 2.657 1.587
39917 1658403049 0 5 0.42
39918 1658403049 0 6 0.10
39919 1658403049 0 8 4.994 7.613 7.21
39920 1658403049 0 1 2.236
39921 1658403049 0 0 27.09 8.21 92.6 67.52 139.2 8.62 15.1 0.0 242.7 1.27 45.93 1.1
39922 1658403050 0 7 $GNGGA,113048.000,4424.43332,N,00854.65321,E,1,12,0.8,-5.1,M,44.7,M,,*61
39923 1658403050 0 7 $GNGGA,113049.000,4424.43303,N,00854.65343,E,1,12,0.8,-5.1,M,44.7,M,,*66
39924 1658403051 0 7 $GNGGA,113050.000,4424.43278,N,00854.65371,E,1,12,0.8,-5.1,M,44.7,M,,*62
39925 1658403051 0 3 2.658 4.980
39926 1658403051 0 4 2.653 1.589
39927 1658403052 0 5 0.42
39928 1658403052 0 6 0.10
39929 1658403052 0 8 4.994 7.623 7.16
39930 1658403052 0 7 $GNGGA,113051.000,4424.43257,N,00854.65406,E,1,12,0.8,-5.1,M,44.7,M,,*69
39931 1658403053 0 7 $GNGGA,113052.000,4424.43255,N,00854.65404,E,1,12,0.8,-5.0,M,44.7,M,,*6B
39932 1658403054 0 0 26.93 8.21 92.3 67.75 139.1 8.63 15.2 0.0 254.2 1.26 46.11 1.1
39933 1658403054 0 1 2.337
39934 1658403054 0 1 2.401
39935 1658403054 0 3 2.655 4.980
39936 1658403055 0 4 2.648 1.595
39937 1658403055 0 5 0.42
39938 1658403055 0 6 0.10
39939 1658403055 0 8 4.994 7.727 7.21
39940 1658403055 0 1 2.259
39941 1658403056 0 0 26.83 8.22 92.5 67.47 139.1 8.66 15.2 0.0 252.3 1.24 45.90 1.1
39942 1658403056 0 7 $GNGGA,113053.000,4424.43255,N,00854.65400,E,1,12,0.8,-5.0,M,44.7,M,,*6E
39943 1658403057 0 7 $GNGGA,113056.000,4424.43269,N,00854.65511,E,1,12,0.8,-4.6,M,44.7,M,,*62
39944 1658403057 0 3 2.657 4.980
39945 1658403057 0 4 2.650 1.592
39946 1658403058 0 5 0.42
39947 1658403058 0 6 0.10
39948 1658403058 0 8 4.994 7.755 7.16
39949 1658403058 0 1 2.181
39950 1658403058 0 0 26.95 8.22 92.6 67.44 139.2 8.65 15.1 0.0 250.3 1.23 45.87 1.1
39951 1658403058 0 7 $GNGGA,113057.000,4424.43255,N,00854.65565,E,1,12,0.8,-4.5,M,44.7,M,,*6C
39952 1658403059 0 7 $GNGGA,113058.000,4424.43246,N,00854.65623,E,1,12,0.8,-4.4,M,44.7,M,,*61
39953 1658403060 0 7 $GNGGA,113059.000,4424.43233,N,00854.65667,E,1,12,0.8,-4.4,M,44.7,M,,*62
39954 1658403060 0 3 2.655 4.980
39955 1658403061 0 4 2.648 1.589
39956 1658403061 0 5 0.42
39957 1658403061 0 6 0.10
39958 1658403061 0 8 4.994 7.736 7.21
39959 1658403061 0 1 1.896
39960 1658403061 0 0 27.08 8.21 92.3 67.55 139.1 8.62 15.1 0.0 251.3 1.23 45.96 1.1
39961 1658403062 0 7 $GNGGA,113100.000,4424.43209,N,00854.65709,E,1,12,0.8,-4.4,M,44.7,M,,*6F
39962 1658403063 0 7 $GNGGA,113102.000,4424.43146,N,00854.65799,E,1,12,0.8,-4.9,M,44.7,M,,*61
39963 1658403063 0 3 2.653 4.980
39964 1658403063 0 4 2.647 1.594
39965 1658403064 0 5 0.43
39966 1658403064 0 6 0.10
39967 1658403064 0 8 4.994 7.736 7.16
39968 1658403064 0 1 2.633
39969 1658403064 0 0 27.11 8.21 91.9 67.63 139.1 8.61 15.1 0.0 253.3 1.23 46.02 1.1
39970 1658403065 0 7 $GNGGA,113103.000,4424.43117,N,00854.65819,E,1,12,0.8,-5.1,M,44.7,M,,*6A
39971 1658403065 0 7 $GNGGA,113104.000,4424.43091,N,00854.65850,E,1,12,0.8,-5.1,M,44.7,M,,*6F
39972 1658403066 0 7 $GNGGA,113105.000,4424.43066,N,00854.65895,E,1,12,0.8,-5.2,M,44.7,M,,*6C
39973 1658403066 0 3 2.649 4.980
39974 1658403066 0 4 2.637 1.597
39975 1658403067 0 5 0.43
39976 1658403067 0 6 0.10
39977 1658403067 0 8 4.994 7.727 7.19
39978 1658403067 0 1 1.909
39979 1658403067 0 0 27.13 8.21 91.5 67.57 139.1 8.61 15.1 0.0 255.3 1.19 45.97 1.1
39980 1658403068 0 7 $GNGGA,113106.000,4424.43044,N,00854.65943,E,1,12,0.8,-5.5,M,44.7,M,,*62
39981 1658403068 0 7 $GNGGA,113107.000,4424.43018,N,00854.65987,E,1,12,0.8,-5.5,M,44.7,M,,*62
39982 1658403069 0 3 2.648 4.980
39983 1658403069 0 4 2.635 1.595
39984 1658403070 0 5 0.43
39985 1658403070 0 6 0.10
39986 1658403070 0 8 4.994 7.519 7.14
39987 1658403070 0 1 1.809
39988 1658403070 0 0 27.21 8.21 91.2 67.40 139.0 8.60 15.1 0.0 255.1 1.18 45.84 1.1
39989 1658403071 0 7 $GNGGA,113108.000,4424.42986,N,00854.66026,E,1,12,0.8,-5.6,M,44.7,M,,*60
39990 1658403071 0 7 $GNGGA,113110.000,4424.42947,N,00854.66126,E,1,12,0.8,-5.6,M,44.7,M,,*65
39991 1658403072 0 7 $GNGGA,113111.000,4424.42924,N,00854.66184,E,1,12,0.8,-5.6,M,44.7,M,,*69
39992 1658403072 0 3 2.646 4.980
39993 1658403072 0 4 2.625 1.592
39994 1658403073 0 5 0.43
39995 1658403073 0 6 0.10
39996 1658403073 0 8 4.994 7.689 7.16
39997 1658403073 0 1 1.675
39998 1658403073 0 0 27.23 8.21 90.7 67.53 139.0 8.59 15.1 0.0 258.1 1.14 45.94 1.1
39999 1658403074 0 7 $GNGGA,113112.000,4424.42900,N,00854.66240,E,1,12,0.8,-5.7,M,44.7,M,,*66
40000 1658403075 0 7 $GNGGA,113114.000,4424.42845,N,00854.66338,E,1,12,0.8,-5.6,M,44.7,M,,*6F
40001 1658403075 0 3 2.639 4.980
40002 1658403075 0 4 2.616 1.592
40003 1658403076 0 5 0.43
40004 1658403076 0 6 0.10
40005 1658403076 0 8 4.994 7.746 7.12
40006 1658403076 0 1 1.706
40007 1658403076 0 0 27.29 8.20 90.1 67.52 139.0 8.58 15.1 0.0 257.4 1.10 45.92 1.1
40008 1658403076 0 7 $GNGGA,113115.000,4424.42826,N,00854.66405,E,1,12,0.8,-5.5,M,44.7,M,,*61
40009 1658403077 0 7 $GNGGA,113116.000,4424.42810,N,00854.66491,E,1,12,0.8,-5.6,M,44.7,M,,*69
40010 1658403078 0 7 $GNGGA,113117.000,4424.42795,N,00854.66570,E,1,12,0.8,-5.5,M,44.7,M,,*67
40011 1658403078 0 3 2.636 4.980
40012 1658403078 0 4 2.607 1.597
40013 1658403079 0 5 0.43
40014 1658403079 0 6 0.10
40015 1658403079 0 8 4.994 7.774 7.16
40016 1658403079 0 1 1.444
40017 1658403079 0 0 27.42 8.19 89.1 67.38 138.9 8.56 15.0 0.0 252.7 1.05 45.81 1.1
40018 1658403080 0 7 $GNGGA,113118.000,4424.42777,N,00854.66651,E,1,12,0.8,-5.4,M,44.7,M,,*65
40019 1658403080 0 7 $GNGGA,113119.000,4424.42758,N,00854.66721,E,1,12,0.8,-5.1,M,44.7,M,,*6A
40020 1658403081 0 7 $GNGGA,113120.000,4424.42743,N,00854.66790,E,1,12,0.8,-4.8,M,44.7,M,,*68
40021 1658403081 0 3 2.634 4.980
40022 1658403081 0 4 2.603 1.597
40023 1658403082 0 5 0.44
40024 1658403082 0 6 0.10
40025 1658403082 0 8 4.994 7.755 7.12
40026 1658403082 0 7 $GNGGA,113121.000,4424.42719,N,00854.66863,E,1,12,0.8,-4.6,M,44.7,M,,*6B
40027 1658403083 0 7 $GNGGA,113122.000,4424.42691,N,00854.66939,E,1,12,0.8,-4.5,M,44.7,M,,*64
40028 1658403084 0 0 27.49 8.19 88.0 67.30 137.7 8.48 15.1 0.0 259.4 1.01 45.75 1.1
40029 1658403084 0 1 1.509
40030 1658403084 0 1 1.485
40031 1658403084 0 3 2.634 4.980
40032 1658403085 0 4 2.597 1.592
40033 1658403085 0 5 0.44
40034 1658403085 0 6 0.10
40035 1658403085 0 8 4.994 7.557 7.16
40036 1658403085 0 1 1.652
40037 1658403086 0 0 27.58 8.19 87.0 67.20 137.6 8.47 15.0 0.0 258.8 0.97 45.67 1.1
40038 1658403086 0 7 $GNGGA,113123.000,4424.42676,N,00854.67015,E,1,12,0.8,-4.4,M,44.7,M,,*6B
40039 1658403087 0 7 $GNGGA,113126.000,4424.42668,N,00854.67309,E,1,12,0.8,-3.9,M,44.7,M,,*65
40040 1658403087 0 3 2.631 4.980
40041 1658403087 0 4 2.596 1.592
40042 1658403088 0 5 0.44
40043 1658403088 0 6 0.10
40044 1658403088 0 8 4.994 7.547 7.07
40045 1658403088 0 1 1.771
40046 1658403088 0 0 27.70 8.19 86.4 67.26 137.5 8.45 15.0 0.0 259.8 0.97 45.71 1.1
40047 1658403088 0 7 $GNGGA,113127.000,4424.42684,N,00854.67410,E,1,12,0.8,-3.6,M,44.7,M,,*66
40048 1658403089 0 7 $GNGGA,113128.000,4424.42675,N,00854.67495,E,1,12,0.8,-3.4,M,44.7,M,,*68
40049 1658403090 0 7 $GNGGA,113129.000,4424.42656,N,00854.67586,E,1,12,0.8,-3.4,M,44.7,M,,*6B
40050 1658403090 0 3 2.628 4.980
40051 1658403090 0 4 2.593 1.590
40052 1658403091 0 5 0.44
40053 1658403091 0 6 0.10
40054 1658403091 0 8 4.994 7.547 7.10
40055 1658403091 0 1 2.501
40056 1658403091 0 0 27.74 8.19 86.0 67.21 137.4 8.44 15.0 0.0 261.8 0.94 45.67 1.1
40057 1658403092 0 7 $GNGGA,113130.000,4424.42636,N,00854.67663,E,1,12,0.8,-3.4,M,44.7,M,,*6D
40058 1658403092 0 7 $GNGGA,113131.000,4424.42612,N,00854.67752,E,1,12,0.8,-3.4,M,44.7,M,,*69
40059 1658403093 0 7 $GNGGA,113132.000,4424.42578,N,00854.67841,E,1,12,0.8,-3.3,M,44.7,M,,*6F
40060 1658403093 0 3 2.625 4.980
40061 1658403093 0 4 2.587 1.567
40062 1658403094 0 5 0.44
40063 1658403094 0 6 0.10
40064 1658403094 0 8 4.994 7.557 7.10
40065 1658403094 0 1 2.334
40066 1658403094 0 0 28.04 8.19 85.6 66.99 137.3 8.40 14.9 0.0 255.5 0.89 45.49 1.1
40067 1658403094 0 7 $GNGGA,113133.000,4424.42550,N,00854.67920,E,1,12,0.8,-3.3,M,44.7,M,,*62
40068 1658403095 0 7 $GNGGA,113134.000,4424.42530,N,00854.68006,E,1,12,0.8,-3.4,M,44.7,M,,*66
40069 1658403096 0 7 $GNGGA,113135.000,4424.42507,N,00854.68087,E,1,12,0.8,-3.7,M,44.7,M,,*69
40070 1658403096 0 3 2.622 4.980
40071 1658403096 0 4 2.585 1.572
40072 1658403097 0 5 0.45
40719 1658403309 0 7 $GNGGA,113508.000,4424.38461,N,00854.79122,E,1,12,0.8,0.3,M,44.7,M,,*4B
40720 1658403309 0 3 2.666 4.980
40721 1658403309 0 4 2.691 1.592
40722 1658403310 0 5 0.43
40723 1658403310 0 6 0.10
40724 1658403310 0 8 4.994 7.169 6.83
40725 1658403310 0 7 $GNGGA,113509.000,4424.38457,N,00854.79129,E,1,12,0.8,0.3,M,44.7,M,,*44
40726 1658403310 0 0 26.66 8.22 87.8 67.63 137.9 8.60 15.3 0.0 320.9 1.49 46.03 1.1
40727 1658403311 0 7 $GNGGA,113510.000,4424.38454,N,00854.79134,E,1,12,0.8,0.3,M,44.7,M,,*43
40728 1658403312 0 7 $GNGGA,113511.000,4424.38452,N,00854.79140,E,1,12,0.8,0.3,M,44.7,M,,*47
40729 1658403312 0 3 2.756 4.980
40730 1658403312 0 4 2.709 1.597
40731 1658403313 0 5 0.43
40732 1658403313 0 6 0.10
40733 1658403313 0 8 4.994 7.140 6.83
40734 1658403313 0 7 $GNGGA,113512.000,4424.38449,N,00854.79143,E,1,12,0.8,0.3,M,44.7,M,,*4D
40735 1658403313 0 0 26.62 8.22 88.0 67.66 138.0 8.61 15.3 0.0 322.5 1.97 46.05 1.1
40736 1658403314 0 7 $GNGGA,113513.000,4424.38446,N,00854.79146,E,1,12,0.8,0.3,M,44.7,M,,*46
40737 1658403315 0 7 $GNGGA,113514.000,4424.38444,N,00854.79148,E,1,12,0.8,0.3,M,44.7,M,,*4D
40738 1658403315 0 3 2.834 4.980
40739 1658403315 0 4 2.714 1.592
40740 1658403316 0 5 0.43
40741 1658403316 0 6 0.10
40742 1658403316 0 8 4.994 7.178 6.85
40743 1658403316 0 7 $GNGGA,113515.000,4424.38443,N,00854.79149,E,1,12,0.8,0.3,M,44.7,M,,*4A
40744 1658403316 0 0 26.57 8.23 88.1 67.68 138.0 8.61 15.3 0.0 322.9 2.56 46.07 1.1
40745 1658403317 0 7 $GNGGA,113516.000,4424.38440,N,00854.79152,E,1,12,0.8,0.3,M,44.7,M,,*40
40746 1658403318 0 7 $GNGGA,113517.000,4424.38438,N,00854.79155,E,1,12,0.8,0.3,M,44.7,M,,*49
40747 1658403318 0 3 2.849 4.980
40748 1658403318 0 4 2.717 1.595
40749 1658403319 0 5 0.43
40750 1658403319 0 6 0.10
40751 1658403319 0 8 4.994 7.188 6.85
40752 1658403319 0 7 $GNGGA,113518.000,4424.38436,N,00854.79157,E,1,12,0.8,0.3,M,44.7,M,,*4A
40753 1658403319 0 0 26.46 8.23 88.3 67.61 137.9 8.63 15.3 0.0 324.3 3.16 46.02 1.1
40754 1658403320 0 7 $GNGGA,113519.000,4424.38432,N,00854.79161,E,1,12,0.8,0.3,M,44.7,M,,*4A
40755 1658403321 0 7 $GNGGA,113520.000,4424.38429,N,00854.79165,E,1,12,0.8,0.3,M,44.7,M,,*4E
40756 1658403321 0 3 2.850 4.980
40757 1658403321 0 4 2.718 1.627
40758 1658403322 0 5 0.42
40759 1658403322 0 6 0.10
40760 1658403322 0 8 4.994 7.207 6.83
40761 1658403322 0 7 $GNGGA,113521.000,4424.38425,N,00854.79168,E,1,12,0.8,0.3,M,44.7,M,,*4E
40762 1658403323 0 7 $GNGGA,113522.000,4424.38421,N,00854.79172,E,1,12,0.8,0.3,M,44.7,M,,*42
40763 1658403324 0 0 26.36 8.23 88.4 67.75 137.9 8.64 15.3 0.0 325.3 3.76 46.13 1.1
40764 1658403324 0 7 $GNGGA,113523.000,4424.38418,N,00854.79175,E,1,12,0.8,0.3,M,44.7,M,,*4E
40765 1658403324 0 3 2.850 4.980
40766 1658403324 0 4 2.720 1.647
40767 1658403325 0 5 0.43
40768 1658403325 0 6 0.10
40769 1658403325 0 8 4.994 7.178 6.83
40770 1658403325 0 7 $GNGGA,113524.000,4424.38415,N,00854.79177,E,1,12,0.8,0.3,M,44.7,M,,*46
40771 1658403325 0 0 26.21 8.23 88.6 67.71 137.9 8.66 15.4 0.0 329.3 4.35 46.11 1.1
40772 1658403326 0 7 $GNGGA,113525.000,4424.38409,N,00854.79179,E,1,12,0.8,0.3,M,44.7,M,,*44
40773 1658403327 0 7 $GNGGA,113526.000,4424.38405,N,00854.79182,E,1,12,0.8,0.2,M,44.7,M,,*4E
40774 1658403327 0 3 2.851 4.980
40775 1658403327 0 4 2.721 1.642
40776 1658403328 0 5 0.43
40777 1658403328 0 6 0.10
40778 1658403328 0 8 4.994 7.178 6.83
40779 1658403328 0 7 $GNGGA,113527.000,4424.38399,N,00854.79184,E,1,12,0.8,0.2,M,44.7,M,,*4B
40780 1658403328 0 0 26.08 8.23 88.8 67.56 138.0 8.69 15.4 0.0 329.5 4.94 45.99 1.1
40781 1658403329 0 7 $GNGGA,113528.000,4424.38392,N,00854.79186,E,1,12,0.8,0.2,M,44.7,M,,*4D
40782 1658403330 0 7 $GNGGA,113529.000,4424.38386,N,00854.79187,E,1,12,0.8,0.2,M,44.7,M,,*48
40783 1658403330 0 3 2.852 4.980
40784 1658403330 0 4 2.720 1.647
40785 1658403331 0 5 0.42
40786 1658403331 0 6 0.10
40787 1658403331 0 8 4.994 7.159 6.83
40788 1658403331 0 7 $GNGGA,113530.000,4424.38380,N,00854.79189,E,1,12,0.8,0.1,M,44.7,M,,*4B
40789 1658403331 0 0 25.93 8.23 89.0 67.58 138.0 8.71 15.4 0.0 330.7 5.52 46.01 1.1
40790 1658403332 0 7 $GNGGA,113531.000,4424.38375,N,00854.79189,E,1,12,0.8,0.1,M,44.7,M,,*40
40791 1658403333 0 7 $GNGGA,113532.000,4424.38367,N,00854.79189,E,1,12,0.8,0.1,M,44.7,M,,*40
40792 1658403333 0 3 2.852 4.980
40793 1658403333 0 4 2.721 1.645
40794 1658403334 0 5 0.42
40795 1658403334 0 6 0.10
40796 1658403334 0 8 4.994 7.245 6.83
40797 1658403334 0 7 $GNGGA,113533.000,4424.38362,N,00854.79191,E,1,12,0.8,0.0,M,44.7,M,,*4C
40798 1658403334 0 0 25.88 8.23 89.2 67.59 138.0 8.71 15.4 0.0 327.8 6.08 46.02 1.1
40799 1658403335 0 7 $GNGGA,113534.000,4424.38356,N,00854.79193,E,1,12,0.8,0.0,M,44.7,M,,*4E
40800 1658403336 0 7 $GNGGA,113535.000,4424.38332,N,00854.79208,E,1,12,0.8,-0.6,M,44.7,M,,*67
40801 1658403336 0 3 2.852 4.980
40802 1658403336 0 4 2.722 1.647
40803 1658403337 0 5 0.42
40804 1658403337 0 6 0.10
40805 1658403337 0 8 4.994 7.207 6.81
40806 1658403337 0 7 $GNGGA,113536.000,4424.38323,N,00854.79212,E,1,12,0.8,-0.5,M,44.7,M,,*6C
40807 1658403337 0 0 25.86 8.23 89.3 67.56 138.0 8.72 15.4 0.0 326.1 6.40 46.00 1.1
40808 1658403338 0 7 $GNGGA,113537.000,4424.38316,N,00854.79214,E,1,12,0.8,-0.5,M,44.7,M,,*6D
40809 1658403339 0 7 $GNGGA,113538.000,4424.38308,N,00854.79220,E,1,12,0.8,-0.5,M,44.7,M,,*6A
40810 1658403339 0 3 2.852 4.980
40811 1658403339 0 4 2.722 1.647
40812 1658403340 0 5 0.42
40813 1658403340 0 6 0.10
40814 1658403340 0 8 4.994 7.169 6.81
40815 1658403340 0 7 $GNGGA,113539.000,4424.38302,N,00854.79224,E,1,12,0.8,-0.5,M,44.7,M,,*65
40816 1658403340 0 0 25.79 8.23 89.5 67.59 137.9 8.72 15.4 0.0 325.9 6.76 46.02 1.1
40817 1658403341 0 7 $GNGGA,113540.000,4424.38293,N,00854.79230,E,1,12,0.8,-0.5,M,44.7,M,,*67
40818 1658403342 0 7 $GNGGA,113541.000,4424.38286,N,00854.79234,E,1,12,0.8,-0.5,M,44.7,M,,*66
40819 1658403342 0 3 2.852 4.980
40820 1658403342 0 4 2.722 1.647
40821 1658403343 0 5 0.42
40822 1658403343 0 6 0.10
40823 1658403343 0 8 4.994 7.131 6.81
40824 1658403343 0 7 $GNGGA,113542.000,4424.38277,N,00854.79240,E,1,12,0.8,-0.5,M,44.7,M,,*68
40825 1658403343 0 0 25.78 8.23 89.6 67.66 137.9 8.72 15.3 0.0 322.5 7.19 46.08 1.1
40826 1658403344 0 7 $GNGGA,113543.000,4424.38270,N,00854.79243,E,1,12,0.8,-0.5,M,44.7,M,,*6D
40827 1658403345 0 7 $GNGGA,113544.000,4424.38262,N,00854.79246,E,1,12,0.8,-0.5,M,44.7,M,,*6C
40828 1658403345 0 3 2.852 4.980
40829 1658403345 0 4 2.722 1.650
40830 1658403346 0 5 0.42
40831 1658403346 0 6 0.10
40832 1658403346 0 8 4.994 7.235 6.81
40833 1658403346 0 7 $GNGGA,113545.000,4424.38254,N,00854.79251,E,1,12,0.8,-0.5,M,44.7,M,,*6E
40834 1658403346 0 0 25.70 8.23 89.8 67.63 137.9 8.73 15.4 0.0 329.0 7.60 46.06 1.1
40835 1658403347 0 7 $GNGGA,113546.000,4424.38246,N,00854.79254,E,1,12,0.8,-0.5,M,44.7,M,,*6B
40836 1658403348 0 7 $GNGGA,113547.000,4424.38238,N,00854.79258,E,1,12,0.8,-0.5,M,44.7,M,,*6F
40837 1658403348 0 3 2.852 4.980
40838 1658403348 0 4 2.722 1.647
40839 1658403349 0 5 0.42
40840 1658403349 0 6 0.10
40841 1658403349 0 8 4.994 7.207 6.78
40842 1658403349 0 7 $GNGGA,113548.000,4424.38232,N,00854.79262,E,1,12,0.8,-0.5,M,44.7,M,,*63
40843 1658403349 0 0 25.67 8.23 90.0 67.49 137.9 8.74 15.3 0.0 320.2 7.83 45.95 1.0
40844 1658403350 0 7 $GNGGA,113549.000,4424.38224,N,00854.79265,E,1,12,0.8,-0.6,M,44.7,M,,*61
40845 1658403351 0 7 $GNGGA,113550.000,4424.38217,N,00854.79267,E,1,12,0.8,-0.6,M,44.7,M,,*6B
40846 1658403351 0 3 2.852 4.980
40847 1658403351 0 4 2.721 1.647
40848 1658403352 0 5 0.41
40849 1658403352 0 6 0.10
40850 1658403352 0 8 4.994 7.122 6.78
40851 1658403352 0 7 $GNGGA,113551.000,4424.38212,N,00854.79269,E,1,12,0.8,-0.6,M,44.7,M,,*61
40852 1658403353 0 7 $GNGGA,113552.000,4424.38205,N,00854.79269,E,1,12,0.8,-0.6,M,44.7,M,,*64
40853 1658403354 0 0 25.28 8.23 90.2 67.94 137.9 8.78 15.5 0.0 328.7 8.12 46.31 1.0
40854 1658403354 0 7 $GNGGA,113553.000,4424.38196,N,00854.79274,E,1,12,0.8,-0.6,M,44.7,M,,*60
40855 1658403354 0 3 2.852 4.980
40856 1658403354 0 4 2.722 1.647
40857 1658403355 0 5 0.41
40858 1658403355 0 6 0.10
40859 1658403355 0 8 4.994 7.150 6.78
40860 1658403355 0 7 $GNGGA,113554.000,4424.38190,N,00854.79273,E,1,12,0.8,-0.6,M,44.7,M,,*66
40861 1658403355 0 0 25.00 8.23 90.4 67.54 137.8 8.83 15.5 0.0 340.2 8.48 46.00 1.0
40862 1658403356 0 7 $GNGGA,113555.000,4424.38166,N,00854.79292,E,1,12,0.8,-1.2,M,44.7,M,,*64
40863 1658403357 0 7 $GNGGA,113556.000,4424.38150,N,00854.79293,E,1,12,0.8,-1.1,M,44.7,M,,*60
40864 1658403357 0 3 2.852 4.980
40865 1658403357 0 4 2.722 1.647
40866 1658403358 0 5 0.41
40867 1658403358 0 6 0.10
40868 1658403358 0 8 4.994 7.169 6.78
40869 1658403358 0 7 $GNGGA,113557.000,4424.38138,N,00854.79295,E,1,12,0.8,-1.0,M,44.7,M,,*68
40870 1658403358 0 0 24.72 8.23 90.7 67.49 137.8 8.88 15.6 0.0 341.7 8.84 45.97 1.0
40871 1658403359 0 7 $GNGGA,113558.000,4424.38128,N,00854.79298,E,1,12,0.8,-1.0,M,44.7,M,,*6B
40872 1658403360 0 7 $GNGGA,113559.000,4424.38119,N,00854.79307,E,1,12,0.8,-1.0,M,44.7,M,,*6F
40873 1658403360 0 3 2.852 4.980
40874 1658403360 0 4 2.722 1.647
40875 1658403361 0 5 0.41
40876 1658403361 0 6 0.09
40877 1658403361 0 8 4.994 7.140 6.78
40878 1658403361 0 7 $GNGGA,113600.000,4424.38095,N,00854.79270,E,1,12,0.8,-0.4,M,44.7,M,,*61
40879 1658403361 0 0 24.53 8.23 90.9 67.48 137.8 8.90 15.6 0.0 338.8 9.20 45.97 1.0
40880 1658403362 0 7 $GNGGA,113601.000,4424.38086,N,00854.79267,E,1,12,0.8,-0.4,M,44.7,M,,*64
40881 1658403363 0 7 $GNGGA,113602.000,4424.38078,N,00854.79271,E,1,12,0.8,-0.5,M,44.7,M,,*60
40882 1658403363 0 3 2.852 4.980
40883 1658403363 0 4 2.720 1.647
40884 1658403364 0 5 0.41
40885 1658403364 0 6 0.10
40886 1658403364 0 8 4.994 7.103 6.76
40887 1658403364 0 7 $GNGGA,113603.000,4424.38072,N,00854.79276,E,1,12,0.8,-0.5,M,44.7,M,,*6C
40888 1658403364 0 0 24.38 8.23 91.1 67.45 137.8 8.92 15.6 0.0 334.4 9.57 45.95 1.0
40889 1658403365 0 7 $GNGGA,113604.000,4424.38065,N,00854.79277,E,1,12,0.8,-0.5,M,44.7,M,,*6C
40890 1658403366 0 7 $GNGGA,113605.000,4424.38057,N,00854.79282,E,1,12,0.8,-0.5,M,44.7,M,,*66
40891 1658403366 0 3 2.852 4.980
40892 1658403366 0 4 2.720 1.647
40893 1658403367 0 5 0.40
40894 1658403367 0 6 0.09
40895 1658403367 0 8 4.994 7.159 6.78
40896 1658403367 0 7 $GNGGA,113606.000,4424.38050,N,00854.79284,E,1,12,0.8,-0.5,M,44.7,M,,*64
40897 1658403367 0 0 24.31 8.23 91.3 67.49 137.7 8.93 15.5 0.0 329.9 9.92 45.99 1.0
40898 1658403368 0 7 $GNGGA,113607.000,4424.38045,N,00854.79285,E,1,12,0.8,-0.5,M,44.7,M,,*60
40899 1658403369 0 7 $GNGGA,113608.000,4424.38039,N,00854.79288,E,1,12,0.8,-0.5,M,44.7,M,,*69
40900 1658403369 0 3 2.852 4.980
40901 1658403369 0 4 2.721 1.650
40902 1658403370 0 5 0.40
40903 1658403370 0 6 0.09
40904 1658403370 0 8 4.994 7.131 6.76
40905 1658403370 0 7 $GNGGA,113609.000,4424.38034,N,00854.79280,E,1,12,0.8,-1.0,M,44.7,M,,*69
40906 1658403370 0 0 24.26 8.23 91.3 67.46 137.6 8.93 15.5 0.0 326.7 10.18 45.96 0.9
40907 1658403371 0 7 $GNGGA,113610.000,4424.38025,N,00854.79282,E,1,12,0.8,-1.0,M,44.7,M,,*63
40908 1658403372 0 7 $GNGGA,113611.000,4424.38019,N,00854.79284,E,1,12,0.8,-1.0,M,44.7,M,,*6B
40909 1658403372 0 3 2.852 4.980
40910 1658403372 0 4 2.720 1.650
40911 1658403373 0 5 0.39
40912 1658403373 0 6 0.09
40913 1658403373 0 8 4.994 7.084 6.76
40914 1658403373 0 7 $GNGGA,113612.000,4424.38012,N,00854.79286,E,1,12,0.8,-1.0,M,44.7,M,,*61
40915 1658403373 0 0 24.26 8.23 91.6 67.38 137.5 8.93 15.4 0.0 319.6 10.19 45.89 0.9
40916 1658403374 0 7 $GNGGA,113613.000,4424.38005,N,00854.79286,E,1,12,0.8,-1.0,M,44.7,M,,*66
40917 1658403375 0 7 $GNGGA,113614.000,4424.37998,N,00854.79287,E,1,12,0.8,-1.0,M,44.7,M,,*62
40918 1658403375 0 3 2.852 4.980
40919 1658403375 0 4 2.719 1.650
40920 1658403376 0 5 0.39
40921 1658403376 0 6 0.09
40922 1658403376 0 8 4.994 7.122 6.76
40923 1658403376 0 7 $GNGGA,113615.000,4424.37991,N,00854.79291,E,1,12,0.8,-1.0,M,44.7,M,,*6D
40924 1658403376 0 0 24.30 8.23 91.7 67.43 137.4 8.91 15.4 0.0 313.4 10.19 45.93 0.9
40925 1658403377 0 7 $GNGGA,113616.000,4424.37963,N,00854.79290,E,1,12,0.8,-1.5,M,44.7,M,,*67
40926 1658403378 0 7 $GNGGA,113617.000,4424.37958,N,00854.79294,E,1,12,0.8,-1.5,M,44.7,M,,*6A
40927 1658403378 0 3 2.852 4.980
40928 1658403378 0 4 2.719 1.650
40929 1658403379 0 5 0.39
40930 1658403379 0 6 0.09
40931 1658403379 0 8 4.994 7.112 6.76
40932 1658403379 0 7 $GNGGA,113618.000,4424.37953,N,00854.79298,E,1,12,0.8,-1.5,M,44.7,M,,*62
40933 1658403379 0 0 24.32 8.23 91.8 67.37 137.3 8.90 15.3 0.0 309.2 10.19 45.89 0.9
40934 1658403380 0 7 $GNGGA,113619.000,4424.37950,N,00854.79300,E,1,12,0.8,-1.5,M,44.7,M,,*60
40935 1658403381 0 7 $GNGGA,113620.000,4424.37943,N,00854.79299,E,1,12,0.8,-1.5,M,44.7,M,,*69
40936 1658403381 0 3 2.852 4.980
40937 1658403382 0 4 2.720 1.650
40938 1658403382 0 5 0.39
40939 1658403382 0 6 0.09
40940 1658403382 0 8 4.994 7.065 6.74
40941 1658403383 0 7 $GNGGA,113621.000,4424.37939,N,00854.79301,E,1,12,0.8,-1.5,M,44.7,M,,*65
40942 1658403383 0 7 $GNGGA,113622.000,4424.37935,N,00854.79302,E,1,12,0.8,-1.5,M,44.7,M,,*69
40943 1658403384 0 0 24.28 8.23 92.0 67.40 137.2 8.90 15.3 0.0 303.8 10.19 45.91 0.9
40944 1658403384 0 7 $GNGGA,113623.000,4424.37931,N,00854.79300,E,1,12,0.8,-1.5,M,44.7,M,,*6E
40945 1658403384 0 3 2.852 4.980
40946 1658403384 0 4 2.720 1.647
40947 1658403385 0 5 0.38
40948 1658403385 0 6 0.09
40949 1658403385 0 8 4.994 7.074 6.74
40950 1658403385 0 7 $GNGGA,113624.000,4424.37923,N,00854.79296,E,1,12,0.8,-1.5,M,44.7,M,,*64
40951 1658403385 0 0 24.26 8.23 92.2 67.37 137.1 8.90 15.3 0.0 300.6 10.19 45.89 0.9
40952 1658403386 0 7 $GNGGA,113625.000,4424.37916,N,00854.79293,E,1,12,0.8,-1.5,M,44.7,M,,*66
40953 1658403387 0 7 $GNGGA,113626.000,4424.37912,N,00854.79292,E,1,12,0.8,-1.5,M,44.7,M,,*60
40954 1658403387 0 3 2.853 4.980
40955 1658403387 0 4 2.719 1.642
40956 1658403388 0 5 0.38
40957 1658403388 0 6 0.09
40958 1658403388 0 8 4.994 7.084 6.74
40959 1658403388 0 7 $GNGGA,113627.000,4424.37907,N,00854.79292,E,1,12,0.8,-1.5,M,44.7,M,,*65
40960 1658403388 0 0 24.23 8.23 92.3 67.46 137.0 8.90 15.3 0.0 296.4 10.18 45.96 0.9
40961 1658403389 0 7 $GNGGA,113628.000,4424.37902,N,00854.79295,E,1,12,0.8,-1.5,M,44.7,M,,*68
40962 1658403390 0 7 $GNGGA,113629.000,4424.37890,N,00854.79300,E,1,12,0.8,-1.5,M,44.7,M,,*6E
40963 1658403390 0 3 2.854 4.980
40964 1658403390 0 4 2.720 1.645
40965 1658403391 0 5 0.37
40966 1658403391 0 6 0.09
40967 1658403391 0 8 4.994 7.084 6.76
40968 1658403391 0 7 $GNGGA,113630.000,4424.37884,N,00854.79304,E,1,12,0.8,-1.5,M,44.7,M,,*67
40969 1658403391 0 0 24.19 8.23 92.4 67.39 136.9 8.90 15.2 0.0 295.0 10.19 45.91 0.9
40970 1658403392 0 7 $GNGGA,113631.000,4424.37880,N,00854.79305,E,1,12,0.8,-1.5,M,44.7,M,,*63
40971 1658403393 0 7 $GNGGA,113632.000,4424.37869,N,00854.79310,E,1,12,0.8,-1.5,M,44.7,M,,*63
40972 1658403393 0 3 2.854 4.980
40973 1658403394 0 4 2.717 1.645
40974 1658403394 0 5 0.37
40975 1658403394 0 6 0.09
40976 1658403394 0 8 4.994 7.159 6.67
40977 1658403394 0 7 $GNGGA,113633.000,4424.37861,N,00854.79311,E,1,12,0.8,-1.5,M,44.7,M,,*6B
40978 1658403394 0 0 24.22 8.23 92.6 67.39 136.9 8.89 15.2 0.0 293.8 10.04 45.91 0.9
40979 1658403395 0 7 $GNGGA,113634.000,4424.37853,N,00854.79320,E,1,12,0.8,-1.5,M,44.7,M,,*6F
40980 1658403396 0 7 $GNGGA,113635.000,4424.37843,N,00854.79333,E,1,12,0.8,-1.5,M,44.7,M,,*6D
40981 1658403396 0 3 2.854 4.980
40982 1658403397 0 4 2.718 1.647
40983 1658403397 0 5 0.37
40984 1658403397 0 6 0.09
40985 1658403397 0 8 4.994 7.046 6.74
40986 1658403397 0 7 $GNGGA,113636.000,4424.37836,N,00854.79336,E,1,12,0.8,-1.5,M,44.7,M,,*69
40987 1658403397 0 0 24.29 8.23 92.6 67.35 136.8 8.88 15.2 0.0 285.4 9.66 45.87 0.9
40988 1658403398 0 7 $GNGGA,113637.000,4424.37825,N,00854.79344,E,1,12,0.8,-1.4,M,44.7,M,,*6E
40989 1658403399 0 7 $GNGGA,113638.000,4424.37818,N,00854.79350,E,1,12,0.8,-1.4,M,44.7,M,,*6A
40990 1658403399 0 3 2.853 4.980
40991 1658403400 0 4 2.718 1.645
40992 1658403400 0 5 0.37
40993 1658403400 0 6 0.09
40994 1658403400 0 8 4.994 7.055 6.72
40998 1658403402 0 7 $GNGGA,113641.000,4424.37795,N,00854.79366,E,1,12,0.8,-1.3,M,44.7,M,,*6C
40999 1658403402 0 3 2.852 4.980
41004 1658403403 0 7 $GNGGA,113642.000,4424.37790,N,00854.79371,E,1,12,0.8,-1.3,M,44.7,M,,*6C
41005 1658403403 0 0 24.57 8.23 92.8 67.23 136.5 8.82 15.0 0.0 269.4 8.64 45.78 0.9
41008 1658403405 0 3 2.852 4.980
41009 1658403406 0 4 2.717 1.640
41016 1658403408 0 7 $GNGGA,113647.000,4424.37772,N,00854.79375,E,1,12,0.8,-1.2,M,44.7,M,,*60
41017 1658403408 0 3 2.852 4.980
41019 1658403409 0 5 0.36
41020 1658403409 0 6 0.08
41021 1658403409 0 8 4.994 7.046 6.67
41022 1658403409 0 7 $GNGGA,113648.000,4424.37766,N,00854.79376,E,1,12,0.8,-1.2,M,44.7,M,,*69
41023 1658403409 0 0 25.41 8.23 92.8 66.78 136.4 8.71 14.7 0.0 242.4 7.16 45.40 1.0
41024 1658403410 0 7 $GNGGA,113649.000,4424.37759,N,00854.79378,E,1,12,0.8,-1.2,M,44.7,M,,*6A
41025 1658403411 0 7 $GNGGA,113650.000,4424.37750,N,00854.79382,E,1,12,0.8,-1.1,M,44.7,M,,*6D
41026 1658403411 0 3 2.851 4.980
41027 1658403412 0 4 2.716 1.640
41028 1658403412 0 5 0.36
41029 1658403412 0 6 0.08
41030 1658403412 0 8 4.994 6.951 6.67
41031 1658403412 0 7 $GNGGA,113651.000,4424.37743,N,00854.79386,E,1,12,0.8,-1.1,M,44.7,M,,*6A
41032 1658403413 0 7 $GNGGA,113652.000,4424.37738,N,00854.79387,E,1,12,0.8,-1.1,M,44.7,M,,*64
41033 1658403414 0 0 25.62 8.23 92.8 67.23 136.3 8.66 14.7 0.0 237.1 6.39 45.75 1.0
41034 1658403414 0 7 $GNGGA,113653.000,4424.37728,N,00854.79389,E,1,12,0.8,-1.0,M,44.7,M,,*6B
41035 1658403414 0 3 2.851 4.980
41036 1658403415 0 4 2.715 1.642
41037 1658403415 0 5 0.36
41038 1658403415 0 6 0.08
41039 1658403415 0 8 4.994 7.027 6.67
41040 1658403415 0 7 $GNGGA,113654.000,4424.37721,N,00854.79391,E,1,12,0.8,-1.0,M,44.7,M,,*6C
41041 1658403415 0 0 25.72 8.23 92.8 67.41 136.3 8.64 14.7 0.0 233.2 5.56 45.89 1.0
41042 1658403416 0 7 $GNGGA,113655.000,4424.37714,N,00854.79395,E,1,12,0.8,-1.0,M,44.7,M,,*6F
41043 1658403417 0 7 $GNGGA,113656.000,4424.37707,N,00854.79396,E,1,12,0.8,-1.0,M,44.7,M,,*6D
41044 1658403417 0 3 2.850 4.980
41045 1658403418 0 4 2.714 1.647
41046 1658403418 0 5 0.36
41047 1658403418 0 6 0.08
41048 1658403418 0 8 4.994 7.027 6.65
41049 1658403418 0 7 $GNGGA,113657.000,4424.37697,N,00854.79401,E,1,12,0.8,-0.9,M,44.7,M,,*65
41050 1658403418 0 0 25.84 8.23 92.9 67.37 136.3 8.62 14.7 0.0 231.3 4.67 45.85 1.0
41051 1658403419 0 7 $GNGGA,113658.000,4424.37690,N,00854.79404,E,1,12,0.8,-0.9,M,44.7,M,,*68
41052 1658403420 0 7 $GNGGA,113659.000,4424.37684,N,00854.79406,E,1,12,0.8,-0.9,M,44.7,M,,*6E
41053 1658403420 0 3 2.848 4.980
41054 1658403421 0 4 2.712 1.650
41055 1658403421 0 5 0.36
41056 1658403421 0 6 0.08
41057 1658403421 0 8 4.994 6.970 6.67
41058 1658403421 0 7 $GNGGA,113700.000,4424.37678,N,00854.79409,E,1,12,0.8,-0.9,M,44.7,M,,*6F
41059 1658403421 0 0 26.17 8.23 92.9 67.37 136.3 8.58 14.6 0.0 223.0 3.77 45.84 1.0
41060 1658403422 0 7 $GNGGA,113701.000,4424.37673,N,00854.79411,E,1,12,0.8,-0.9,M,44.7,M,,*6C
41061 1658403423 0 7 $GNGGA,113702.000,4424.37653,N,00854.79389,E,1,12,0.8,-0.5,M,44.7,M,,*67
41062 1658403423 0 3 2.833 4.980
41063 1658403424 0 4 2.710 1.650
41064 1658403424 0 5 0.36
41065 1658403424 0 6 0.08
41066 1658403424 0 8 4.994 6.989 6.67
41067 1658403424 0 7 $GNGGA,113703.000,4424.37643,N,00854.79391,E,1,12,0.8,-0.6,M,44.7,M,,*6D
41068 1658403424 0 0 26.33 8.23 93.0 67.50 137.9 8.65 14.6 0.0 220.8 2.87 45.94 1.0
41069 1658403425 0 7 $GNGGA,113704.000,4424.37629,N,00854.79391,E,1,12,0.8,-0.6,M,44.7,M,,*66
41070 1658403426 0 7 $GNGGA,113705.000,4424.37618,N,00854.79395,E,1,12,0.8,-0.6,M,44.7,M,,*61
41071 1658403426 0 3 2.798 4.980
41072 1658403427 0 4 2.707 1.647
41073 1658403427 0 5 0.36
41074 1658403427 0 6 0.08
41075 1658403427 0 8 4.994 6.989 6.67
41076 1658403427 0 7 $GNGGA,113706.000,4424.37610,N,00854.79398,E,1,12,0.8,-0.5,M,44.7,M,,*64
41077 1658403427 0 0 26.46 8.23 93.0 67.53 139.0 8.70 14.6 0.0 217.6 2.09 45.96 1.1
41078 1658403428 0 7 $GNGGA,113707.000,4424.37597,N,00854.79402,E,1,12,0.8,-0.5,M,44.7,M,,*6D
41079 1658403429 0 7 $GNGGA,113708.000,4424.37587,N,00854.79406,E,1,12,0.8,-0.5,M,44.7,M,,*67
41080 1658403429 0 3 2.696 4.980
41081 1658403430 0 4 2.695 1.647
41082 1658403430 0 5 0.36
41083 1658403430 0 6 0.08
41084 1658403430 0 8 4.994 6.989 6.65
41085 1658403430 0 7 $GNGGA,113709.000,4424.37578,N,00854.79409,E,1,12,0.8,-0.5,M,44.7,M,,*69
41086 1658403430 0 0 26.54 8.23 93.0 67.65 139.1 8.69 14.6 0.0 218.3 1.60 46.05 1.1
41087 1658403431 0 7 $GNGGA,113710.000,4424.37563,N,00854.79414,E,1,12,0.8,-0.5,M,44.7,M,,*67
41088 1658403432 0 7 $GNGGA,113711.000,4424.37555,N,00854.79421,E,1,12,0.8,-0.5,M,44.7,M,,*65
41089 1658403432 0 3 2.652 4.980
41090 1658403433 0 4 2.641 1.647
41091 1658403433 0 5 0.36
41092 1658403433 0 6 0.08
41093 1658403433 0 8 4.994 6.980 6.65
41094 1658403433 0 7 $GNGGA,113712.000,4424.37546,N,00854.79425,E,1,12,0.8,-0.5,M,44.7,M,,*60
41095 1658403433 0 0 26.71 8.23 93.0 67.57 139.3 8.68 14.6 0.0 216.6 1.20 45.98 1.1
41096 1658403434 0 7 $GNGGA,113713.000,4424.37535,N,00854.79430,E,1,12,0.8,-0.4,M,44.7,M,,*60
41097 1658403435 0 7 $GNGGA,113714.000,4424.37527,N,00854.79434,E,1,12,0.8,-0.4,M,44.7,M,,*60
41098 1658403435 0 3 2.651 4.980
41099 1658403436 0 4 2.641 1.645
41100 1658403436 0 5 0.36
41101 1658403436 0 6 0.08
41102 1658403436 0 8 4.994 6.970 6.63
41103 1658403436 0 7 $GNGGA,113715.000,4424.37519,N,00854.79438,E,1,12,0.8,-0.4,M,44.7,M,,*60
41104 1658403436 0 0 26.78 8.23 93.1 67.75 139.5 8.68 14.6 0.0 216.9 1.20 46.12 1.1
41105 1658403437 0 7 $GNGGA,113716.000,4424.37508,N,00854.79441,E,1,12,0.8,-0.4,M,44.7,M,,*6D
41106 1658403438 0 7 $GNGGA,113717.000,4424.37498,N,00854.79446,E,1,12,0.8,-0.4,M,44.7,M,,*63
41107 1658403438 0 3 2.649 4.980
