/home/danielacabiddu/Devel/src/MATRAC/test/tuttomatrac/data/porto_grid.mesh
43151 1658404157 0 7 $GNGGA,114917.000,4424.22166,N,00855.16438,E,1,13,0.9,-12.3,M,44.7,M,,*5F
43152 1658404158 0 3 2.585 4.980
43153 1658404159 0 4 2.511 1.530
43154 1658404159 0 5 0.39
43155 1658404159 0 6 0.11
43156 1658404159 0 8 4.994 7.036 6.11
43157 1658404159 0 7 $GNGGA,114918.000,4424.22179,N,00855.16439,E,1,13,0.9,-12.2,M,44.7,M,,*5E
43158 1658404159 0 7 $GNGGA,114919.000,4424.22192,N,00855.16440,E,1,13,0.9,-12.2,M,44.7,M,,*54
43159 1658404160 0 7 $GNGGA,114920.000,4424.22203,N,00855.16443,E,1,13,0.9,-12.1,M,44.7,M,,*55
43160 1658404161 0 3 2.568 4.952
43161 1658404161 0 4 2.437 1.532
43162 1658404162 0 5 0.39
43163 1658404162 0 6 0.10
43164 1658404162 0 8 4.994 6.629 5.96
43165 1658404162 0 7 $GNGGA,114921.000,4424.22217,N,00855.16443,E,1,13,0.9,-12.0,M,44.7,M,,*50
43166 1658404163 0 7 $GNGGA,114922.000,4424.22230,N,00855.16439,E,1,13,0.9,-12.0,M,44.7,M,,*5B
43167 1658404163 0 7 $GNGGA,114923.000,4424.22243,N,00855.16435,E,1,13,0.9,-11.9,M,44.7,M,,*58
43168 1658404164 0 3 2.586 4.980
43169 1658404164 0 4 2.504 1.535
43170 1658404165 0 5 0.39
43171 1658404165 0 6 0.11
43172 1658404165 0 8 4.994 6.809 6.11
43173 1658404165 0 7 $GNGGA,114924.000,4424.22255,N,00855.16429,E,1,13,0.9,-11.9,M,44.7,M,,*55
43174 1658404165 0 7 $GNGGA,114925.000,4424.22265,N,00855.16426,E,1,13,0.9,-11.9,M,44.7,M,,*58
43175 1658404166 0 7 $GNGGA,114926.000,4424.22304,N,00855.16447,E,1,13,0.9,-11.6,M,44.7,M,,*55
43176 1658404167 0 3 2.586 4.980
43177 1658404167 0 4 2.502 1.510
43178 1658404168 0 5 0.40
43179 1658404168 0 6 0.10
43180 1658404168 0 8 4.994 7.027 6.09
43181 1658404168 0 7 $GNGGA,114927.000,4424.22322,N,00855.16443,E,1,13,0.9,-11.3,M,44.7,M,,*51
43182 1658404168 0 7 $GNGGA,114928.000,4424.22338,N,00855.16437,E,1,13,0.9,-11.3,M,44.7,M,,*56
43183 1658404169 0 7 $GNGGA,114929.000,4424.22347,N,00855.16439,E,1,13,0.9,-11.3,M,44.7,M,,*51
43184 1658404170 0 3 2.586 4.980
43185 1658404171 0 4 2.423 1.492
43186 1658404171 0 5 0.40
43187 1658404171 0 6 0.10
43188 1658404171 0 8 4.994 6.648 5.96
43189 1658404171 0 7 $GNGGA,114930.000,4424.22383,N,00855.16501,E,1,13,0.9,-11.4,M,44.7,M,,*5C
43190 1658404171 0 7 $GNGGA,114931.000,4424.22415,N,00855.16502,E,1,13,0.9,-12.2,M,44.7,M,,*53
43191 1658404172 0 7 $GNGGA,114932.000,4424.22456,N,00855.16502,E,1,13,0.9,-12.6,M,44.7,M,,*53
43192 1658404173 0 3 2.587 4.980
43193 1658404173 0 4 2.499 1.492
43194 1658404174 0 5 0.40
43195 1658404174 0 6 0.10
43196 1658404174 0 8 4.994 6.866 6.09
43197 1658404174 0 7 $GNGGA,114933.000,4424.22507,N,00855.16512,E,1,13,0.9,-12.9,M,44.7,M,,*59
43198 1658404174 0 7 $GNGGA,114934.000,4424.22542,N,00855.16520,E,1,13,0.9,-13.5,M,44.7,M,,*53
43199 1658404175 0 7 $GNGGA,114935.000,4424.22546,N,00855.16534,E,1,13,0.9,-14.3,M,44.7,M,,*52
43200 1658404176 0 3 2.586 4.980
43201 1658404176 0 4 2.498 1.490
43202 1658404177 0 5 0.41
43203 1658404177 0 6 0.10
43204 1658404177 0 8 4.994 7.017 6.09
43205 1658404177 0 7 $GNGGA,114936.000,4424.22570,N,00855.16542,E,1,13,0.9,-14.6,M,44.7,M,,*50
43206 1658404177 0 7 $GNGGA,114937.000,4424.22621,N,00855.16544,E,1,13,0.9,-14.9,M,44.7,M,,*5F
43207 1658404178 0 7 $GNGGA,114938.000,4424.22679,N,00855.16536,E,1,13,0.9,-15.5,M,44.7,M,,*55
43208 1658404179 0 3 2.587 4.980
43209 1658404179 0 4 2.476 1.490
43210 1658404180 0 5 0.41
43211 1658404180 0 6 0.11
43212 1658404180 0 8 4.994 6.743 5.96
43213 1658404180 0 7 $GNGGA,114939.000,4424.22749,N,00855.16545,E,1,13,0.9,-15.1,M,44.7,M,,*56
43214 1658404180 0 7 $GNGGA,114940.000,4424.22774,N,00855.16544,E,1,13,0.9,-15.0,M,44.7,M,,*56
43215 1658404181 0 7 $GNGGA,114941.000,4424.22788,N,00855.16540,E,1,13,0.9,-15.0,M,44.7,M,,*50
43216 1658404182 0 3 2.587 4.980
43217 1658404183 0 4 2.496 1.492
43218 1658404183 0 5 0.41
43219 1658404183 0 6 0.11
43220 1658404183 0 8 4.994 6.856 6.09
43221 1658404183 0 7 $GNGGA,114942.000,4424.22810,N,00855.16538,E,1,13,0.9,-14.9,M,44.7,M,,*5A
43222 1658404183 0 7 $GNGGA,114943.000,4424.22827,N,00855.16540,E,1,13,0.9,-14.9,M,44.7,M,,*50
43223 1658404184 0 7 $GNGGA,114944.000,4424.22843,N,00855.16549,E,1,13,0.9,-14.9,M,44.7,M,,*5C
43224 1658404185 0 3 2.587 4.980
43225 1658404185 0 4 2.502 1.490
43226 1658404186 0 5 0.41
43227 1658404186 0 6 0.11
43228 1658404186 0 8 4.994 7.017 6.18
43229 1658404186 0 7 $GNGGA,114945.000,4424.22858,N,00855.16553,E,1,13,0.9,-14.8,M,44.7,M,,*5D
43230 1658404186 0 7 $GNGGA,114946.000,4424.22893,N,00855.16540,E,1,13,0.9,-15.0,M,44.7,M,,*52
43231 1658404187 0 7 $GNGGA,114947.000,4424.22910,N,00855.16538,E,1,13,0.9,-15.0,M,44.7,M,,*56
43232 1658404188 0 3 2.587 4.980
43233 1658404188 0 4 2.495 1.490
43234 1658404189 0 5 0.42
43235 1658404189 0 6 0.11
43236 1658404189 0 8 4.994 6.800 5.96
43237 1658404189 0 7 $GNGGA,114948.000,4424.22929,N,00855.16537,E,1,13,0.9,-15.0,M,44.7,M,,*5C
43238 1658404189 0 7 $GNGGA,114949.000,4424.22943,N,00855.16532,E,1,13,0.9,-14.9,M,44.7,M,,*5C
43239 1658404190 0 7 $GNGGA,114950.000,4424.22988,N,00855.16520,E,1,13,0.9,-15.1,M,44.7,M,,*59
43240 1658404191 0 3 2.587 4.980
43241 1658404192 0 4 2.496 1.490
43242 1658404192 0 5 0.41
43243 1658404192 0 7 $GNGGA,114951.000,4424.23024,N,00855.16514,E,1,13,0.9,-15.1,M,44.7,M,,*51
43244 1658404192 0 7 $GNGGA,114952.000,4424.23048,N,00855.16512,E,1,13,0.9,-14.9,M,44.7,M,,*57
43245 1658404193 0 6 0.12
43246 1658404193 0 8 4.994 6.677 5.96
43247 1658404194 0 7 $GNGGA,114953.000,4424.23073,N,00855.16503,E,1,13,0.9,-14.9,M,44.7,M,,*5E
43248 1658404194 0 3 2.588 4.980
43249 1658404195 0 4 2.489 1.490
43250 1658404195 0 5 0.41
43251 1658404195 0 7 $GNGGA,114954.000,4424.23080,N,00855.16496,E,1,13,0.9,-14.9,M,44.7,M,,*58
43252 1658404195 0 7 $GNGGA,114955.000,4424.23088,N,00855.16493,E,1,13,0.9,-14.9,M,44.7,M,,*54
43253 1658404196 0 6 0.11
43254 1658404196 0 8 4.994 6.838 6.09
43255 1658404197 0 7 $GNGGA,114956.000,4424.23097,N,00855.16486,E,1,13,0.9,-14.8,M,44.7,M,,*5C
43256 1658404197 0 3 2.587 4.980
43257 1658404198 0 4 2.495 1.487
43258 1658404198 0 5 0.42
43259 1658404198 0 7 $GNGGA,114957.000,4424.23107,N,00855.16480,E,1,13,0.9,-14.8,M,44.7,M,,*53
43260 1658404198 0 7 $GNGGA,114958.000,4424.23117,N,00855.16473,E,1,13,0.9,-14.8,M,44.7,M,,*51
43261 1658404199 0 6 0.10
43262 1658404199 0 8 4.994 6.923 6.18
43263 1658404200 0 7 $GNGGA,114959.000,4424.23127,N,00855.16467,E,1,13,0.9,-14.7,M,44.7,M,,*59
43264 1658404200 0 3 2.588 4.980
43265 1658404201 0 4 2.521 1.487
43266 1658404201 0 5 0.41
43267 1658404201 0 7 $GNGGA,115000.000,4424.23155,N,00855.16463,E,1,13,0.9,-14.7,M,44.7,M,,*5C
43268 1658404201 0 7 $GNGGA,115001.000,4424.23164,N,00855.16457,E,1,13,0.9,-14.7,M,44.7,M,,*58
43269 1658404202 0 6 0.10
43270 1658404202 0 8 4.994 6.582 5.96
43271 1658404203 0 7 $GNGGA,115002.000,4424.23169,N,00855.16452,E,1,13,0.9,-14.7,M,44.7,M,,*53
43272 1658404203 0 3 2.362 4.548
43273 1658404204 0 4 2.175 1.500
43274 1658404204 0 5 0.41
43275 1658404204 0 7 $GNGGA,115003.000,4424.23176,N,00855.16446,E,1,13,0.9,-14.7,M,44.7,M,,*59
43276 1658404204 0 7 $GNGGA,115004.000,4424.23183,N,00855.16441,E,1,13,0.9,-14.7,M,44.7,M,,*53
43277 1658404205 0 6 0.10
43278 1658404205 0 8 4.994 6.847 6.07
43279 1658404206 0 7 $GNGGA,115005.000,4424.23208,N,00855.16464,E,1,13,0.9,-14.8,M,44.7,M,,*5A
43280 1658404206 0 3 2.603 4.980
43281 1658404207 0 4 2.561 1.490
43282 1658404207 0 5 0.41
43283 1658404207 0 7 $GNGGA,115006.000,4424.23234,N,00855.16458,E,1,13,0.9,-15.0,M,44.7,M,,*50
43284 1658404207 0 7 $GNGGA,115007.000,4424.23238,N,00855.16453,E,1,13,0.9,-15.1,M,44.7,M,,*57
43285 1658404208 0 6 0.10
43286 1658404208 0 8 4.994 7.008 6.13
43287 1658404209 0 7 $GNGGA,115008.000,4424.23239,N,00855.16449,E,1,13,0.9,-15.1,M,44.7,M,,*52
43288 1658404209 0 3 2.602 4.980
43289 1658404210 0 4 2.558 1.480
43290 1658404210 0 5 0.42
43291 1658404210 0 7 $GNGGA,115009.000,4424.23245,N,00855.16445,E,1,13,0.9,-15.1,M,44.7,M,,*54
43292 1658404210 0 7 $GNGGA,115010.000,4424.23248,N,00855.16441,E,1,13,0.9,-15.0,M,44.7,M,,*54
43293 1658404211 0 6 0.10
43294 1658404211 0 8 4.994 6.572 5.93
43295 1658404212 0 7 $GNGGA,115011.000,4424.23253,N,00855.16437,E,1,13,0.9,-15.0,M,44.7,M,,*5E
43296 1658404212 0 3 2.430 4.798
43297 1658404213 0 4 2.437 1.490
43298 1658404213 0 5 0.42
43299 1658404213 0 7 $GNGGA,115012.000,4424.23258,N,00855.16434,E,1,13,0.9,-14.9,M,44.7,M,,*5D
43300 1658404213 0 7 $GNGGA,115013.000,4424.23263,N,00855.16429,E,1,13,0.9,-14.9,M,44.7,M,,*58
43301 1658404214 0 6 0.10
43303 1658404215 0 7 $GNGGA,115014.000,4424.23265,N,00855.16425,E,1,13,0.9,-14.9,M,44.7,M,,*55
43304 1658404215 0 3 2.603 4.980
43305 1658404216 0 4 2.562 1.540
43306 1658404216 0 5 0.42
43307 1658404216 0 7 $GNGGA,115015.000,4424.23310,N,00855.16435,E,1,13,0.9,-14.6,M,44.7,M,,*59
43308 1658404216 0 7 $GNGGA,115016.000,4424.23314,N,00855.16430,E,1,13,0.9,-14.6,M,44.7,M,,*5B
43309 1658404217 0 6 0.10
43310 1658404217 0 8 4.994 6.998 6.13
43311 1658404218 0 7 $GNGGA,115017.000,4424.23321,N,00855.16426,E,1,13,0.9,-14.6,M,44.7,M,,*5B
43312 1658404218 0 3 2.603 4.980
43313 1658404219 0 4 2.564 1.545
43314 1658404219 0 5 0.42
43315 1658404219 0 7 $GNGGA,115018.000,4424.23328,N,00855.16422,E,1,13,0.9,-14.5,M,44.7,M,,*5A
43316 1658404219 0 7 $GNGGA,115019.000,4424.23331,N,00855.16421,E,1,13,0.9,-14.5,M,44.7,M,,*50
43317 1658404220 0 6 0.11
43318 1658404220 0 8 4.994 6.648 5.96
43319 1658404221 0 7 $GNGGA,115020.000,4424.23338,N,00855.16423,E,1,13,0.9,-14.5,M,44.7,M,,*51
43320 1658404221 0 3 2.532 4.846
43321 1658404222 0 4 2.434 1.522
43322 1658404222 0 7 $GNGGA,115021.000,4424.23344,N,00855.16425,E,1,13,0.9,-14.5,M,44.7,M,,*5D
43323 1658404222 0 7 $GNGGA,115022.000,4424.23348,N,00855.16424,E,1,13,0.9,-14.5,M,44.7,M,,*53
43324 1658404223 0 6 0.10
43325 1658404223 0 8 4.994 6.828 6.02
43326 1658404224 0 7 $GNGGA,115023.000,4424.23355,N,00855.16425,E,1,13,0.9,-14.5,M,44.7,M,,*5F
43327 1658404224 0 3 2.603 4.980
43328 1658404225 0 4 2.556 1.522
43329 1658404225 0 5 0.43
43330 1658404225 0 7 $GNGGA,115024.000,4424.23362,N,00855.16427,E,1,13,0.9,-14.4,M,44.7,M,,*5F
43331 1658404225 0 7 $GNGGA,115025.000,4424.23370,N,00855.16428,E,1,13,0.9,-14.4,M,44.7,M,,*52
43332 1658404226 0 6 0.10
43333 1658404226 0 8 4.994 6.989 6.11
43334 1658404227 0 7 $GNGGA,115026.000,4424.23377,N,00855.16429,E,1,13,0.9,-14.4,M,44.7,M,,*57
43335 1658404227 0 3 2.593 4.810
43336 1658404228 0 4 2.554 1.525
43337 1658404228 0 5 0.43
43338 1658404228 0 7 $GNGGA,115027.000,4424.23383,N,00855.16427,E,1,13,0.9,-14.4,M,44.7,M,,*53
43339 1658404228 0 7 $GNGGA,115028.000,4424.23389,N,00855.16424,E,1,13,0.9,-14.3,M,44.7,M,,*52
43340 1658404229 0 6 0.11
43341 1658404229 0 8 4.994 6.705 5.96
43342 1658404230 0 7 $GNGGA,115029.000,4424.23430,N,00855.16428,E,1,13,0.9,-13.8,M,44.7,M,,*56
43343 1658404230 0 3 2.407 4.594
43344 1658404231 0 4 2.438 1.527
43345 1658404231 0 5 0.43
43346 1658404231 0 7 $GNGGA,115030.000,4424.23438,N,00855.16426,E,1,13,0.9,-13.9,M,44.7,M,,*59
43347 1658404231 0 7 $GNGGA,115031.000,4424.23454,N,00855.16422,E,1,13,0.9,-13.8,M,44.7,M,,*57
43348 1658404232 0 6 0.11
43349 1658404232 0 8 4.994 6.800 6.02
43350 1658404233 0 7 $GNGGA,115032.000,4424.23465,N,00855.16419,E,1,13,0.9,-13.8,M,44.7,M,,*5E
43351 1658404233 0 3 2.603 4.980
43352 1658404234 0 4 2.559 1.528
43353 1658404234 0 5 0.43
43354 1658404234 0 7 $GNGGA,115033.000,4424.23483,N,00855.16412,E,1,13,0.9,-13.8,M,44.7,M,,*5C
43355 1658404234 0 7 $GNGGA,115034.000,4424.23491,N,00855.16409,E,1,13,0.9,-13.7,M,44.7,M,,*5D
43356 1658404235 0 6 0.11
43357 1658404235 0 8 4.994 6.942 6.11
43358 1658404236 0 7 $GNGGA,115035.000,4424.23506,N,00855.16405,E,1,13,0.9,-13.7,M,44.7,M,,*5F
43359 1658404236 0 3 2.603 4.980
43360 1658404237 0 4 2.562 1.527
43361 1658404237 0 5 0.43
43362 1658404237 0 7 $GNGGA,115036.000,4424.23516,N,00855.16402,E,1,13,0.9,-13.6,M,44.7,M,,*5B
43363 1658404237 0 7 $GNGGA,115037.000,4424.23533,N,00855.16397,E,1,13,0.9,-13.5,M,44.7,M,,*55
43364 1658404238 0 6 0.11
43365 1658404238 0 8 4.994 6.752 5.96
43366 1658404239 0 7 $GNGGA,115038.000,4424.23546,N,00855.16394,E,1,13,0.9,-13.5,M,44.7,M,,*5B
43367 1658404239 0 3 2.572 4.908
43368 1658404240 0 4 2.440 1.530
43369 1658404240 0 5 0.43
43370 1658404240 0 7 $GNGGA,115039.000,4424.23560,N,00855.16394,E,1,13,0.9,-13.4,M,44.7,M,,*5F
43371 1658404240 0 7 $GNGGA,115040.000,4424.23571,N,00855.16392,E,1,13,0.9,-13.3,M,44.7,M,,*50
43372 1658404241 0 6 0.11
43373 1658404241 0 8 4.994 6.800 6.02
43374 1658404242 0 7 $GNGGA,115041.000,4424.23585,N,00855.16393,E,1,13,0.9,-13.3,M,44.7,M,,*5B
43375 1658404242 0 3 2.604 4.980
43376 1658404243 0 4 2.557 1.530
43377 1658404243 0 5 0.43
43378 1658404243 0 7 $GNGGA,115042.000,4424.23600,N,00855.16394,E,1,13,0.9,-13.2,M,44.7,M,,*50
43379 1658404243 0 7 $GNGGA,115043.000,4424.23612,N,00855.16394,E,1,13,0.9,-13.1,M,44.7,M,,*51
43380 1658404244 0 6 0.11
43381 1658404244 0 8 4.994 6.942 6.09
43382 1658404245 0 7 $GNGGA,115044.000,4424.23628,N,00855.16392,E,1,13,0.9,-13.0,M,44.7,M,,*58
43383 1658404245 0 3 2.603 4.980
43384 1658404246 0 4 2.557 1.530
43385 1658404246 0 5 0.43
43386 1658404246 0 7 $GNGGA,115045.000,4424.23640,N,00855.16393,E,1,13,0.9,-12.9,M,44.7,M,,*5E
43387 1658404246 0 7 $GNGGA,115046.000,4424.23655,N,00855.16394,E,1,13,0.9,-12.8,M,44.7,M,,*5F
43388 1658404247 0 6 0.11
43389 1658404247 0 8 4.994 6.762 6.02
43390 1658404248 0 7 $GNGGA,115047.000,4424.23665,N,00855.16394,E,1,13,0.9,-12.7,M,44.7,M,,*52
43391 1658404248 0 3 2.498 4.777
43392 1658404249 0 4 2.475 1.530
43393 1658404249 0 5 0.44
43394 1658404249 0 7 $GNGGA,115048.000,4424.23681,N,00855.16395,E,1,13,0.9,-12.6,M,44.7,M,,*57
43395 1658404249 0 7 $GNGGA,115049.000,4424.23692,N,00855.16394,E,1,13,0.9,-12.6,M,44.7,M,,*55
43396 1658404250 0 6 0.11
43397 1658404250 0 8 4.994 6.800 6.02
43398 1658404251 0 7 $GNGGA,115050.000,4424.23706,N,00855.16395,E,1,13,0.9,-12.5,M,44.7,M,,*53
43399 1658404251 0 3 2.604 4.980
43400 1658404252 0 4 2.558 1.532
43401 1658404252 0 7 $GNGGA,115051.000,4424.23718,N,00855.16393,E,1,13,0.9,-12.4,M,44.7,M,,*5A
43402 1658404252 0 7 $GNGGA,115052.000,4424.23732,N,00855.16389,E,1,13,0.9,-12.3,M,44.7,M,,*5D
43403 1658404253 0 5 0.44
43404 1658404253 0 6 0.11
43405 1658404254 0 8 4.994 6.250 6.09
43406 1658404254 0 7 $GNGGA,115053.000,4424.23740,N,00855.16388,E,1,13,0.9,-12.3,M,44.7,M,,*58
43407 1658404254 0 3 2.604 4.980
43408 1658404255 0 4 2.558 1.527
43409 1658404255 0 7 $GNGGA,115054.000,4424.23751,N,00855.16385,E,1,13,0.9,-12.2,M,44.7,M,,*53
43410 1658404255 0 7 $GNGGA,115055.000,4424.23759,N,00855.16382,E,1,13,0.9,-12.1,M,44.7,M,,*5E
43411 1658404256 0 5 0.44
43412 1658404256 0 6 0.11
43413 1658404257 0 8 4.994 6.724 5.98
43414 1658404257 0 7 $GNGGA,115056.000,4424.23769,N,00855.16382,E,1,13,0.9,-12.1,M,44.7,M,,*5E
43415 1658404257 0 3 2.527 4.837
43416 1658404258 0 4 2.406 1.528
43417 1658404258 0 7 $GNGGA,115057.000,4424.23776,N,00855.16384,E,1,13,0.9,-12.0,M,44.7,M,,*56
43418 1658404258 0 7 $GNGGA,115058.000,4424.23781,N,00855.16384,E,1,13,0.9,-12.0,M,44.7,M,,*51
43419 1658404259 0 5 0.44
43420 1658404259 0 6 0.11
43421 1658404260 0 8 4.994 6.838 6.00
43422 1658404260 0 7 $GNGGA,115059.000,4424.23789,N,00855.16385,E,1,13,0.9,-11.9,M,44.7,M,,*53
43423 1658404260 0 3 2.604 4.980
43424 1658404261 0 4 2.555 1.532
43425 1658404261 0 7 $GNGGA,115100.000,4424.23796,N,00855.16387,E,1,13,0.9,-11.9,M,44.7,M,,*52
43426 1658404261 0 7 $GNGGA,115101.000,4424.23801,N,00855.16389,E,1,13,0.9,-11.8,M,44.7,M,,*5D
43427 1658404262 0 5 0.44
43428 1658404262 0 6 0.11
43429 1658404263 0 8 4.994 6.497 6.04
1544 1658406017 0 4 2.581 1.374
1545 1658406017 0 5 0.49
1546 1658406017 0 6 0.14
1547 1658406018 0 8 4.997 12.210 11.89
1548 1658406018 0 1 0.592
1549 1658406018 0 0 27.71 8.21 156.4 67.80 120.3 7.37 20.3 0.0 670.9 0.90 46.13 1.5
1550 1658406018 0 7 $GNGGA,122016.000,4424.20210,N,00855.14325,E,1,14,0.8,5.9,M,44.7,M,,*4C
1551 1658406020 0 3 2.595 4.978
1552 1658406020 0 4 2.577 1.371
1553 1658406020 0 5 0.48
1554 1658406020 0 6 0.13
1555 1658406020 0 8 4.997 12.220 11.91
1556 1658406020 0 1 0.780
1557 1658406021 0 0 27.75 8.21 155.9 67.73 120.5 7.38 20.2 0.0 660.0 0.92 46.07 1.5
1558 1658406021 0 7 $GNGGA,122019.000,4424.20189,N,00855.14350,E,1,14,0.8,5.8,M,44.7,M,,*43
1559 1658406022 0 7 $GNGGA,122021.000,4424.20174,N,00855.14366,E,1,14,0.8,5.8,M,44.7,M,,*4F
1560 1658406023 0 3 2.594 4.978
1561 1658406023 0 4 2.573 1.374
1562 1658406023 0 5 0.48
1563 1658406023 0 6 0.13
1564 1658406023 0 8 4.997 12.229 11.91
1565 1658406023 0 1 0.591
1566 1658406024 0 0 27.72 8.21 155.5 67.81 121.9 7.47 20.1 0.0 656.2 0.94 46.14 1.5
1567 1658406024 0 7 $GNGGA,122022.000,4424.20170,N,00855.14375,E,1,14,0.8,5.8,M,44.7,M,,*4A
1568 1658406025 0 7 $GNGGA,122024.000,4424.20152,N,00855.14390,E,1,14,0.8,5.8,M,44.7,M,,*47
1569 1658406026 0 3 2.594 4.978
1570 1658406026 0 4 2.581 1.391
1571 1658406026 0 5 0.48
1572 1658406026 0 6 0.13
1573 1658406026 0 8 4.997 12.220 11.89
1574 1658406026 0 1 1.402
1575 1658406027 0 0 27.75 8.21 155.1 67.78 122.7 7.51 20.0 0.0 649.1 0.88 46.11 1.5
1576 1658406027 0 7 $GNGGA,122025.000,4424.20145,N,00855.14397,E,1,14,0.8,5.8,M,44.7,M,,*47
1577 1658406028 0 7 $GNGGA,122027.000,4424.20129,N,00855.14413,E,1,14,0.8,5.7,M,44.7,M,,*4B
1578 1658406029 0 3 2.593 4.978
1579 1658406029 0 4 2.581 1.391
1580 1658406029 0 5 0.48
1581 1658406029 0 6 0.13
1582 1658406029 0 8 4.997 12.220 11.91
1583 1658406029 0 1 0.576
1584 1658406030 0 0 27.75 8.21 154.7 67.77 123.3 7.55 19.9 0.0 645.8 0.90 46.11 1.5
1585 1658406030 0 7 $GNGGA,122028.000,4424.20122,N,00855.14422,E,1,14,0.8,5.7,M,44.7,M,,*4D
1586 1658406031 0 7 $GNGGA,122030.000,4424.20110,N,00855.14438,E,1,14,0.8,5.6,M,44.7,M,,*4F
1587 1658406032 0 3 2.594 4.978
1588 1658406032 0 4 2.581 1.389
1589 1658406032 0 5 0.48
1590 1658406032 0 6 0.13
1591 1658406032 0 8 4.997 12.220 11.89
1592 1658406033 0 1 0.648
1593 1658406033 0 0 27.75 8.20 154.4 67.79 123.5 7.56 19.8 0.0 630.9 0.89 46.12 1.5
1594 1658406033 0 7 $GNGGA,122031.000,4424.20105,N,00855.14445,E,1,14,0.8,5.6,M,44.7,M,,*40
1595 1658406035 0 3 2.593 4.978
1596 1658406035 0 4 2.579 1.386
1597 1658406035 0 5 0.47
1598 1658406035 0 6 0.13
1599 1658406035 0 8 4.997 12.220 11.91
1600 1658406035 0 1 0.547
1601 1658406036 0 0 27.70 8.20 154.1 67.84 123.6 7.58 19.8 0.0 627.7 0.91 46.16 1.5
1602 1658406036 0 7 $GNGGA,122034.000,4424.20095,N,00855.14457,E,1,14,0.8,5.5,M,44.7,M,,*4D
1603 1658406037 0 7 $GNGGA,122036.000,4424.20088,N,00855.14463,E,1,14,0.8,5.5,M,44.7,M,,*44
1604 1658406038 0 3 2.592 4.978
1605 1658406038 0 4 2.576 1.396
1606 1658406038 0 2 nan 17.28599929 0.96420001 0.13300000 0.15520000 0.00210000 0.15230000 nan 1.00000000 70.42800140
1607 1658406038 0 0 27.60 8.21 153.8 67.77 123.8 7.60 19.7 0.0 621.8 0.90 46.11 1.5
1608 1658406039 0 7 $GNGGA,122037.000,4424.20087,N,00855.14467,E,1,14,0.8,5.5,M,44.7,M,,*4E
1609 1658406040 0 7 $GNGGA,122039.000,4424.20079,N,00855.14478,E,1,14,0.8,5.6,M,44.7,M,,*4C
1610 1658406041 0 3 2.593 4.978
1611 1658406041 0 4 2.577 1.396
1612 1658406041 0 5 0.47
1613 1658406041 0 6 0.13
1614 1658406041 0 8 4.997 12.220 11.91
1615 1658406041 0 1 0.514
1616 1658406042 0 0 27.68 8.21 153.5 67.72 123.9 7.60 19.6 0.0 599.8 0.91 46.07 1.5
1617 1658406042 0 7 $GNGGA,122040.000,4424.20074,N,00855.14482,E,1,14,0.8,5.6,M,44.7,M,,*4A
1618 1658406043 0 7 $GNGGA,122042.000,4424.20065,N,00855.14487,E,1,14,0.8,5.6,M,44.7,M,,*4D
1619 1658406044 0 3 2.593 4.978
1620 1658406044 0 4 2.583 1.394
1621 1658406044 0 5 0.47
1622 1658406044 0 6 0.13
1623 1658406044 0 8 4.997 12.210 11.89
1624 1658406044 0 1 0.568
1625 1658406045 0 0 27.71 8.21 153.2 67.76 124.0 7.60 19.5 0.0 590.6 0.89 46.09 1.5
1626 1658406045 0 7 $GNGGA,122043.000,4424.20060,N,00855.14490,E,1,14,0.8,5.6,M,44.7,M,,*4F
1627 1658406047 0 3 2.593 4.978
1628 1658406047 0 4 2.582 1.443
1629 1658406047 0 5 0.46
1630 1658406047 0 6 0.12
1631 1658406047 0 8 4.997 12.210 11.89
1632 1658406048 0 1 0.748
1633 1658406048 0 0 27.72 8.20 153.0 67.80 124.2 7.61 19.4 0.0 579.9 0.92 46.13 1.5
1634 1658406048 0 7 $GNGGA,122046.000,4424.20045,N,00855.14494,E,1,14,0.8,5.5,M,44.7,M,,*4A
1635 1658406050 0 3 2.593 4.978
1636 1658406050 0 4 2.576 1.458
1637 1658406050 0 5 0.46
1638 1658406050 0 6 0.12
1639 1658406050 0 8 4.997 12.220 11.89
1640 1658406050 0 1 0.533
1641 1658406051 0 0 27.73 8.20 152.7 67.73 124.2 7.61 19.4 0.0 569.8 0.94 46.07 1.5
1642 1658406051 0 7 $GNGGA,122049.000,4424.20028,N,00855.14502,E,1,14,0.8,5.5,M,44.7,M,,*40
1643 1658406052 0 7 $GNGGA,122051.000,4424.20017,N,00855.14512,E,1,14,0.8,5.4,M,44.7,M,,*45
1644 1658406053 0 3 2.591 4.978
1645 1658406053 0 4 2.571 1.469
1646 1658406053 0 5 0.46
1647 1658406053 0 6 0.12
1648 1658406053 0 8 4.997 12.210 11.91
1649 1658406053 0 1 1.431
1650 1658406054 0 0 27.73 8.21 152.5 67.79 124.4 7.62 19.3 0.0 559.6 0.94 46.12 1.5
1651 1658406054 0 7 $GNGGA,122052.000,4424.20013,N,00855.14513,E,1,14,0.8,5.4,M,44.7,M,,*43
1652 1658406056 0 3 2.593 4.978
1653 1658406056 0 4 2.573 1.466
1654 1658406056 0 5 0.46
1655 1658406056 0 6 0.12
1656 1658406056 0 8 4.997 12.210 11.89
1657 1658406056 0 1 0.554
1658 1658406057 0 0 27.71 8.21 152.2 67.81 124.7 7.64 19.3 0.0 548.9 0.92 46.14 1.5
1659 1658406057 0 7 $GNGGA,122055.000,4424.19982,N,00855.14539,E,1,14,0.8,5.5,M,44.7,M,,*46
1660 1658406058 0 7 $GNGGA,122057.000,4424.19966,N,00855.14554,E,1,14,0.8,5.4,M,44.7,M,,*44
1661 1658406059 0 3 2.591 4.978
1662 1658406059 0 4 2.576 1.461
1663 1658406059 0 5 0.45
1664 1658406059 0 6 0.12
1665 1658406059 0 8 4.997 12.191 11.91
1666 1658406059 0 1 0.469
1667 1658406060 0 0 27.72 8.21 152.1 67.79 124.8 7.65 19.3 0.0 539.3 0.93 46.12 1.5
1668 1658406060 0 7 $GNGGA,122058.000,4424.19957,N,00855.14562,E,1,14,0.8,5.4,M,44.7,M,,*4C
1669 1658406061 0 7 $GNGGA,122100.000,4424.19935,N,00855.14580,E,1,14,0.8,5.4,M,44.7,M,,*48
1670 1658406062 0 3 2.594 4.978
1671 1658406062 0 4 2.586 1.466
1672 1658406062 0 5 0.45
1673 1658406062 0 6 0.12
1674 1658406062 0 8 4.997 12.126 11.91
1675 1658406063 0 1 0.458
1676 1658406063 0 0 27.73 8.21 151.8 67.78 125.0 7.66 19.2 0.0 529.8 0.80 46.11 1.5
1677 1658406063 0 7 $GNGGA,122101.000,4424.19926,N,00855.14587,E,1,14,0.8,5.4,M,44.7,M,,*4C
1678 1658406065 0 3 2.592 4.978
1679 1658406065 0 4 2.571 1.466
1680 1658406065 0 5 0.45
1681 1658406065 0 6 0.12
1682 1658406065 0 8 4.997 12.135 11.89
1683 1658406065 0 1 0.606
1684 1658406066 0 0 27.72 8.21 151.6 67.78 125.2 7.67 19.1 0.0 520.3 0.94 46.11 1.4
1685 1658406066 0 7 $GNGGA,122104.000,4424.19899,N,00855.14614,E,1,14,0.8,5.3,M,44.7,M,,*42
1686 1658406067 0 7 $GNGGA,122106.000,4424.19887,N,00855.14634,E,1,14,0.8,5.4,M,44.7,M,,*4A
1687 1658406068 0 3 2.592 4.978
1688 1658406068 0 4 2.578 1.464
1689 1658406068 0 5 0.45
1690 1658406068 0 6 0.12
1691 1658406068 0 8 4.997 12.126 11.91
1692 1658406068 0 1 0.685
1693 1658406069 0 0 27.70 8.21 151.4 67.76 125.3 7.68 19.1 0.0 511.1 0.91 46.10 1.4
1694 1658406069 0 7 $GNGGA,122107.000,4424.19882,N,00855.14640,E,1,14,0.8,5.4,M,44.7,M,,*4D
1695 1658406071 0 3 2.593 4.978
1696 1658406071 0 4 2.578 1.459
1697 1658406071 0 5 0.45
1698 1658406071 0 6 0.12
1699 1658406071 0 8 4.997 12.135 11.91
1700 1658406071 0 1 0.601
1701 1658406072 0 0 27.68 8.21 151.2 67.77 125.5 7.69 19.0 0.0 501.6 0.93 46.11 1.4
1702 1658406072 0 7 $GNGGA,122110.000,4424.19860,N,00855.14656,E,1,14,0.8,5.3,M,44.7,M,,*47
1703 1658406073 0 7 $GNGGA,122112.000,4424.19849,N,00855.14666,E,1,14,0.8,5.3,M,44.7,M,,*4D
1704 1658406074 0 3 2.593 4.978
1705 1658406074 0 4 2.578 1.466
1706 1658406074 0 5 0.45
1707 1658406074 0 6 0.12
1708 1658406074 0 8 4.997 12.126 11.91
1709 1658406074 0 1 0.786
1710 1658406075 0 0 27.67 8.21 151.0 67.78 125.7 7.71 19.0 0.0 492.8 0.96 46.11 1.4
1711 1658406075 0 7 $GNGGA,122113.000,4424.19843,N,00855.14669,E,1,14,0.8,5.3,M,44.7,M,,*49
1712 1658406076 0 7 $GNGGA,122115.000,4424.19833,N,00855.14674,E,1,14,0.8,5.3,M,44.7,M,,*44
1713 1658406077 0 3 2.593 4.978
1714 1658406077 0 4 2.575 1.464
1715 1658406077 0 5 0.45
1716 1658406077 0 6 0.12
1717 1658406077 0 8 4.997 12.126 11.89
1718 1658406078 0 1 0.600
1719 1658406078 0 0 27.68 8.21 150.8 67.81 125.8 7.72 18.9 0.0 484.8 0.98 46.13 1.4
1720 1658406078 0 7 $GNGGA,122116.000,4424.19825,N,00855.14679,E,1,14,0.8,5.2,M,44.7,M,,*4C
1721 1658406080 0 3 2.593 4.978
1722 1658406080 0 4 2.579 1.521
1723 1658406080 0 5 0.44
1724 1658406080 0 6 0.12
1725 1658406080 0 8 4.997 12.144 11.91
1726 1658406080 0 1 1.409
1727 1658406081 0 0 27.67 8.21 150.6 67.86 126.0 7.72 18.9 0.0 476.5 0.95 46.17 1.4
1728 1658406081 0 7 $GNGGA,122119.000,4424.19810,N,00855.14688,E,1,14,0.8,5.1,M,44.7,M,,*48
1729 1658406082 0 7 $GNGGA,122121.000,4424.19801,N,00855.14693,E,1,14,0.8,5.1,M,44.7,M,,*49
1730 1658406083 0 3 2.593 4.978
1731 1658406083 0 4 2.581 1.496
1732 1658406083 0 5 0.44
1733 1658406083 0 6 0.12
1734 1658406083 0 8 4.997 12.144 11.91
1735 1658406083 0 1 0.643
1736 1658406084 0 0 27.67 8.21 150.5 67.85 126.0 7.73 18.8 0.0 467.6 0.94 46.17 1.4
1737 1658406084 0 7 $GNGGA,122122.000,4424.19794,N,00855.14696,E,1,14,0.8,5.1,M,44.7,M,,*4C
1738 1658406086 0 3 2.592 4.978
1739 1658406086 0 4 2.571 1.503
1740 1658406086 0 5 0.44
1741 1658406086 0 6 0.12
1742 1658406086 0 8 4.997 12.126 11.91
1743 1658406086 0 1 0.603
1744 1658406087 0 0 27.70 8.21 150.3 67.79 126.1 7.73 18.8 0.0 458.9 0.98 46.12 1.4
1745 1658406087 0 7 $GNGGA,122125.000,4424.19773,N,00855.14710,E,1,14,0.8,5.0,M,44.7,M,,*4C
1746 1658406088 0 7 $GNGGA,122127.000,4424.19761,N,00855.14719,E,1,14,0.8,5.0,M,44.7,M,,*44
1747 1658406089 0 3 2.591 4.978
1748 1658406089 0 4 2.573 1.513
1749 1658406089 0 5 0.44
1750 1658406089 0 6 0.12
1751 1658406089 0 8 4.997 12.135 11.91
1752 1658406089 0 1 0.615
1753 1658406090 0 0 27.70 8.21 150.1 67.75 126.3 7.74 18.8 0.0 452.8 0.95 46.09 1.4
1754 1658406090 0 7 $GNGGA,122128.000,4424.19756,N,00855.14722,E,1,14,0.8,4.9,M,44.7,M,,*4F
1755 1658406091 0 7 $GNGGA,122130.000,4424.19746,N,00855.14727,E,1,14,0.8,4.9,M,44.7,M,,*42
1756 1658406092 0 3 2.601 4.978
1757 1658406092 0 4 2.602 1.511
1758 1658406092 0 5 0.44
1759 1658406092 0 6 0.12
1760 1658406092 0 8 4.997 12.135 11.91
1761 1658406093 0 1 0.636
1762 1658406093 0 0 27.70 8.21 150.0 67.78 126.3 7.74 18.7 0.0 446.2 0.93 46.12 1.4
1763 1658406093 0 7 $GNGGA,122131.000,4424.19742,N,00855.14731,E,1,14,0.8,4.9,M,44.7,M,,*40
1764 1658406095 0 3 2.774 4.978
1765 1658406095 0 4 2.620 1.583
1766 1658406095 0 5 0.44
1769 1658406095 0 1 0.527
1770 1658406096 0 0 27.71 8.21 149.8 67.77 126.4 7.75 18.7 0.0 442.2 1.69 46.11 1.4
1771 1658406096 0 7 $GNGGA,122134.000,4424.19724,N,00855.14742,E,1,14,0.8,4.8,M,44.7,M,,*40
1772 1658406097 0 7 $GNGGA,122136.000,4424.19713,N,00855.14746,E,1,14,0.8,4.7,M,44.7,M,,*4D
1773 1658406098 0 3 2.809 4.978
1774 1658406098 0 4 2.624 1.551
1775 1658406098 0 5 0.44
1776 1658406098 0 6 0.12
1777 1658406098 0 8 4.997 12.201 11.89
1778 1658406098 0 1 0.727
1779 1658406099 0 0 27.63 8.20 149.7 67.87 126.5 7.76 18.8 0.0 445.1 2.68 46.19 1.4
1780 1658406099 0 7 $GNGGA,122137.000,4424.19708,N,00855.14749,E,1,14,0.8,4.7,M,44.7,M,,*49
1781 1658406101 0 3 2.810 4.978
1782 1658406101 0 4 2.627 1.551
1783 1658406101 0 5 0.44
1784 1658406101 0 6 0.11
1785 1658406101 0 8 4.997 12.004 11.89
1786 1658406101 0 1 1.570
1787 1658406102 0 0 27.17 8.21 149.5 68.03 126.6 7.82 19.2 0.0 484.2 3.70 46.32 1.4
1788 1658406102 0 7 $GNGGA,122140.000,4424.19698,N,00855.14761,E,1,14,0.8,4.6,M,44.7,M,,*4A
1789 1658406103 0 7 $GNGGA,122142.000,4424.19689,N,00855.14774,E,1,13,0.8,4.5,M,44.7,M,,*48
1790 1658406104 0 3 2.812 4.978
1791 1658406104 0 4 2.629 1.549
1792 1658406104 0 5 0.44
1793 1658406104 0 6 0.11
1794 1658406104 0 8 4.997 12.238 11.89
1795 1658406104 0 1 1.900
1796 1658406105 0 0 26.26 8.22 149.5 67.78 126.5 7.94 19.3 0.0 492.5 4.84 46.16 1.3
1797 1658406105 0 7 $GNGGA,122143.000,4424.19687,N,00855.14777,E,1,13,0.8,4.5,M,44.7,M,,*44
1798 1658406106 0 7 $GNGGA,122145.000,4424.19682,N,00855.14784,E,1,14,0.8,4.4,M,44.7,M,,*4D
1799 1658406107 0 3 2.814 4.978
1800 1658406107 0 4 2.630 1.551
1801 1658406107 0 5 0.44
1802 1658406107 0 6 0.11
1803 1658406108 0 8 4.997 12.229 11.82
1804 1658406108 0 1 3.325
1805 1658406108 0 0 25.94 8.22 149.4 67.62 126.3 7.97 19.3 0.0 489.3 5.98 46.04 1.3
1806 1658406108 0 7 $GNGGA,122146.000,4424.19678,N,00855.14789,E,1,14,0.8,4.4,M,44.7,M,,*46
1807 1658406110 0 3 2.815 4.978
1808 1658406110 0 4 2.630 1.551
1809 1658406110 0 5 0.43
1810 1658406110 0 6 0.11
1811 1658406110 0 8 4.997 12.032 11.89
1812 1658406110 0 1 2.924
1813 1658406111 0 0 25.70 8.22 149.3 67.41 126.5 8.02 19.3 0.0 486.1 7.50 45.88 1.3
1814 1658406111 0 7 $GNGGA,122149.000,4424.19667,N,00855.14807,E,1,14,0.8,4.3,M,44.7,M,,*49
1815 1658406112 0 7 $GNGGA,122151.000,4424.19658,N,00855.14822,E,1,14,0.8,4.2,M,44.7,M,,*4A
1816 1658406113 0 3 2.814 4.978
1817 1658406113 0 4 2.631 1.546
1818 1658406113 0 5 0.43
1819 1658406113 0 6 0.11
1820 1658406113 0 8 4.997 12.370 11.91
1821 1658406113 0 1 3.478
1822 1658406114 0 0 25.51 8.23 149.1 67.36 126.5 8.05 19.2 0.0 480.7 8.20 45.85 1.3
1823 1658406114 0 7 $GNGGA,122152.000,4424.19653,N,00855.14830,E,1,14,0.8,4.2,M,44.7,M,,*41
1824 1658406116 0 3 2.818 4.978
1827 1658406116 0 6 0.11
1828 1658406116 0 8 4.997 12.351 11.89
1829 1658406116 0 1 4.039
1830 1658406117 0 0 25.37 8.22 149.1 67.49 126.6 8.07 19.2 0.0 475.4 9.35 45.96 1.3
1831 1658406117 0 7 $GNGGA,122155.000,4424.19639,N,00855.14853,E,1,14,0.8,4.2,M,44.7,M,,*4F
1832 1658406118 0 7 $GNGGA,122157.000,4424.19629,N,00855.14866,E,1,14,0.8,4.1,M,44.7,M,,*49
1838 1658406119 0 1 4.721
1839 1658406120 0 0 24.75 8.22 149.2 67.46 126.8 8.16 19.4 0.0 490.1 10.51 45.95 1.2
1840 1658406120 0 7 $GNGGA,122158.000,4424.19623,N,00855.14877,E,1,14,0.8,4.1,M,44.7,M,,*4C
1841 1658406121 0 7 $GNGGA,122200.000,4424.19615,N,00855.14888,E,1,14,0.8,4.1,M,44.7,M,,*47
1842 1658406122 0 3 2.819 4.978
1843 1658406122 0 4 2.630 1.544
1844 1658406122 0 5 0.42
1845 1658406122 0 6 0.11
1846 1658406122 0 8 4.997 12.248 11.91
1847 1658406123 0 1 5.094
1848 1658406123 0 0 24.55 8.22 149.2 67.35 127.1 8.21 19.3 0.0 481.9 11.30 45.87 1.2
1849 1658406123 0 7 $GNGGA,122201.000,4424.19609,N,00855.14895,E,1,14,0.8,4.0,M,44.7,M,,*46
1850 1658406125 0 3 2.819 4.978
1851 1658406125 0 4 2.631 1.546
1852 1658406125 0 5 0.42
1853 1658406125 0 6 0.11
1854 1658406125 0 8 4.997 12.248 11.91
1855 1658406125 0 1 5.639
1856 1658406126 0 0 24.49 8.22 149.1 67.30 127.3 8.23 19.1 0.0 461.6 11.31 45.83 1.2
1857 1658406126 0 7 $GNGGA,122204.000,4424.19594,N,00855.14910,E,1,14,0.8,4.0,M,44.7,M,,*48
1858 1658406127 0 7 $GNGGA,122206.000,4424.19587,N,00855.14919,E,1,14,0.8,4.0,M,44.7,M,,*41
1859 1658406128 0 3 2.816 4.978
1860 1658406128 0 4 2.630 1.544
1861 1658406128 0 2 nan 17.28599929 0.96420001 0.13300000 0.15520000 0.00210000 0.15230000 nan 1.00000000 70.42800140
1862 1658406128 0 0 24.57 8.22 149.1 67.26 130.8 8.45 19.0 0.0 443.9 11.09 45.79 1.2
1863 1658406129 0 7 $GNGGA,122207.000,4424.19583,N,00855.14925,E,1,14,0.8,3.9,M,44.7,M,,*45
1864 1658406130 0 7 $GNGGA,122209.000,4424.19579,N,00855.14933,E,1,14,0.8,3.9,M,44.7,M,,*49
1865 1658406131 0 3 2.815 4.978
1866 1658406131 0 4 2.630 1.544
1867 1658406131 0 5 0.40
1868 1658406131 0 6 0.11
1869 1658406131 0 8 4.997 12.238 11.91
1870 1658406132 0 1 5.536
1871 1658406132 0 0 24.66 8.22 149.0 67.26 131.0 8.45 18.8 0.0 429.8 10.27 45.79 1.2
1872 1658406132 0 7 $GNGGA,122210.000,4424.19577,N,00855.14935,E,1,14,0.8,3.9,M,44.7,M,,*49
1875 1658406134 0 5 0.40
1876 1658406134 0 6 0.10
1877 1658406134 0 8 4.997 12.238 11.89
1878 1658406134 0 1 5.328
1879 1658406135 0 0 24.76 8.22 149.0 67.27 131.3 8.46 18.7 0.0 411.9 8.96 45.80 1.2
1880 1658406135 0 7 $GNGGA,122213.000,4424.19571,N,00855.14938,E,1,14,0.8,3.8,M,44.7,M,,*40
1881 1658406136 0 7 $GNGGA,122215.000,4424.19566,N,00855.14944,E,1,14,0.8,3.8,M,44.7,M,,*4B
1882 1658406137 0 3 2.814 4.978
1883 1658406137 0 4 2.626 1.544
1884 1658406137 0 5 0.39
1885 1658406137 0 6 0.10
1886 1658406138 0 8 4.997 12.248 11.91
1887 1658406138 0 1 4.505
1888 1658406138 0 0 25.24 8.22 148.8 67.03 131.8 8.43 18.4 0.0 379.7 7.65 45.60 1.2
1890 1658406140 0 3 2.814 4.978
1891 1658406140 0 4 2.626 1.546
1892 1658406140 0 5 0.39
1893 1658406140 0 6 0.10
1894 1658406140 0 8 4.997 12.238 11.91
1895 1658406140 0 1 3.854
1896 1658406141 0 0 25.49 8.22 148.6 67.22 132.2 8.42 18.3 0.0 364.5 6.86 45.74 1.2
1897 1658406141 0 7 $GNGGA,122219.000,4424.19561,N,00855.14954,E,1,14,0.8,3.7,M,44.7,M,,*4E
1898 1658406142 0 7 $GNGGA,122221.000,4424.19558,N,00855.14961,E,1,14,0.8,3.6,M,44.7,M,,*48
1899 1658406143 0 3 2.814 4.978
1900 1658406143 0 4 2.626 1.541
1901 1658406143 0 5 0.38
1902 1658406143 0 6 0.10
1903 1658406143 0 8 4.997 12.238 11.91
1904 1658406143 0 1 2.958
1905 1658406144 0 0 25.71 8.23 148.4 67.26 132.8 8.42 18.2 0.0 350.1 6.38 45.77 1.2
1906 1658406144 0 7 $GNGGA,122222.000,4424.19557,N,00855.14967,E,1,14,0.8,3.6,M,44.7,M,,*42
1915 1658406148 0 7 $GNGGA,122227.000,4424.19556,N,00855.14989,E,1,14,0.8,3.4,M,44.7,M,,*44
1916 1658406149 0 3 2.813 4.978
1917 1658406149 0 4 2.625 1.544
1918 1658406149 0 5 0.37
1919 1658406149 0 6 0.10
1921 1658406149 0 1 2.413
1922 1658406150 0 0 25.96 8.22 148.1 67.21 133.7 8.45 18.0 0.0 327.1 5.52 45.73 1.3
1923 1658406150 0 7 $GNGGA,122228.000,4424.19555,N,00855.14994,E,1,14,0.8,3.4,M,44.7,M,,*44
1924 1658406151 0 7 $GNGGA,122230.000,4424.19554,N,00855.15005,E,1,14,0.8,3.4,M,44.7,M,,*4C
1925 1658406152 0 3 2.812 4.978
1929 1658406153 0 8 4.997 12.229 11.91
1930 1658406153 0 1 2.200
1931 1658406153 0 0 26.03 8.22 147.9 67.30 134.1 8.46 18.0 0.0 318.8 4.88 45.79 1.2
1932 1658406153 0 7 $GNGGA,122231.000,4424.19554,N,00855.15009,E,1,14,0.8,3.3,M,44.7,M,,*46
1933 1658406155 0 3 2.809 4.978
1934 1658406155 0 4 2.621 1.544
1935 1658406155 0 5 0.37
1936 1658406155 0 6 0.10
1937 1658406155 0 8 4.997 12.229 11.89
1938 1658406155 0 1 2.266
1939 1658406156 0 0 26.18 8.22 147.8 67.32 134.5 8.46 17.9 0.0 307.9 4.24 45.80 1.3
1940 1658406156 0 7 $GNGGA,122234.000,4424.19555,N,00855.15021,E,1,14,0.8,3.3,M,44.7,M,,*48
1941 1658406157 0 7 $GNGGA,122236.000,4424.19555,N,00855.15031,E,1,14,0.8,3.2,M,44.7,M,,*4A
1942 1658406158 0 3 2.805 4.978
1943 1658406158 0 4 2.621 1.544
1944 1658406158 0 5 0.36
1945 1658406158 0 6 0.09
1946 1658406158 0 8 4.997 12.210 11.91
1947 1658406158 0 1 1.692
1948 1658406159 0 0 26.37 8.22 147.7 67.39 135.3 8.49 17.8 0.0 298.4 3.63 45.86 1.3
1949 1658406159 0 7 $GNGGA,122237.000,4424.19554,N,00855.15035,E,1,14,0.8,3.2,M,44.7,M,,*4E
1950 1658406161 0 3 2.798 4.978
1953 1658406161 0 6 0.10
1954 1658406161 0 8 4.997 12.163 11.89
1955 1658406161 0 1 2.068
1956 1658406162 0 0 26.56 8.22 147.6 67.37 136.1 8.51 17.7 0.0 291.7 3.00 45.83 1.3
1957 1658406162 0 7 $GNGGA,122240.000,4424.19552,N,00855.15047,E,1,14,0.8,3.2,M,44.7,M,,*4D
1958 1658406163 0 7 $GNGGA,122242.000,4424.19549,N,00855.15054,E,1,14,0.8,3.1,M,44.7,M,,*44
1960 1658406164 0 4 2.615 1.544
1965 1658406165 0 0 27.06 8.21 147.4 67.30 136.8 8.48 17.5 0.0 277.2 2.08 45.76 1.3
1966 1658406165 0 7 $GNGGA,122243.000,4424.19549,N,00855.15057,E,1,14,0.8,3.1,M,44.7,M,,*46
1967 1658406166 0 7 $GNGGA,122245.000,4424.19547,N,00855.15063,E,1,14,0.8,3.1,M,44.7,M,,*49
1968 1658406167 0 3 2.649 4.978
1969 1658406167 0 4 2.609 1.544
1970 1658406167 0 5 0.36
1971 1658406167 0 6 0.10
1972 1658406168 0 8 4.997 12.154 11.91
1973 1658406168 0 1 0.726
1974 1658406168 0 0 27.35 8.21 147.2 67.49 137.3 8.48 17.5 0.0 267.9 1.36 45.90 1.3
1975 1658406168 0 7 $GNGGA,122246.000,4424.19546,N,00855.15066,E,1,14,0.8,3.1,M,44.7,M,,*4E
1976 1658406170 0 3 2.597 4.978
1977 1658406170 0 4 2.564 1.543
1978 1658406170 0 5 0.36
1979 1658406170 0 6 0.10
1980 1658406170 0 8 4.997 12.173 11.91
1981 1658406170 0 1 0.673
1982 1658406171 0 0 27.58 8.21 147.0 67.62 137.8 8.47 17.4 0.0 268.2 0.79 45.99 1.3
1983 1658406171 0 7 $GNGGA,122249.000,4424.19545,N,00855.15074,E,1,14,0.8,3.0,M,44.7,M,,*40
1984 1658406172 0 7 $GNGGA,122251.000,4424.19544,N,00855.15080,E,1,14,0.8,3.0,M,44.7,M,,*43
1985 1658406173 0 3 2.593 4.977
1988 1658406173 0 6 0.10
1989 1658406173 0 8 4.997 12.154 11.91
1990 1658406173 0 1 0.608
1991 1658406174 0 0 27.65 8.21 146.8 67.80 138.2 8.48 17.5 0.0 266.9 0.61 46.13 1.3
1992 1658406174 0 7 $GNGGA,122252.000,4424.19544,N,00855.15082,E,1,14,0.8,3.0,M,44.7,M,,*42
1993 1658406176 0 3 2.560 4.976
1994 1658406176 0 4 2.487 1.595
1995 1658406176 0 5 0.40
1996 1658406176 0 6 0.10
1997 1658406176 0 8 4.997 12.154 11.89
1998 1658406176 0 1 6.370
1999 1658406177 0 0 27.61 8.21 146.8 46.72 138.3 9.28 17.7 0.0 280.2 0.40 30.27 1.3
2001 1658406179 0 3 2.560 4.976
2002 1658406179 0 4 2.491 1.508
2003 1658406179 0 5 0.38
2004 1658406179 0 6 0.10
2005 1658406179 0 8 4.997 12.154 11.91
2006 1658406179 0 1 5.648
2007 1658406180 0 0 27.51 8.68 118.0 0.210 138.4 11.01 2.7 0.0 10.5 0.41 0.10 0.8
2008 1658406180 0 7 $GNGGA,122258.000,4424.19545,N,00855.15100,E,1,14,0.8,2.9,M,44.7,M,,*4A
2009 1658406181 0 7 $GNGGA,122300.000,4424.19548,N,00855.15105,E,1,14,0.8,2.9,M,44.7,M,,*4E
