/home/danielacabiddu/Devel/src/MATRAC/test/tuttomatrac/data/porto_grid.mesh
3714 1658406766 0 7 $GNGGA,123246.000,4424.09503,N,00855.22985,E,1,14,0.8,0.4,M,44.7,M,,*49
3715 1658406767 0 1 0.676
3716 1658406767 0 3 2.599 4.978
3717 1658406767 0 4 2.580 1.583
3718 1658406768 0 5 0.33
3719 1658406768 0 6 0.09
3720 1658406768 0 8 4.997 12.257 11.89
3721 1658406768 0 0 27.39 8.21 131.1 67.63 134.6 8.29 16.1 0.0 229.2 0.92 46.01 1.2
3722 1658406768 0 7 $GNGGA,123247.000,4424.09502,N,00855.22986,E,1,14,0.8,0.4,M,44.7,M,,*4A
3723 1658406768 0 7 $GNGGA,123248.000,4424.09501,N,00855.22986,E,1,14,0.8,0.4,M,44.7,M,,*46
3724 1658406769 0 7 $GNGGA,123249.000,4424.09499,N,00855.22987,E,1,14,0.8,0.4,M,44.7,M,,*46
3725 1658406770 0 1 0.605
3726 1658406770 0 3 2.602 4.978
3727 1658406770 0 4 2.582 1.596
3728 1658406771 0 5 0.33
3729 1658406771 0 6 0.09
3730 1658406771 0 8 4.997 12.248 11.91
3731 1658406771 0 0 27.38 8.21 131.0 67.61 135.2 8.34 16.1 0.0 230.1 0.98 45.99 1.2
3732 1658406771 0 7 $GNGGA,123250.000,4424.09498,N,00855.22987,E,1,14,0.8,0.4,M,44.7,M,,*4F
3733 1658406771 0 7 $GNGGA,123251.000,4424.09497,N,00855.22988,E,1,14,0.8,0.4,M,44.7,M,,*4E
3734 1658406772 0 7 $GNGGA,123252.000,4424.09496,N,00855.22988,E,1,14,0.8,0.4,M,44.7,M,,*4C
3735 1658406773 0 1 0.537
3736 1658406773 0 3 2.603 4.978
3737 1658406773 0 4 2.584 1.683
3738 1658406774 0 5 0.33
3739 1658406774 0 6 0.10
3740 1658406774 0 8 4.997 12.248 11.91
3741 1658406774 0 0 27.37 8.21 130.8 67.71 135.8 8.37 16.1 0.0 231.9 0.96 46.07 1.2
3742 1658406774 0 7 $GNGGA,123253.000,4424.09495,N,00855.22988,E,1,14,0.8,0.4,M,44.7,M,,*4E
3743 1658406774 0 7 $GNGGA,123254.000,4424.09494,N,00855.22989,E,1,14,0.8,0.4,M,44.7,M,,*49
3744 1658406775 0 7 $GNGGA,123255.000,4424.09493,N,00855.22989,E,1,14,0.8,0.4,M,44.7,M,,*4F
3745 1658406776 0 1 0.875
3746 1658406776 0 3 2.598 4.978
3747 1658406776 0 4 2.584 1.721
3748 1658406777 0 5 0.33
3749 1658406777 0 6 0.10
3750 1658406777 0 8 4.997 12.266 11.91
3751 1658406777 0 0 27.36 8.21 130.7 67.65 136.4 8.41 16.2 0.0 234.6 0.88 46.02 1.2
3752 1658406777 0 7 $GNGGA,123256.000,4424.09492,N,00855.22989,E,1,14,0.8,0.4,M,44.7,M,,*4D
3753 1658406777 0 7 $GNGGA,123257.000,4424.09491,N,00855.22990,E,1,14,0.8,0.4,M,44.7,M,,*47
3754 1658406778 0 7 $GNGGA,123258.000,4424.09490,N,00855.22990,E,1,14,0.8,0.4,M,44.7,M,,*49
3755 1658406779 0 1 0.614
3756 1658406779 0 3 2.592 4.978
3757 1658406779 0 4 2.568 1.711
3758 1658406780 0 5 0.34
3759 1658406780 0 6 0.10
3760 1658406780 0 8 4.997 12.266 11.91
3761 1658406780 0 0 27.37 8.21 130.7 67.62 136.8 8.44 16.2 0.0 235.9 0.95 46.00 1.2
3762 1658406780 0 7 $GNGGA,123259.000,4424.09489,N,00855.22990,E,1,14,0.8,0.4,M,44.7,M,,*40
3763 1658406780 0 7 $GNGGA,123300.000,4424.09488,N,00855.22990,E,1,14,0.8,0.4,M,44.7,M,,*4C
3764 1658406781 0 7 $GNGGA,123301.000,4424.09487,N,00855.22991,E,1,14,0.8,0.4,M,44.7,M,,*43
3765 1658406782 0 1 1.107
3766 1658406782 0 3 2.595 4.978
3767 1658406782 0 4 2.572 1.601
3768 1658406783 0 5 0.34
3769 1658406783 0 6 0.10
3770 1658406783 0 8 4.997 12.266 11.91
3771 1658406783 0 0 27.38 8.21 130.5 67.67 137.1 8.45 16.2 0.0 237.4 0.99 46.04 1.2
3772 1658406783 0 7 $GNGGA,123302.000,4424.09486,N,00855.22990,E,1,14,0.8,0.4,M,44.7,M,,*40
3773 1658406783 0 7 $GNGGA,123303.000,4424.09485,N,00855.22991,E,1,14,0.8,0.5,M,44.7,M,,*42
3774 1658406784 0 7 $GNGGA,123304.000,4424.09484,N,00855.22991,E,1,14,0.8,0.5,M,44.7,M,,*44
3775 1658406785 0 1 0.589
3776 1658406785 0 3 2.600 4.978
3777 1658406785 0 4 2.583 1.553
3778 1658406786 0 5 0.34
3779 1658406786 0 6 0.10
3780 1658406786 0 8 4.997 12.257 11.91
3781 1658406786 0 0 27.39 8.21 130.5 67.72 137.2 8.46 16.2 0.0 238.9 0.93 46.08 1.2
3782 1658406786 0 7 $GNGGA,123305.000,4424.09483,N,00855.22991,E,1,14,0.8,0.5,M,44.7,M,,*42
3783 1658406786 0 7 $GNGGA,123306.000,4424.09480,N,00855.22991,E,1,14,0.8,0.5,M,44.7,M,,*42
3784 1658406787 0 7 $GNGGA,123307.000,4424.09479,N,00855.22991,E,1,14,0.8,0.5,M,44.7,M,,*45
3785 1658406788 0 3 2.595 4.978
3786 1658406788 0 4 2.574 1.588
3787 1658406789 0 5 0.34
3788 1658406789 0 6 0.10
3789 1658406789 0 8 4.997 12.257 11.89
3790 1658406789 0 0 27.39 8.21 130.3 67.70 136.9 8.44 16.2 0.0 240.7 0.94 46.06 1.2
3791 1658406789 0 7 $GNGGA,123308.000,4424.09437,N,00855.22969,E,1,14,0.8,0.8,M,44.7,M,,*4A
3792 1658406790 0 7 $GNGGA,123309.000,4424.09424,N,00855.22952,E,1,14,0.8,1.4,M,44.7,M,,*4C
3793 1658406790 0 7 $GNGGA,123310.000,4424.09402,N,00855.22933,E,1,14,0.8,1.7,M,44.7,M,,*44
3794 1658406791 0 3 2.591 4.978
3795 1658406791 0 4 2.564 1.586
3796 1658406792 0 5 0.35
3797 1658406792 0 6 0.10
3798 1658406792 0 8 4.997 12.257 11.91
3799 1658406792 0 0 27.41 8.21 130.1 67.67 136.2 8.39 16.2 0.0 242.6 0.97 46.04 1.2
3800 1658406792 0 7 $GNGGA,123311.000,4424.09363,N,00855.22913,E,1,14,0.8,1.8,M,44.7,M,,*48
3801 1658406793 0 7 $GNGGA,123312.000,4424.09333,N,00855.22895,E,1,14,0.8,1.9,M,44.7,M,,*40
3802 1658406794 0 7 $GNGGA,123313.000,4424.09311,N,00855.22874,E,1,14,0.8,1.7,M,44.7,M,,*40
3803 1658406794 0 3 2.591 4.978
3804 1658406794 0 4 2.565 1.596
3805 1658406795 0 5 0.35
3806 1658406795 0 6 0.10
3807 1658406795 0 8 4.997 12.248 11.91
3808 1658406795 0 0 27.37 8.21 130.1 67.68 135.4 8.35 16.3 0.0 245.7 0.97 46.04 1.2
3809 1658406795 0 7 $GNGGA,123314.000,4424.09289,N,00855.22848,E,1,14,0.8,1.7,M,44.7,M,,*48
3810 1658406796 0 7 $GNGGA,123315.000,4424.09247,N,00855.22815,E,1,14,0.8,1.9,M,44.7,M,,*4D
3811 1658406796 0 7 $GNGGA,123316.000,4424.09207,N,00855.22790,E,1,14,0.8,2.3,M,44.7,M,,*41
3812 1658406797 0 3 2.593 4.978
3813 1658406797 0 4 2.571 1.596
3814 1658406798 0 5 0.35
3815 1658406798 0 6 0.10
3816 1658406798 0 8 4.997 12.266 11.91
3817 1658406798 0 0 27.39 8.21 129.9 67.75 134.5 8.28 16.2 0.0 247.2 0.92 46.10 1.2
3818 1658406798 0 1 0.388
3819 1658406798 0 7 $GNGGA,123317.000,4424.09164,N,00855.22755,E,1,14,0.8,2.6,M,44.7,M,,*4A
3820 1658406799 0 7 $GNGGA,123318.000,4424.09121,N,00855.22718,E,1,14,0.8,2.9,M,44.7,M,,*42
3821 1658406799 0 7 $GNGGA,123319.000,4424.09079,N,00855.22688,E,1,14,0.8,2.9,M,44.7,M,,*47
3822 1658406800 0 1 1.063
3823 1658406800 0 3 2.594 4.978
3824 1658406800 0 4 2.579 1.593
3825 1658406801 0 5 0.35
3826 1658406801 0 6 0.10
3827 1658406801 0 8 4.997 12.257 11.91
3828 1658406801 0 0 27.42 8.21 129.9 67.74 134.0 8.25 16.3 0.0 247.9 0.82 46.09 1.2
3829 1658406801 0 7 $GNGGA,123320.000,4424.09045,N,00855.22662,E,1,14,0.8,3.3,M,44.7,M,,*4D
3830 1658406801 0 7 $GNGGA,123321.000,4424.09001,N,00855.22637,E,1,14,0.8,3.6,M,44.7,M,,*49
3831 1658406802 0 7 $GNGGA,123322.000,4424.08928,N,00855.22600,E,1,14,0.8,3.3,M,44.7,M,,*48
3832 1658406803 0 1 1.540
3833 1658406803 0 3 2.590 4.978
3834 1658406803 0 4 2.568 1.551
3835 1658406804 0 5 0.36
3836 1658406804 0 6 0.10
3837 1658406804 0 8 4.997 12.276 11.91
3838 1658406804 0 0 27.45 8.21 129.8 67.76 133.5 8.22 16.3 0.0 249.4 0.82 46.10 1.2
3839 1658406804 0 7 $GNGGA,123323.000,4424.08872,N,00855.22565,E,1,14,0.8,3.4,M,44.7,M,,*40
3840 1658406804 0 7 $GNGGA,123324.000,4424.08838,N,00855.22542,E,1,14,0.8,3.6,M,44.7,M,,*4E
3841 1658406805 0 7 $GNGGA,123325.000,4424.08792,N,00855.22505,E,1,14,0.8,3.6,M,44.7,M,,*43
3842 1658406806 0 1 3.689
3843 1658406806 0 3 2.587 4.978
3844 1658406806 0 4 2.564 1.391
3845 1658406807 0 5 0.36
3846 1658406807 0 6 0.10
3847 1658406807 0 8 4.997 12.266 11.91
3848 1658406807 0 0 27.45 8.21 129.7 67.76 133.1 8.19 16.3 0.0 252.3 0.82 46.10 1.2
3849 1658406807 0 7 $GNGGA,123326.000,4424.08737,N,00855.22457,E,1,14,0.8,3.8,M,44.7,M,,*47
3850 1658406807 0 7 $GNGGA,123327.000,4424.08683,N,00855.22422,E,1,14,0.8,4.0,M,44.7,M,,*45
3851 1658406808 0 7 $GNGGA,123328.000,4424.08620,N,00855.22392,E,1,14,0.8,4.2,M,44.7,M,,*4D
3852 1658406809 0 1 2.581
3853 1658406809 0 3 2.581 4.978
3854 1658406809 0 4 2.558 1.416
3855 1658406810 0 5 0.36
3856 1658406810 0 6 0.10
3857 1658406810 0 8 4.997 12.276 11.91
3858 1658406810 0 0 27.51 8.21 129.7 67.66 132.8 8.17 16.2 0.0 251.6 0.80 46.03 1.2
3859 1658406810 0 7 $GNGGA,123329.000,4424.08578,N,00855.22355,E,1,14,0.8,4.6,M,44.7,M,,*4D
3860 1658406811 0 7 $GNGGA,123330.000,4424.08515,N,00855.22320,E,1,14,0.8,4.7,M,44.7,M,,*4D
3861 1658406811 0 7 $GNGGA,123331.000,4424.08449,N,00855.22290,E,1,14,0.8,4.8,M,44.7,M,,*41
3862 1658406812 0 1 3.145
3863 1658406812 0 3 2.578 4.978
3864 1658406812 0 4 2.549 1.506
3865 1658406813 0 5 0.36
3866 1658406813 0 6 0.10
3867 1658406813 0 8 4.997 12.248 11.91
3868 1658406813 0 0 27.49 8.21 129.7 67.78 132.4 8.14 16.3 0.0 255.3 0.75 46.12 1.2
3869 1658406813 0 7 $GNGGA,123332.000,4424.08382,N,00855.22261,E,1,14,0.8,5.0,M,44.7,M,,*45
3870 1658406813 0 7 $GNGGA,123333.000,4424.08330,N,00855.22208,E,1,14,0.8,5.1,M,44.7,M,,*43
3871 1658406814 0 7 $GNGGA,123334.000,4424.08247,N,00855.22174,E,1,14,0.8,5.0,M,44.7,M,,*4C
3872 1658406815 0 1 2.269
3873 1658406815 0 3 2.578 4.978
3874 1658406815 0 4 2.551 1.451
3875 1658406816 0 5 0.36
3876 1658406816 0 6 0.10
3877 1658406816 0 8 4.997 12.257 11.89
3878 1658406816 0 0 27.50 8.21 129.6 67.76 131.9 8.11 16.3 0.0 257.0 0.70 46.10 1.2
3879 1658406816 0 7 $GNGGA,123335.000,4424.08160,N,00855.22151,E,1,14,0.8,4.8,M,44.7,M,,*45
3880 1658406816 0 7 $GNGGA,123336.000,4424.08100,N,00855.22129,E,1,14,0.8,4.9,M,44.7,M,,*4E
3881 1658406818 0 7 $GNGGA,123337.000,4424.08025,N,00855.22125,E,1,14,0.8,5.1,M,44.7,M,,*4C
3882 1658406818 0 1 1.252
3883 1658406818 0 3 2.577 4.979
3884 1658406818 0 4 2.539 1.469
3885 1658406819 0 5 0.37
3886 1658406819 0 6 0.10
3887 1658406819 0 8 4.997 12.022 11.89
3888 1658406819 0 0 27.43 8.21 129.5 67.67 131.6 8.10 16.3 0.0 260.1 0.69 46.03 1.2
3889 1658406819 0 7 $GNGGA,123338.000,4424.07960,N,00855.22096,E,1,14,0.8,5.3,M,44.7,M,,*4F
3890 1658406819 0 7 $GNGGA,123339.000,4424.07891,N,00855.22081,E,1,14,0.8,5.6,M,44.7,M,,*42
3891 1658406820 0 7 $GNGGA,123340.000,4424.07807,N,00855.22056,E,1,14,0.8,5.8,M,44.7,M,,*47
3892 1658406821 0 1 0.990
3893 1658406821 0 3 2.572 4.978
3894 1658406821 0 4 2.530 1.481
3895 1658406822 0 5 0.37
3896 1658406822 0 6 0.11
3897 1658406822 0 8 4.997 11.994 11.89
3898 1658406822 0 0 27.42 8.21 129.5 67.77 131.3 8.08 16.3 0.0 262.7 0.75 46.12 1.2
3899 1658406822 0 7 $GNGGA,123341.000,4424.07735,N,00855.22027,E,1,14,0.8,5.8,M,44.7,M,,*4E
3900 1658406822 0 7 $GNGGA,123342.000,4424.07650,N,00855.21993,E,1,14,0.8,5.9,M,44.7,M,,*4B
3901 1658406823 0 7 $GNGGA,123343.000,4424.07562,N,00855.21973,E,1,14,0.8,6.0,M,44.7,M,,*4C
3902 1658406824 0 1 1.084
3903 1658406824 0 3 2.573 4.978
3904 1658406824 0 4 2.535 1.556
3905 1658406825 0 5 0.37
3906 1658406825 0 6 0.11
3907 1658406825 0 8 4.997 12.220 11.89
3908 1658406825 0 0 27.40 8.21 129.4 67.81 131.0 8.07 16.4 0.0 265.2 0.63 46.14 1.2
3909 1658406825 0 7 $GNGGA,123344.000,4424.07475,N,00855.21957,E,1,14,0.8,5.8,M,44.7,M,,*41
3910 1658406825 0 7 $GNGGA,123345.000,4424.07383,N,00855.21918,E,1,14,0.8,5.5,M,44.7,M,,*48
3911 1658406826 0 7 $GNGGA,123346.000,4424.07307,N,00855.21891,E,1,14,0.8,5.4,M,44.7,M,,*46
3912 1658406827 0 1 2.986
3913 1658406827 0 3 2.570 4.979
3914 1658406827 0 4 2.522 1.638
3915 1658406828 0 5 0.37
3916 1658406828 0 6 0.11
3917 1658406828 0 8 4.997 11.966 11.89
3918 1658406828 0 0 27.35 8.21 129.4 67.83 130.6 8.05 16.4 0.0 268.4 0.66 46.16 1.2
3919 1658406828 0 7 $GNGGA,123347.000,4424.07241,N,00855.21864,E,1,14,0.8,5.4,M,44.7,M,,*4E
3920 1658406828 0 7 $GNGGA,123348.000,4424.07178,N,00855.21825,E,1,14,0.8,5.3,M,44.7,M,,*4A
3921 1658406829 0 7 $GNGGA,123349.000,4424.07113,N,00855.21790,E,1,14,0.8,5.4,M,44.7,M,,*40
3922 1658406830 0 1 1.659
3923 1658406830 0 3 2.566 4.978
3924 1658406830 0 4 2.527 1.596
3925 1658406831 0 5 0.37
3926 1658406831 0 6 0.11
3927 1658406831 0 8 4.997 12.032 11.89
3928 1658406831 0 0 27.31 8.21 129.4 67.74 130.5 8.05 16.4 0.0 270.1 0.56 46.09 1.2
3929 1658406831 0 7 $GNGGA,123350.000,4424.07039,N,00855.21755,E,1,14,0.8,5.4,M,44.7,M,,*48
3930 1658406831 0 7 $GNGGA,123351.000,4424.06977,N,00855.21717,E,1,14,0.8,5.5,M,44.7,M,,*4C
3931 1658406832 0 7 $GNGGA,123352.000,4424.06912,N,00855.21675,E,1,14,0.8,5.6,M,44.7,M,,*4A
3932 1658406833 0 1 0.752
3933 1658406833 0 3 2.565 4.978
3934 1658406833 0 4 2.525 1.543
3935 1658406834 0 5 0.37
3936 1658406834 0 6 0.11
3937 1658406834 0 8 4.997 12.370 11.91
3938 1658406834 0 0 27.31 8.21 129.3 67.67 130.3 8.04 16.4 0.0 270.3 0.58 46.04 1.2
3939 1658406834 0 7 $GNGGA,123353.000,4424.06855,N,00855.21643,E,1,14,0.8,5.7,M,44.7,M,,*4D
3940 1658406834 0 7 $GNGGA,123354.000,4424.06793,N,00855.21615,E,1,14,0.8,5.8,M,44.7,M,,*43
3941 1658406835 0 7 $GNGGA,123355.000,4424.06735,N,00855.21574,E,1,14,0.8,5.9,M,44.7,M,,*4B
3942 1658406836 0 1 0.495
3943 1658406836 0 3 2.564 4.978
3944 1658406836 0 4 2.506 1.446
3945 1658406837 0 5 0.37
3946 1658406837 0 6 0.11
3947 1658406837 0 8 4.997 12.238 11.91
3948 1658406837 0 0 27.30 8.21 129.2 67.75 130.1 8.03 16.4 0.0 272.1 0.69 46.10 1.2
3949 1658406837 0 7 $GNGGA,123356.000,4424.06664,N,00855.21533,E,1,14,0.8,5.9,M,44.7,M,,*4E
3950 1658406837 0 7 $GNGGA,123357.000,4424.06592,N,00855.21486,E,1,14,0.8,5.9,M,44.7,M,,*4A
3951 1658406838 0 7 $GNGGA,123358.000,4424.06526,N,00855.21430,E,1,14,0.8,6.0,M,44.7,M,,*4D
3952 1658406839 0 1 1.126
3953 1658406839 0 3 2.561 4.978
3954 1658406839 0 4 2.499 1.275
3955 1658406840 0 5 0.38
3956 1658406840 0 6 0.11
3957 1658406840 0 8 4.997 12.201 11.91
3958 1658406840 0 0 27.27 8.21 129.2 67.65 129.9 8.02 16.4 0.0 274.1 0.75 46.03 1.2
3959 1658406840 0 7 $GNGGA,123359.000,4424.06466,N,00855.21392,E,1,14,0.8,6.1,M,44.7,M,,*47
3960 1658406840 0 7 $GNGGA,123400.000,4424.06395,N,00855.21362,E,1,14,0.8,6.2,M,44.7,M,,*4B
3961 1658406841 0 7 $GNGGA,123401.000,4424.06318,N,00855.21312,E,1,14,0.8,6.1,M,44.7,M,,*4B
3962 1658406842 0 1 1.933
3963 1658406842 0 3 2.565 4.978
3964 1658406842 0 4 2.520 1.172
3965 1658406843 0 5 0.37
3966 1658406843 0 6 0.11
3967 1658406843 0 8 4.997 12.210 11.91
3968 1658406843 0 0 27.27 8.21 129.2 67.71 129.8 8.01 16.4 0.0 275.6 0.59 46.07 1.2
3969 1658406843 0 7 $GNGGA,123402.000,4424.06245,N,00855.21257,E,1,14,0.8,6.0,M,44.7,M,,*40
3970 1658406843 0 7 $GNGGA,123403.000,4424.06167,N,00855.21209,E,1,14,0.8,6.0,M,44.7,M,,*49
3971 1658406844 0 7 $GNGGA,123404.000,4424.06090,N,00855.21170,E,1,14,0.8,6.0,M,44.7,M,,*4A
3972 1658406845 0 1 1.037
3973 1658406845 0 3 2.564 4.978
3974 1658406845 0 4 2.517 1.222
3975 1658406846 0 5 0.38
3976 1658406846 0 6 0.11
3977 1658406846 0 8 4.997 12.229 11.91
3978 1658406846 0 0 27.29 8.21 129.1 67.67 129.6 8.00 16.4 0.0 276.1 0.56 46.04 1.2
3979 1658406846 0 7 $GNGGA,123405.000,4424.06018,N,00855.21129,E,1,14,0.8,5.9,M,44.7,M,,*4D
3980 1658406847 0 7 $GNGGA,123406.000,4424.05946,N,00855.21077,E,1,14,0.8,5.8,M,44.7,M,,*44
3981 1658406848 0 7 $GNGGA,123407.000,4424.05872,N,00855.21028,E,1,14,0.8,5.5,M,44.7,M,,*44
3982 1658406848 0 2 0.04510000 6.60160017 1.91120004 0.05079999 2.71970009 0.00440000 0.08900001 0.19969999 1.00000000 81.46900177
3983 1658406848 0 3 2.564 4.978
3984 1658406848 0 4 2.511 1.439
3985 1658406849 0 5 0.38
3986 1658406849 0 6 0.11
4715 1658407068 0 8 4.997 12.041 11.89
4716 1658407068 0 0 28.58 8.20 126.5 68.09 126.7 7.65 16.4 0.0 324.6 0.84 46.33 1.3
4717 1658407068 0 7 $GNGGA,123747.000,4423.94482,N,00855.16296,E,1,13,0.9,2.6,M,44.7,M,,*4E
4718 1658407068 0 7 $GNGGA,123748.000,4423.94460,N,00855.16253,E,1,13,0.9,2.5,M,44.7,M,,*47
4719 1658407069 0 7 $GNGGA,123749.000,4423.94439,N,00855.16208,E,1,13,0.9,2.4,M,44.7,M,,*45
4720 1658407070 0 1 0.328
4721 1658407070 0 3 2.586 4.978
4722 1658407070 0 4 2.571 1.549
4723 1658407071 0 5 0.42
4724 1658407071 0 6 0.12
4725 1658407071 0 8 4.997 12.060 11.89
4726 1658407071 0 0 28.56 8.20 126.4 67.92 126.6 7.65 16.5 0.0 328.2 0.91 46.19 1.3
4727 1658407071 0 7 $GNGGA,123750.000,4423.94425,N,00855.16170,E,1,13,0.9,2.5,M,44.7,M,,*4D
4728 1658407071 0 7 $GNGGA,123751.000,4423.94418,N,00855.16141,E,1,13,0.9,2.7,M,44.7,M,,*42
4729 1658407072 0 7 $GNGGA,123752.000,4423.94417,N,00855.16140,E,1,13,0.9,2.7,M,44.7,M,,*4F
4730 1658407073 0 1 0.432
4731 1658407073 0 3 2.585 4.978
4732 1658407073 0 4 2.564 1.611
4733 1658407074 0 5 0.42
4734 1658407074 0 6 0.12
4735 1658407074 0 8 4.997 12.257 11.91
4736 1658407074 0 0 28.54 8.20 126.4 68.02 126.5 7.64 16.5 0.0 332.6 0.93 46.27 1.3
4737 1658407074 0 7 $GNGGA,123753.000,4423.94417,N,00855.16139,E,1,13,0.9,2.6,M,44.7,M,,*41
4738 1658407074 0 7 $GNGGA,123754.000,4423.94416,N,00855.16136,E,1,13,0.9,2.6,M,44.7,M,,*48
4739 1658407075 0 7 $GNGGA,123755.000,4423.94416,N,00855.16134,E,1,13,0.9,2.6,M,44.7,M,,*4B
4740 1658407076 0 1 0.369
4741 1658407076 0 3 2.591 4.978
4742 1658407076 0 4 2.578 1.693
4743 1658407077 0 5 0.42
4744 1658407077 0 6 0.12
4745 1658407077 0 8 4.997 12.069 11.89
4746 1658407077 0 0 28.36 8.20 126.4 68.10 126.3 7.65 16.6 0.0 340.1 0.99 46.34 1.3
4747 1658407077 0 7 $GNGGA,123756.000,4423.94419,N,00855.16135,E,1,13,0.9,2.6,M,44.7,M,,*46
4748 1658407077 0 7 $GNGGA,123757.000,4423.94411,N,00855.16097,E,1,13,0.9,2.8,M,44.7,M,,*48
4749 1658407078 0 7 $GNGGA,123758.000,4423.94409,N,00855.16070,E,1,13,0.9,3.2,M,44.7,M,,*4C
4750 1658407079 0 1 0.872
4751 1658407079 0 3 2.591 4.978
4752 1658407079 0 4 2.583 1.698
4753 1658407080 0 5 0.42
4754 1658407080 0 6 0.12
4755 1658407080 0 8 4.997 12.285 11.91
4756 1658407080 0 0 28.44 8.20 126.3 67.87 126.1 7.63 16.5 0.0 334.9 0.96 46.16 1.3
4757 1658407080 0 7 $GNGGA,123759.000,4423.94398,N,00855.16044,E,1,13,0.9,3.6,M,44.7,M,,*41
4758 1658407080 0 7 $GNGGA,123800.000,4423.94382,N,00855.16017,E,1,13,0.9,3.9,M,44.7,M,,*40
4759 1658407081 0 7 $GNGGA,123801.000,4423.94373,N,00855.15981,E,1,13,0.9,3.9,M,44.7,M,,*4A
4760 1658407082 0 1 0.619
4761 1658407082 0 3 2.590 4.978
4762 1658407082 0 4 2.582 1.601
4763 1658407083 0 5 0.42
4764 1658407083 0 6 0.12
4765 1658407083 0 8 4.997 12.257 11.91
4766 1658407083 0 0 28.54 8.20 126.3 67.89 125.9 7.61 16.5 0.0 340.1 0.91 46.17 1.3
4767 1658407083 0 7 $GNGGA,123802.000,4423.94362,N,00855.15954,E,1,13,0.9,3.8,M,44.7,M,,*40
4768 1658407083 0 7 $GNGGA,123803.000,4423.94351,N,00855.15927,E,1,13,0.9,3.8,M,44.7,M,,*45
4769 1658407084 0 7 $GNGGA,123804.000,4423.94344,N,00855.15881,E,1,13,0.9,3.9,M,44.7,M,,*4A
4770 1658407085 0 1 0.260
4771 1658407085 0 3 2.587 4.978
4772 1658407085 0 4 2.577 1.643
4773 1658407086 0 5 0.42
4774 1658407086 0 6 0.12
4775 1658407086 0 8 4.997 12.238 11.91
4776 1658407086 0 0 28.50 8.20 126.3 67.96 125.8 7.61 16.5 0.0 341.8 0.87 46.22 1.3
4777 1658407086 0 7 $GNGGA,123805.000,4423.94346,N,00855.15840,E,1,13,0.9,4.2,M,44.7,M,,*48
4778 1658407086 0 7 $GNGGA,123806.000,4423.94343,N,00855.15802,E,1,13,0.9,4.2,M,44.7,M,,*48
4779 1658407087 0 7 $GNGGA,123807.000,4423.94329,N,00855.15777,E,1,13,0.9,4.5,M,44.7,M,,*4F
4780 1658407088 0 1 0.338
4781 1658407088 0 3 2.588 4.978
4782 1658407089 0 4 2.573 1.633
4783 1658407089 0 5 0.42
4784 1658407089 0 6 0.12
4785 1658407089 0 8 4.997 12.257 11.91
4786 1658407089 0 0 28.27 8.20 126.3 68.06 125.6 7.62 16.6 0.0 354.8 0.94 46.31 1.3
4787 1658407089 0 7 $GNGGA,123808.000,4423.94309,N,00855.15734,E,1,13,0.9,4.3,M,44.7,M,,*43
4788 1658407089 0 7 $GNGGA,123809.000,4423.94295,N,00855.15693,E,1,13,0.9,4.1,M,44.7,M,,*48
4789 1658407090 0 7 $GNGGA,123810.000,4423.94295,N,00855.15690,E,1,13,0.9,4.1,M,44.7,M,,*43
4790 1658407091 0 1 0.459
4791 1658407091 0 3 2.590 4.978
4792 1658407091 0 4 2.575 1.636
4793 1658407092 0 5 0.42
4794 1658407092 0 6 0.12
4795 1658407092 0 8 4.997 12.238 11.89
4796 1658407092 0 0 28.30 8.20 126.3 67.95 125.4 7.61 16.6 0.0 351.5 0.99 46.23 1.3
4797 1658407092 0 7 $GNGGA,123811.000,4423.94297,N,00855.15690,E,1,13,0.9,4.1,M,44.7,M,,*40
4798 1658407092 0 7 $GNGGA,123812.000,4423.94298,N,00855.15683,E,1,13,0.9,4.1,M,44.7,M,,*4E
4799 1658407093 0 7 $GNGGA,123813.000,4423.94280,N,00855.15644,E,1,13,0.9,3.8,M,44.7,M,,*43
4800 1658407094 0 1 0.272
4801 1658407094 0 3 2.591 4.978
4802 1658407094 0 4 2.579 1.638
4803 1658407095 0 5 0.42
4804 1658407095 0 6 0.12
4805 1658407095 0 8 4.997 12.248 11.91
4806 1658407095 0 0 28.27 8.20 126.1 68.05 125.3 7.60 16.7 0.0 356.4 0.99 46.31 1.3
4807 1658407095 0 7 $GNGGA,123814.000,4423.94263,N,00855.15609,E,1,13,0.9,3.7,M,44.7,M,,*4F
4808 1658407095 0 7 $GNGGA,123815.000,4423.94248,N,00855.15578,E,1,14,0.8,3.6,M,44.7,M,,*45
4809 1658407096 0 7 $GNGGA,123816.000,4423.94231,N,00855.15542,E,1,14,0.8,3.5,M,44.7,M,,*42
4810 1658407097 0 1 0.338
4811 1658407097 0 3 2.588 4.978
4812 1658407097 0 4 2.578 1.641
4813 1658407098 0 5 0.42
4814 1658407098 0 6 0.12
4815 1658407098 0 8 4.997 12.266 11.89
4816 1658407098 0 0 28.28 8.20 126.1 67.89 125.1 7.60 16.6 0.0 359.2 0.89 46.18 1.3
4817 1658407098 0 7 $GNGGA,123817.000,4423.94226,N,00855.15505,E,1,14,0.8,3.5,M,44.7,M,,*46
4818 1658407099 0 7 $GNGGA,123819.000,4423.94229,N,00855.15496,E,1,14,0.8,3.4,M,44.7,M,,*4D
4819 1658407100 0 1 0.371
4820 1658407100 0 3 2.587 4.978
4821 1658407100 0 4 2.575 1.635
4822 1658407101 0 5 0.42
4823 1658407101 0 6 0.12
4824 1658407101 0 8 4.997 12.266 11.91
4825 1658407101 0 0 28.27 8.20 126.1 67.92 125.0 7.59 16.6 0.0 356.0 0.90 46.20 1.3
4826 1658407101 0 7 $GNGGA,123820.000,4423.94231,N,00855.15491,E,1,14,0.8,3.4,M,44.7,M,,*49
4827 1658407102 0 7 $GNGGA,123822.000,4423.94236,N,00855.15479,E,1,14,0.8,3.3,M,44.7,M,,*4D
4828 1658407103 0 1 0.272
4829 1658407103 0 3 2.589 4.978
4830 1658407103 0 4 2.576 1.638
4831 1658407104 0 5 0.42
4832 1658407104 0 6 0.12
4833 1658407104 0 8 4.997 12.257 11.91
4834 1658407104 0 0 28.37 8.20 126.0 67.95 125.0 7.58 16.5 0.0 358.8 0.92 46.22 1.3
4835 1658407104 0 7 $GNGGA,123823.000,4423.94215,N,00855.15443,E,1,14,0.8,2.9,M,44.7,M,,*4F
4836 1658407105 0 7 $GNGGA,123824.000,4423.94208,N,00855.15399,E,1,14,0.8,2.7,M,44.7,M,,*4A
4837 1658407105 0 7 $GNGGA,123825.000,4423.94208,N,00855.15394,E,1,14,0.8,2.7,M,44.7,M,,*46
4838 1658407106 0 1 0.929
4839 1658407106 0 3 2.586 4.978
4840 1658407107 0 4 2.571 1.638
4841 1658407107 0 5 0.43
4842 1658407107 0 6 0.12
4843 1658407107 0 8 4.997 12.248 11.89
4844 1658407107 0 0 28.45 8.20 125.9 67.87 125.0 7.57 16.5 0.0 352.9 0.92 46.16 1.3
4845 1658407107 0 7 $GNGGA,123826.000,4423.94208,N,00855.15384,E,1,14,0.8,2.7,M,44.7,M,,*44
4846 1658407108 0 7 $GNGGA,123828.000,4423.94187,N,00855.15344,E,1,14,0.8,2.5,M,44.7,M,,*40
4847 1658407109 0 1 0.277
4848 1658407109 0 3 2.590 4.978
4849 1658407109 0 4 2.576 1.636
4850 1658407110 0 5 0.43
4851 1658407110 0 6 0.12
4852 1658407110 0 8 4.997 12.257 11.89
4853 1658407110 0 0 28.24 8.20 126.0 68.04 125.0 7.59 16.6 0.0 366.3 1.00 46.29 1.3
4854 1658407110 0 7 $GNGGA,123829.000,4423.94181,N,00855.15316,E,1,14,0.8,2.4,M,44.7,M,,*41
4855 1658407110 0 7 $GNGGA,123830.000,4423.94177,N,00855.15284,E,1,14,0.8,2.4,M,44.7,M,,*4A
4856 1658407111 0 7 $GNGGA,123831.000,4423.94171,N,00855.15244,E,1,14,0.8,2.4,M,44.7,M,,*41
4857 1658407112 0 1 0.305
4858 1658407112 0 3 2.593 4.978
4859 1658407112 0 4 2.581 1.638
4860 1658407113 0 5 0.43
4861 1658407113 0 6 0.12
4862 1658407113 0 8 4.997 12.266 11.91
4863 1658407113 0 0 28.29 8.20 125.9 67.91 125.0 7.58 16.6 0.0 360.6 1.03 46.19 1.3
4864 1658407113 0 7 $GNGGA,123832.000,4423.94166,N,00855.15200,E,1,14,0.8,2.3,M,44.7,M,,*43
4865 1658407114 0 7 $GNGGA,123833.000,4423.94158,N,00855.15154,E,1,14,0.8,2.2,M,44.7,M,,*4C
4866 1658407114 0 7 $GNGGA,123834.000,4423.94156,N,00855.15141,E,1,14,0.8,2.2,M,44.7,M,,*41
4867 1658407115 0 1 0.297
4868 1658407115 0 3 2.593 4.978
4869 1658407115 0 4 2.585 1.626
4870 1658407116 0 5 0.43
4871 1658407116 0 6 0.12
4872 1658407116 0 8 4.997 12.266 11.91
4873 1658407116 0 0 28.26 8.20 125.8 67.87 124.9 7.58 16.6 0.0 366.5 0.92 46.16 1.3
4874 1658407116 0 7 $GNGGA,123835.000,4423.94149,N,00855.15129,E,1,14,0.8,2.2,M,44.7,M,,*40
4875 1658407116 0 7 $GNGGA,123836.000,4423.94143,N,00855.15126,E,1,14,0.8,2.1,M,44.7,M,,*45
4876 1658407117 0 7 $GNGGA,123837.000,4423.94143,N,00855.15122,E,1,14,0.8,2.1,M,44.7,M,,*40
4877 1658407118 0 2 0.08579999 5.22030019 1.60230007 0.04019999 2.72530007 0.00530000 0.07220000 0.38020000 1.00000000 84.68299865
4878 1658407118 0 3 2.592 4.978
4879 1658407119 0 4 2.584 1.643
4880 1658407119 0 5 0.43
4881 1658407119 0 6 0.12
4882 1658407119 0 8 4.997 12.266 11.91
4883 1658407119 0 0 28.23 8.20 125.8 67.92 124.9 7.59 16.6 0.0 366.1 0.89 46.20 1.3
4884 1658407119 0 7 $GNGGA,123838.000,4423.94120,N,00855.15085,E,1,14,0.8,2.0,M,44.7,M,,*47
4885 1658407119 0 7 $GNGGA,123839.000,4423.94107,N,00855.15047,E,1,14,0.8,2.0,M,44.7,M,,*4D
4886 1658407120 0 7 $GNGGA,123840.000,4423.94099,N,00855.15013,E,1,14,0.8,2.0,M,44.7,M,,*44
4887 1658407121 0 1 0.183
4888 1658407121 0 3 2.591 4.978
4889 1658407121 0 4 2.578 1.638
4890 1658407122 0 5 0.43
4891 1658407122 0 6 0.12
4892 1658407122 0 8 4.997 12.266 11.89
4893 1658407122 0 0 28.25 8.20 125.7 67.78 124.9 7.59 16.6 0.0 367.5 0.95 46.09 1.3
4894 1658407122 0 7 $GNGGA,123841.000,4423.94092,N,00855.14996,E,1,14,0.8,2.0,M,44.7,M,,*4B
4895 1658407122 0 7 $GNGGA,123842.000,4423.94083,N,00855.14982,E,1,14,0.8,1.9,M,44.7,M,,*47
4896 1658407123 0 7 $GNGGA,123843.000,4423.94080,N,00855.14970,E,1,14,0.8,1.9,M,44.7,M,,*48
4897 1658407124 0 1 0.353
4898 1658407124 0 3 2.592 4.978
4899 1658407124 0 4 2.575 1.646
4900 1658407125 0 5 0.43
4901 1658407125 0 6 0.12
4902 1658407125 0 8 4.997 12.266 11.91
4903 1658407125 0 0 28.33 8.20 125.6 67.90 124.9 7.58 16.6 0.0 362.9 1.04 46.19 1.3
4904 1658407125 0 7 $GNGGA,123844.000,4423.94075,N,00855.14958,E,1,14,0.8,1.9,M,44.7,M,,*4F
4905 1658407125 0 7 $GNGGA,123845.000,4423.94069,N,00855.14948,E,1,14,0.8,1.8,M,44.7,M,,*43
4906 1658407126 0 7 $GNGGA,123846.000,4423.94067,N,00855.14938,E,1,14,0.8,1.8,M,44.7,M,,*49
4907 1658407127 0 1 0.440
4908 1658407127 0 3 2.594 4.978
4909 1658407127 0 4 2.583 1.646
4910 1658407128 0 5 0.43
4911 1658407128 0 6 0.12
4912 1658407128 0 8 4.997 12.266 11.89
4913 1658407128 0 0 28.23 8.20 125.6 68.01 124.9 7.59 16.6 0.0 372.1 1.01 46.28 1.3
4914 1658407128 0 7 $GNGGA,123847.000,4423.94065,N,00855.14935,E,1,14,0.8,1.8,M,44.7,M,,*47
4915 1658407128 0 7 $GNGGA,123848.000,4423.94064,N,00855.14933,E,1,14,0.8,1.8,M,44.7,M,,*4F
4916 1658407129 0 7 $GNGGA,123849.000,4423.94060,N,00855.14929,E,1,14,0.8,1.8,M,44.7,M,,*41
4917 1658407130 0 1 0.288
4918 1658407130 0 3 2.590 4.978
4919 1658407130 0 4 2.583 1.646
4920 1658407131 0 5 0.43
4921 1658407131 0 6 0.12
4922 1658407131 0 8 4.997 12.266 11.91
4923 1658407131 0 0 28.28 8.20 125.6 67.68 124.9 7.59 16.6 0.0 366.6 0.86 46.01 1.3
4924 1658407131 0 7 $GNGGA,123850.000,4423.94048,N,00855.14917,E,1,14,0.8,1.8,M,44.7,M,,*4E
4925 1658407131 0 7 $GNGGA,123851.000,4423.94035,N,00855.14913,E,1,14,0.8,1.9,M,44.7,M,,*40
4926 1658407132 0 7 $GNGGA,123852.000,4423.94027,N,00855.14873,E,1,14,0.8,2.0,M,44.7,M,,*4D
4927 1658407133 0 1 0.974
4928 1658407133 0 3 2.586 4.978
4929 1658407133 0 4 2.573 1.648
4930 1658407134 0 5 0.43
4931 1658407134 0 6 0.12
4932 1658407134 0 8 4.997 12.248 11.91
4933 1658407134 0 0 28.31 8.20 125.5 67.89 125.0 7.58 16.6 0.0 367.7 0.84 46.17 1.3
4934 1658407134 0 7 $GNGGA,123853.000,4423.94009,N,00855.14842,E,1,14,0.8,2.4,M,44.7,M,,*46
4935 1658407134 0 7 $GNGGA,123854.000,4423.94003,N,00855.14834,E,1,14,0.8,2.4,M,44.7,M,,*4A
4936 1658407135 0 7 $GNGGA,123855.000,4423.93999,N,00855.14820,E,1,14,0.8,2.5,M,44.7,M,,*42
4937 1658407136 0 1 0.202
4938 1658407136 0 3 2.593 4.978
4939 1658407136 0 4 2.579 1.648
4940 1658407137 0 5 0.42
4941 1658407137 0 6 0.12
4942 1658407137 0 8 4.997 12.238 11.89
4943 1658407137 0 0 28.35 8.20 125.5 67.86 125.0 7.58 16.5 0.0 366.4 0.99 46.15 1.3
4944 1658407137 0 7 $GNGGA,123856.000,4423.93991,N,00855.14811,E,1,14,0.8,2.5,M,44.7,M,,*4B
4945 1658407137 0 7 $GNGGA,123857.000,4423.93991,N,00855.14800,E,1,14,0.8,2.5,M,44.7,M,,*4A
4946 1658407138 0 7 $GNGGA,123858.000,4423.93987,N,00855.14791,E,1,14,0.8,2.5,M,44.7,M,,*45
4947 1658407139 0 1 0.376
4948 1658407139 0 3 2.760 4.978
4949 1658407139 0 4 2.607 1.651
4950 1658407140 0 5 0.43
4951 1658407140 0 6 0.12
4952 1658407140 0 8 4.997 12.107 11.89
4953 1658407140 0 0 28.19 8.20 125.4 68.08 125.0 7.59 16.6 0.0 387.4 1.97 46.33 1.3
4954 1658407140 0 7 $GNGGA,123859.000,4423.93983,N,00855.14780,E,1,14,0.8,2.5,M,44.7,M,,*40
4955 1658407140 0 7 $GNGGA,123900.000,4423.93980,N,00855.14771,E,1,14,0.8,2.5,M,44.7,M,,*40
4956 1658407141 0 7 $GNGGA,123901.000,4423.93971,N,00855.14727,E,1,14,0.8,2.7,M,44.7,M,,*4E
4957 1658407142 0 1 0.409
4958 1658407142 0 3 2.791 4.978
4959 1658407142 0 4 2.612 1.648
4960 1658407143 0 5 0.43
4961 1658407143 0 6 0.12
4962 1658407143 0 8 4.997 12.210 11.89
4963 1658407143 0 0 27.55 8.21 125.4 68.03 125.1 7.67 16.9 0.0 402.0 3.17 46.31 1.3
4964 1658407143 0 7 $GNGGA,123902.000,4423.93969,N,00855.14714,E,1,14,0.8,2.7,M,44.7,M,,*44
4965 1658407143 0 7 $GNGGA,123903.000,4423.93964,N,00855.14699,E,1,14,0.8,2.7,M,44.7,M,,*4C
4966 1658407144 0 7 $GNGGA,123904.000,4423.93958,N,00855.14686,E,1,14,0.8,2.7,M,44.7,M,,*4A
4967 1658407145 0 1 0.537
4968 1658407145 0 3 2.791 4.978
4969 1658407145 0 4 2.614 1.656
4970 1658407146 0 5 0.43
4971 1658407146 0 6 0.12
4972 1658407146 0 8 4.997 12.266 11.89
4973 1658407146 0 0 27.36 8.21 125.5 67.79 125.0 7.70 16.9 0.0 399.3 4.50 46.13 1.2
4974 1658407146 0 7 $GNGGA,123905.000,4423.93953,N,00855.14672,E,1,14,0.8,2.6,M,44.7,M,,*4A
4975 1658407146 0 7 $GNGGA,123906.000,4423.93941,N,00855.14629,E,1,14,0.8,2.7,M,44.7,M,,*45
4976 1658407147 0 7 $GNGGA,123907.000,4423.93934,N,00855.14582,E,1,14,0.8,2.7,M,44.7,M,,*44
4977 1658407148 0 1 0.719
4978 1658407148 0 3 2.791 4.978
4979 1658407148 0 4 2.615 1.648
4980 1658407149 0 5 0.43
4981 1658407149 0 6 0.12
4982 1658407149 0 8 4.997 12.266 11.91
4983 1658407149 0 0 26.98 8.21 125.5 67.91 124.9 7.74 17.0 0.0 419.3 6.03 46.24 1.2
4984 1658407149 0 7 $GNGGA,123908.000,4423.93909,N,00855.14534,E,1,14,0.8,2.5,M,44.7,M,,*4A
4985 1658407149 0 7 $GNGGA,123909.000,4423.93884,N,00855.14469,E,1,14,0.8,2.3,M,44.7,M,,*40
4986 1658407150 0 7 $GNGGA,123910.000,4423.93872,N,00855.14445,E,1,14,0.8,2.2,M,44.7,M,,*4E
4987 1658407151 0 1 2.300
4988 1658407151 0 3 2.791 4.978
4989 1658407151 0 4 2.617 1.648
4990 1658407152 0 5 0.42
4991 1658407152 0 6 0.12
4992 1658407152 0 8 4.997 12.285 11.91
4993 1658407152 0 0 25.77 8.23 125.7 68.09 124.8 7.88 17.5 0.0 468.9 7.54 46.41 1.2
4994 1658407152 0 7 $GNGGA,123911.000,4423.93868,N,00855.14419,E,1,14,0.8,2.2,M,44.7,M,,*4D
4995 1658407152 0 7 $GNGGA,123912.000,4423.93860,N,00855.14410,E,1,14,0.8,2.2,M,44.7,M,,*4F
4996 1658407153 0 7 $GNGGA,123913.000,4423.93853,N,00855.14382,E,1,14,0.8,2.3,M,44.7,M,,*43
4997 1658407154 0 1 3.209
4998 1658407154 0 3 2.791 4.978
4999 1658407154 0 4 2.615 1.646
5000 1658407155 0 5 0.42
5001 1658407155 0 6 0.12
5002 1658407155 0 8 4.997 12.285 11.91
5003 1658407155 0 0 25.31 8.23 125.7 67.57 124.8 7.96 17.4 0.0 462.5 8.53 46.02 1.2
5004 1658407155 0 7 $GNGGA,123914.000,4423.93846,N,00855.14374,E,1,14,0.8,2.3,M,44.7,M,,*49
5005 1658407155 0 7 $GNGGA,123915.000,4423.93837,N,00855.14363,E,1,14,0.8,2.3,M,44.7,M,,*48
5006 1658407156 0 7 $GNGGA,123916.000,4423.93833,N,00855.14346,E,1,14,0.8,2.3,M,44.7,M,,*48
5007 1658407157 0 1 3.606
5008 1658407157 0 3 2.790 4.978
5009 1658407157 0 4 2.616 1.646
5010 1658407158 0 5 0.42
5011 1658407158 0 6 0.12
5012 1658407158 0 8 4.997 12.266 11.89
5013 1658407158 0 0 24.94 8.23 125.8 67.53 124.7 8.00 17.4 0.0 467.8 9.46 46.00 1.1
5014 1658407158 0 7 $GNGGA,123917.000,4423.93835,N,00855.14322,E,1,14,0.8,2.3,M,44.7,M,,*4D
5015 1658407158 0 7 $GNGGA,123918.000,4423.93829,N,00855.14309,E,1,14,0.8,2.3,M,44.7,M,,*46
5016 1658407159 0 7 $GNGGA,123919.000,4423.93821,N,00855.14300,E,1,14,0.8,2.3,M,44.7,M,,*46
5017 1658407160 0 1 5.613
5018 1658407160 0 3 2.790 4.978
5019 1658407160 0 4 2.617 1.646
5020 1658407161 0 5 0.41
5021 1658407161 0 6 0.12
5022 1658407161 0 8 4.997 12.276 11.91
5023 1658407161 0 0 24.42 8.23 126.0 67.50 124.7 8.07 17.5 0.0 474.8 10.35 45.98 1.1
5024 1658407161 0 7 $GNGGA,123920.000,4423.93817,N,00855.14291,E,1,14,0.8,2.3,M,44.7,M,,*40
5025 1658407161 0 7 $GNGGA,123921.000,4423.93816,N,00855.14281,E,1,14,0.8,2.3,M,44.7,M,,*41
5026 1658407162 0 7 $GNGGA,123922.000,4423.93813,N,00855.14273,E,1,14,0.8,2.4,M,44.7,M,,*4D
5027 1658407163 0 1 4.575
5028 1658407163 0 3 2.789 4.978
5029 1658407163 0 4 2.616 1.648
5030 1658407164 0 5 0.41
5031 1658407164 0 6 0.12
5032 1658407164 0 8 4.997 12.285 11.89
5033 1658407164 0 0 24.11 8.23 126.1 67.36 124.8 8.12 17.4 0.0 470.0 11.07 45.89 1.1
5034 1658407164 0 7 $GNGGA,123923.000,4423.93815,N,00855.14260,E,1,14,0.8,2.4,M,44.7,M,,*48
5035 1658407164 0 7 $GNGGA,123924.000,4423.93813,N,00855.14254,E,1,14,0.8,2.4,M,44.7,M,,*4E
5036 1658407165 0 7 $GNGGA,123925.000,4423.93811,N,00855.14248,E,1,14,0.8,2.4,M,44.7,M,,*40
5037 1658407166 0 1 4.581
5038 1658407166 0 3 2.784 4.978
5039 1658407166 0 4 2.615 1.648
5040 1658407167 0 5 0.40
5041 1658407167 0 6 0.11
5042 1658407167 0 8 4.997 12.304 11.91
5043 1658407167 0 0 24.05 8.23 126.2 67.26 124.8 8.13 17.3 0.0 459.0 11.03 45.81 1.0
5044 1658407167 0 7 $GNGGA,123926.000,4423.93812,N,00855.14238,E,1,14,0.8,2.4,M,44.7,M,,*47
5045 1658407167 0 7 $GNGGA,123927.000,4423.93811,N,00855.14229,E,1,14,0.8,2.4,M,44.7,M,,*45
5046 1658407168 0 7 $GNGGA,123928.000,4423.93809,N,00855.14224,E,1,14,0.8,2.4,M,44.7,M,,*4E
5047 1658407169 0 1 4.472
5048 1658407169 0 3 2.784 4.978
5049 1658407169 0 4 2.615 1.646
5050 1658407170 0 5 0.39
5051 1658407170 0 6 0.11
5052 1658407170 0 8 4.997 12.304 11.89
5053 1658407170 0 0 24.05 8.23 126.3 67.30 124.9 8.14 17.2 0.0 443.7 11.02 45.84 1.0
5054 1658407170 0 7 $GNGGA,123929.000,4423.93807,N,00855.14218,E,1,14,0.8,2.5,M,44.7,M,,*4F
5055 1658407170 0 7 $GNGGA,123930.000,4423.93804,N,00855.14212,E,1,14,0.8,2.5,M,44.7,M,,*4E
5056 1658407171 0 7 $GNGGA,123931.000,4423.93799,N,00855.14207,E,1,14,0.8,2.5,M,44.7,M,,*40
5057 1658407172 0 1 4.483
5058 1658407172 0 3 2.783 4.978
5059 1658407172 0 4 2.614 1.646
5060 1658407173 0 5 0.39
5061 1658407173 0 6 0.11
5062 1658407173 0 8 4.997 12.285 11.91
5063 1658407173 0 0 24.05 8.23 126.3 67.33 125.0 8.14 17.1 0.0 435.8 10.87 45.86 1.0
5064 1658407173 0 7 $GNGGA,123932.000,4423.93797,N,00855.14195,E,1,14,0.8,2.5,M,44.7,M,,*45
5065 1658407173 0 7 $GNGGA,123933.000,4423.93794,N,00855.14184,E,1,14,0.8,2.5,M,44.7,M,,*47
5066 1658407174 0 7 $GNGGA,123934.000,4423.93791,N,00855.14131,E,1,14,0.8,2.6,M,44.7,M,,*48
5067 1658407175 0 1 4.635
5068 1658407175 0 3 2.783 4.978
5069 1658407175 0 4 2.613 1.643
5070 1658407176 0 5 0.38
5071 1658407176 0 6 0.11
5072 1658407176 0 8 4.997 12.238 11.89
5073 1658407176 0 0 24.25 8.23 126.3 67.04 125.1 8.13 17.0 0.0 417.1 10.03 45.63 1.0
5074 1658407176 0 7 $GNGGA,123935.000,4423.93789,N,00855.14131,E,1,14,0.8,2.6,M,44.7,M,,*40
5075 1658407176 0 7 $GNGGA,123936.000,4423.93785,N,00855.14126,E,1,14,0.8,2.7,M,44.7,M,,*48
5076 1658407177 0 7 $GNGGA,123937.000,4423.93779,N,00855.14119,E,1,14,0.8,2.7,M,44.7,M,,*46
5077 1658407178 0 1 4.662
5078 1658407178 0 3 2.781 4.978
5079 1658407178 0 4 2.613 1.638
5080 1658407179 0 5 0.37
5081 1658407179 0 6 0.10
5082 1658407179 0 8 4.997 12.032 11.89
5083 1658407179 0 0 24.59 8.23 126.2 66.95 125.3 8.11 16.7 0.0 391.6 9.04 45.55 1.1
5084 1658407179 0 7 $GNGGA,123938.000,4423.93774,N,00855.14111,E,1,14,0.8,2.7,M,44.7,M,,*4C
5085 1658407179 0 7 $GNGGA,123939.000,4423.93771,N,00855.14106,E,1,14,0.8,2.7,M,44.7,M,,*4E
5086 1658407180 0 7 $GNGGA,123940.000,4423.93768,N,00855.14101,E,1,14,0.8,2.7,M,44.7,M,,*4F
5087 1658407181 0 1 4.343
5088 1658407181 0 3 2.780 4.978
5089 1658407181 0 4 2.612 1.598
5090 1658407182 0 5 0.36
5091 1658407182 0 6 0.10
5092 1658407182 0 8 4.997 12.041 11.89
5093 1658407182 0 0 24.90 8.23 126.2 66.96 125.5 8.08 16.5 0.0 369.4 7.93 45.56 1.1
5094 1658407182 0 7 $GNGGA,123941.000,4423.93763,N,00855.14096,E,1,14,0.8,2.8,M,44.7,M,,*45
5095 1658407182 0 7 $GNGGA,123942.000,4423.93760,N,00855.14092,E,1,14,0.8,2.8,M,44.7,M,,*41
5096 1658407183 0 7 $GNGGA,123943.000,4423.93758,N,00855.14088,E,1,14,0.8,2.8,M,44.7,M,,*40
5097 1658407184 0 1 3.261
5098 1658407184 0 3 2.780 4.978
5099 1658407184 0 4 2.612 1.616
5100 1658407185 0 5 0.35
5101 1658407185 0 6 0.10
5102 1658407185 0 8 4.997 12.210 11.89
5103 1658407185 0 0 25.32 8.23 126.0 67.00 125.8 8.04 16.4 0.0 350.7 7.17 45.58 1.1
5104 1658407185 0 7 $GNGGA,123944.000,4423.93756,N,00855.14084,E,1,14,0.8,2.8,M,44.7,M,,*45
5105 1658407185 0 7 $GNGGA,123945.000,4423.93754,N,00855.14079,E,1,14,0.8,2.9,M,44.7,M,,*45
5106 1658407186 0 7 $GNGGA,123946.000,4423.93752,N,00855.14073,E,1,14,0.8,2.9,M,44.7,M,,*4A
5107 1658407187 0 1 3.060
5108 1658407187 0 3 2.779 4.978
5109 1658407187 0 4 2.610 1.614
5110 1658407188 0 5 0.35
5111 1658407188 0 6 0.10
5112 1658407188 0 8 4.997 12.004 11.89
5113 1658407188 0 0 25.52 8.23 126.0 67.23 126.2 8.03 16.3 0.0 342.1 6.32 45.75 1.1
5114 1658407188 0 7 $GNGGA,123947.000,4423.93750,N,00855.14067,E,1,14,0.8,2.9,M,44.7,M,,*4C
5115 1658407188 0 7 $GNGGA,123948.000,4423.93750,N,00855.14058,E,1,14,0.8,2.9,M,44.7,M,,*4F
5116 1658407189 0 7 $GNGGA,123949.000,4423.93751,N,00855.14048,E,1,14,0.8,2.9,M,44.7,M,,*4E
5117 1658407190 0 1 1.795
5118 1658407190 0 3 2.779 4.978
5119 1658407190 0 4 2.610 1.616
5120 1658407191 0 5 0.34
5121 1658407191 0 6 0.10
5122 1658407191 0 8 4.997 11.985 11.89
5123 1658407191 0 0 26.50 8.22 126.0 66.28 126.7 7.97 15.9 0.0 289.4 5.41 44.99 1.1
5124 1658407191 0 7 $GNGGA,123950.000,4423.93751,N,00855.14034,E,1,14,0.8,2.9,M,44.7,M,,*4D
5125 1658407191 0 7 $GNGGA,123951.000,4423.93751,N,00855.14023,E,1,14,0.8,2.9,M,44.7,M,,*4A
5126 1658407192 0 7 $GNGGA,123952.000,4423.93752,N,00855.14011,E,1,14,0.8,2.9,M,44.7,M,,*4B
5127 1658407193 0 1 0.797
5128 1658407193 0 3 2.778 4.978
5129 1658407193 0 4 2.609 1.616
5130 1658407194 0 5 0.34
5131 1658407194 0 6 0.10
5132 1658407194 0 8 4.997 12.154 11.91
5133 1658407194 0 0 27.10 8.22 125.8 67.14 127.3 7.90 15.7 0.0 284.6 4.39 45.64 1.2
5134 1658407194 0 7 $GNGGA,123953.000,4423.93753,N,00855.14000,E,1,14,0.8,2.9,M,44.7,M,,*4B
5135 1658407194 0 7 $GNGGA,123954.000,4423.93753,N,00855.13986,E,1,14,0.8,2.9,M,44.7,M,,*4C
5136 1658407195 0 7 $GNGGA,123955.000,4423.93753,N,00855.13976,E,1,14,0.8,2.9,M,44.7,M,,*42
5137 1658407196 0 1 0.663
5138 1658407196 0 3 2.775 4.978
5139 1658407196 0 4 2.607 1.616
5140 1658407197 0 5 0.33
5141 1658407197 0 6 0.09
5142 1658407197 0 8 4.997 11.938 11.89
5143 1658407197 0 0 27.42 8.21 125.8 67.35 128.0 7.90 15.7 0.0 277.7 3.32 45.79 1.2
5144 1658407197 0 7 $GNGGA,123956.000,4423.93753,N,00855.13966,E,1,14,0.8,2.9,M,44.7,M,,*40
5145 1658407197 0 7 $GNGGA,123957.000,4423.93751,N,00855.13956,E,1,14,0.8,2.9,M,44.7,M,,*40
5146 1658407198 0 7 $GNGGA,123958.000,4423.93749,N,00855.13950,E,1,14,0.8,2.9,M,44.7,M,,*40
5147 1658407199 0 1 0.529
5148 1658407199 0 3 2.762 4.978
5149 1658407199 0 4 2.605 1.618
5150 1658407200 0 5 0.33
5151 1658407200 0 6 0.09
5152 1658407200 0 8 4.997 12.257 11.91
5153 1658407200 0 0 27.66 8.21 125.7 67.48 128.8 7.91 15.7 0.0 270.4 2.35 45.88 1.2
5154 1658407200 0 7 $GNGGA,123959.000,4423.93749,N,00855.13941,E,1,14,0.8,3.0,M,44.7,M,,*49
5155 1658407200 0 7 $GNGGA,124000.000,4423.93748,N,00855.13935,E,1,14,0.8,3.0,M,44.7,M,,*49
5156 1658407201 0 7 $GNGGA,124001.000,4423.93746,N,00855.13928,E,1,14,0.8,3.0,M,44.7,M,,*4A
5157 1658407202 0 1 0.297
5158 1658407202 0 3 2.703 4.978
5159 1658407202 0 4 2.602 1.618
5160 1658407203 0 5 0.33
5161 1658407203 0 6 0.09
5162 1658407203 0 8 4.997 12.220 11.91
5163 1658407203 0 0 27.91 8.21 125.5 67.56 129.8 7.94 15.7 0.0 262.5 1.72 45.93 1.2
5164 1658407203 0 7 $GNGGA,124002.000,4423.93745,N,00855.13922,E,1,14,0.8,3.0,M,44.7,M,,*40
5165 1658407203 0 7 $GNGGA,124003.000,4423.93743,N,00855.13915,E,1,14,0.8,3.0,M,44.7,M,,*43
5166 1658407204 0 7 $GNGGA,124004.000,4423.93742,N,00855.13908,E,1,14,0.8,3.0,M,44.7,M,,*49
5167 1658407205 0 1 0.323
5168 1658407205 0 3 2.621 4.978
5169 1658407205 0 4 2.595 1.618
5170 1658407206 0 5 0.33
5171 1658407206 0 6 0.10
5172 1658407206 0 8 4.997 12.229 11.89
5173 1658407206 0 0 28.18 8.21 125.5 67.54 131.0 7.98 15.7 0.0 256.3 1.25 45.91 1.2
5174 1658407206 0 7 $GNGGA,124005.000,4423.93740,N,00855.13903,E,1,14,0.8,3.0,M,44.7,M,,*41
5175 1658407206 0 7 $GNGGA,124006.000,4423.93739,N,00855.13897,E,1,14,0.8,3.0,M,44.7,M,,*40
5176 1658407207 0 7 $GNGGA,124007.000,4423.93739,N,00855.13892,E,1,14,0.8,3.0,M,44.7,M,,*44
5177 1658407208 0 1 0.395
