/home/danielacabiddu/Devel/src/MATRAC/test/tuttomatrac/data/porto_grid.mesh
8882 1658392947 0 1 2.576
8885 1658392948 0 7 $GNGGA,084228.000,4424.51847,N,00855.15198,E,1,12,0.8,9.2,M,44.7,M,,*44
8888 1658392950 0 5 0.92
8889 1658392950 0 6 0.09
8892 1658392950 0 0 26.68 8.19 136.2 67.41 136.9 8.54 17.0 0.0 257.1 0.47 45.86 1.1
8893 1658392951 0 7 $GNGGA,084229.000,4424.51855,N,00855.15206,E,1,12,0.8,9.1,M,44.7,M,,*41
8894 1658392952 0 7 $GNGGA,084231.000,4424.51866,N,00855.15215,E,1,12,0.8,9.1,M,44.7,M,,*4A
8895 1658392952 0 3 2.597 4.979
8898 1658392953 0 6 0.09
8899 1658392953 0 8 4.994 9.775 9.54
8900 1658392953 0 1 3.118
8903 1658392955 0 7 $GNGGA,084234.000,4424.51883,N,00855.15234,E,1,12,0.8,9.0,M,44.7,M,,*46
8904 1658392955 0 3 2.597 4.979
8906 1658392956 0 5 0.93
8909 1658392956 0 1 2.478
8910 1658392956 0 0 26.68 8.19 136.0 67.41 137.0 8.55 17.1 0.0 258.8 0.44 45.86 1.2
8912 1658392957 0 7 $GNGGA,084237.000,4424.51905,N,00855.15252,E,1,12,0.8,9.1,M,44.7,M,,*4B
8913 1658392958 0 3 2.598 4.979
8914 1658392959 0 4 2.550 1.519
8915 1658392959 0 5 0.93
8916 1658392959 0 6 0.09
8917 1658392959 0 8 4.997 9.775 9.54
8920 1658392959 0 7 $GNGGA,084238.000,4424.51912,N,00855.15264,E,1,12,0.8,9.1,M,44.7,M,,*47
8921 1658392960 0 7 $GNGGA,084240.000,4424.51921,N,00855.15269,E,1,12,0.8,9.1,M,44.7,M,,*45
8922 1658392961 0 3 2.598 4.979
8923 1658392962 0 4 2.551 1.502
8925 1658392962 0 6 0.09
8926 1658392962 0 8 4.994 9.775 9.54
8927 1658392962 0 1 2.390
8928 1658392962 0 0 26.69 8.19 135.7 67.52 136.7 8.53 17.1 0.0 261.9 0.46 45.94 1.2
8929 1658392962 0 7 $GNGGA,084241.000,4424.51930,N,00855.15276,E,1,12,0.8,9.2,M,44.7,M,,*49
8930 1658392963 0 7 $GNGGA,084243.000,4424.51939,N,00855.15280,E,1,12,0.8,9.2,M,44.7,M,,*4B
8931 1658392964 0 3 2.599 4.979
8933 1658392965 0 5 0.94
8934 1658392965 0 6 0.10
8935 1658392965 0 8 4.994 9.784 9.54
8936 1658392965 0 1 2.449
8938 1658392965 0 7 $GNGGA,084244.000,4424.51948,N,00855.15287,E,1,12,0.8,9.2,M,44.7,M,,*4D
8939 1658392966 0 7 $GNGGA,084246.000,4424.51956,N,00855.15291,E,1,12,0.8,9.3,M,44.7,M,,*46
8940 1658392967 0 3 2.598 4.979
8944 1658392968 0 8 4.997 9.784 9.54
8945 1658392968 0 1 2.377
8946 1658392968 0 0 26.68 8.19 135.5 67.45 136.3 8.50 17.2 0.0 264.3 0.47 45.89 1.2
8948 1658392969 0 7 $GNGGA,084249.000,4424.51976,N,00855.15309,E,1,12,0.8,9.4,M,44.7,M,,*4C
8949 1658392970 0 3 2.598 4.979
8950 1658392971 0 4 2.548 1.476
8951 1658392971 0 5 0.96
8952 1658392971 0 6 0.10
8953 1658392971 0 2 0.04090000 7.05210018 2.08999991 0.05420000 2.83730010 0.00420000 0.09600001 0.18120000 1.00000000 80.15899658
8954 1658392971 0 7 $GNGGA,084250.000,4424.51981,N,00855.15312,E,1,12,0.8,9.4,M,44.7,M,,*46
8955 1658392972 0 7 $GNGGA,084252.000,4424.51989,N,00855.15321,E,1,12,0.8,9.4,M,44.7,M,,*4C
8956 1658392973 0 3 2.598 4.979
8964 1658392976 0 7 $GNGGA,084255.000,4424.52004,N,00855.15341,E,1,12,0.8,9.4,M,44.7,M,,*42
8965 1658392976 0 3 2.598 4.979
8966 1658392977 0 4 2.544 1.479
8967 1658392977 0 5 0.96
8971 1658392977 0 0 26.68 8.19 135.2 67.47 135.4 8.45 17.2 0.0 267.2 0.43 45.91 1.2
8972 1658392978 0 7 $GNGGA,084256.000,4424.52008,N,00855.15347,E,1,12,0.8,9.4,M,44.7,M,,*4B
8974 1658392979 0 3 2.598 4.979
8975 1658392980 0 4 2.541 1.477
8976 1658392980 0 5 0.96
8977 1658392980 0 6 0.10
8978 1658392980 0 8 4.997 9.775 9.54
8979 1658392980 0 1 2.767
8980 1658392980 0 0 26.68 8.19 135.0 67.53 135.3 8.44 17.2 0.0 268.9 0.47 45.95 1.2
8981 1658392980 0 7 $GNGGA,084259.000,4424.52014,N,00855.15361,E,1,12,0.8,9.4,M,44.7,M,,*4D
8982 1658392981 0 7 $GNGGA,084301.000,4424.52018,N,00855.15370,E,1,12,0.8,9.4,M,44.7,M,,*4D
8983 1658392982 0 3 2.597 4.978
8984 1658392983 0 4 2.510 1.454
8985 1658392983 0 5 1.02
8986 1658392983 0 6 0.14
8987 1658392983 0 8 4.994 9.766 9.54
8988 1658392983 0 1 4.346
8989 1658392983 0 0 26.63 8.19 135.3 24.19 134.6 10.02 17.2 0.0 68.5 0.40 14.64 1.2
8990 1658392983 0 7 $GNGGA,084302.000,4424.52019,N,00855.15373,E,1,12,0.8,9.4,M,44.7,M,,*4C
8991 1658392984 0 7 $GNGGA,084304.000,4424.52020,N,00855.15377,E,1,12,0.8,9.4,M,44.7,M,,*44
8992 1658392985 0 3 2.598 4.978
8993 1658392986 0 4 2.508 1.458
8994 1658392986 0 5 1.07
8995 1658392986 0 6 0.21
8996 1658392986 0 8 4.994 9.775 9.54
8997 1658392986 0 1 2.230
8998 1658392986 0 0 26.56 8.26 127.1 0.086 134.4 10.87 5.3 0.0 36.9 0.41 0.04 0.6
8999 1658392986 0 7 $GNGGA,084305.000,4424.52026,N,00855.15382,E,1,12,0.8,9.4,M,44.7,M,,*49
9000 1658392987 0 7 $GNGGA,084307.000,4424.52032,N,00855.15385,E,1,12,0.8,9.4,M,44.7,M,,*49
9001 1658392988 0 3 2.597 4.979
9002 1658392989 0 4 2.507 1.461
9003 1658392989 0 5 1.02
9004 1658392989 0 6 0.16
9005 1658392989 0 8 4.997 9.766 9.54
9006 1658392989 0 1 0.631
9007 1658392989 0 0 26.53 8.27 126.4 0.067 134.1 10.86 4.5 0.0 27.9 0.41 0.03 0.5
9008 1658392989 0 7 $GNGGA,084308.000,4424.52038,N,00855.15390,E,1,12,0.8,9.4,M,44.7,M,,*48
9009 1658392990 0 7 $GNGGA,084310.000,4424.52046,N,00855.15397,E,1,12,0.8,9.3,M,44.7,M,,*48
9010 1658392991 0 3 2.598 4.979
9011 1658392992 0 4 2.504 1.459
9012 1658392992 0 5 1.01
9013 1658392992 0 6 0.14
9014 1658392992 0 8 4.997 9.766 9.54
9015 1658392992 0 1 0.701
9016 1658392992 0 0 26.49 8.25 126.1 0.057 134.0 10.85 4.1 0.0 14.4 0.41 0.03 0.4
9017 1658392993 0 7 $GNGGA,084311.000,4424.52050,N,00855.15400,E,1,12,0.8,9.3,M,44.7,M,,*47
9018 1658392993 0 7 $GNGGA,084313.000,4424.52059,N,00855.15408,E,1,12,0.8,9.3,M,44.7,M,,*44
9019 1658392994 0 3 2.596 4.979
9020 1658392995 0 4 2.504 1.459
9021 1658392995 0 5 1.02
9022 1658392995 0 6 0.16
9023 1658392995 0 8 4.994 9.766 9.54
9024 1658392995 0 1 0.767
9025 1658392995 0 0 26.41 8.26 117.4 0.052 133.8 10.86 2.2 0.0 6.5 0.41 0.03 0.2
9026 1658392995 0 7 $GNGGA,084314.000,4424.52064,N,00855.15411,E,1,12,0.8,9.3,M,44.7,M,,*45
9027 1658392997 0 7 $GNGGA,084316.000,4424.52073,N,00855.15415,E,1,12,0.8,9.3,M,44.7,M,,*45
9028 1658392997 0 3 2.595 4.979
9029 1658392998 0 4 2.504 1.459
9030 1658392998 0 5 1.01
9031 1658392998 0 6 0.15
9032 1658392998 0 8 4.997 9.766 9.56
9033 1658392998 0 1 0.036
9034 1658392998 0 0 26.31 8.24 121.2 0.048 133.7 10.87 2.3 0.0 11.2 0.41 0.02 0.2
9035 1658392998 0 7 $GNGGA,084317.000,4424.52075,N,00855.15416,E,1,12,0.8,9.3,M,44.7,M,,*41
9036 1658393000 0 7 $GNGGA,084319.000,4424.52083,N,00855.15421,E,1,12,0.8,9.3,M,44.7,M,,*42
9037 1658393000 0 3 2.582 4.979
9038 1658393001 0 4 2.503 1.456
9039 1658393001 0 5 1.01
9040 1658393001 0 6 0.15
9041 1658393001 0 8 4.997 9.766 9.54
9042 1658393001 0 1 0.067
9043 1658393001 0 0 26.22 8.23 125.4 0.046 133.5 10.87 2.1 0.0 9.0 0.41 0.02 0.2
9044 1658393001 0 7 $GNGGA,084320.000,4424.52089,N,00855.15426,E,1,12,0.8,9.3,M,44.7,M,,*45
9045 1658393003 0 7 $GNGGA,084322.000,4424.52098,N,00855.15432,E,1,12,0.8,9.3,M,44.7,M,,*42
9046 1658393003 0 3 2.582 4.979
9047 1658393004 0 4 2.503 1.459
9048 1658393004 0 5 1.01
9049 1658393004 0 6 0.14
9050 1658393004 0 8 4.994 9.766 9.56
9051 1658393004 0 1 1.179
9052 1658393004 0 0 26.15 8.14 129.6 0.044 133.3 10.87 2.8 0.0 8.0 0.41 0.02 0.2
9053 1658393004 0 7 $GNGGA,084323.000,4424.52100,N,00855.15434,E,1,12,0.8,9.3,M,44.7,M,,*45
9054 1658393005 0 7 $GNGGA,084325.000,4424.52104,N,00855.15438,E,1,12,0.8,9.4,M,44.7,M,,*4C
9055 1658393006 0 3 2.582 4.979
9056 1658393007 0 4 2.502 1.454
9057 1658393007 0 5 1.01
9058 1658393007 0 6 0.14
9059 1658393007 0 8 4.994 9.766 9.56
9060 1658393007 0 1 0.606
9061 1658393007 0 0 26.11 8.20 128.5 0.042 133.1 10.86 2.2 0.0 7.0 0.41 0.02 0.2
9062 1658393008 0 7 $GNGGA,084326.000,4424.52107,N,00855.15440,E,1,12,0.8,9.4,M,44.7,M,,*43
9063 1658393008 0 7 $GNGGA,084328.000,4424.52111,N,00855.15446,E,1,12,0.8,9.4,M,44.7,M,,*4C
9064 1658393009 0 3 2.582 4.979
9065 1658393010 0 4 2.500 1.444
9066 1658393010 0 5 1.01
9067 1658393010 0 6 0.14
9068 1658393010 0 8 4.997 9.766 9.54
9069 1658393010 0 1 0.014
9070 1658393010 0 0 26.09 8.11 131.5 0.040 133.0 10.85 2.6 0.0 13.3 0.41 0.02 0.2
9071 1658393010 0 7 $GNGGA,084329.000,4424.52115,N,00855.15452,E,1,12,0.8,9.4,M,44.7,M,,*4C
9073 1658393012 0 3 2.583 4.979
9074 1658393013 0 4 2.500 1.434
9075 1658393013 0 5 1.02
9076 1658393013 0 6 0.15
9077 1658393013 0 8 4.997 9.775 9.56
9078 1658393013 0 1 1.005
9079 1658393013 0 0 26.09 8.11 133.4 0.039 132.9 10.84 2.7 0.0 16.4 0.41 0.02 0.2
9080 1658393014 0 7 $GNGGA,084332.000,4424.52121,N,00855.15462,E,1,12,0.8,9.4,M,44.7,M,,*42
9081 1658393015 0 7 $GNGGA,084334.000,4424.52118,N,00855.15514,E,1,12,0.8,9.1,M,44.7,M,,*4B
9082 1658393015 0 3 2.582 4.979
9083 1658393016 0 4 2.496 1.449
9084 1658393016 0 5 1.04
9085 1658393016 0 6 0.17
9086 1658393016 0 8 4.994 9.775 9.54
9087 1658393016 0 1 0.043
9088 1658393016 0 0 26.09 8.13 130.5 0.038 132.7 10.83 2.6 0.0 8.2 0.41 0.02 0.2
9089 1658393016 0 7 $GNGGA,084335.000,4424.52127,N,00855.15560,E,1,12,0.8,9.6,M,44.7,M,,*42
9090 1658393018 0 7 $GNGGA,084337.000,4424.52136,N,00855.15574,E,1,12,0.8,9.6,M,44.7,M,,*45
9091 1658393018 0 3 2.582 4.978
9092 1658393019 0 4 2.495 1.444
9093 1658393019 0 5 1.07
9094 1658393019 0 6 0.20
9095 1658393019 0 8 4.997 9.766 9.54
9096 1658393019 0 1 0.028
9097 1658393019 0 0 26.08 8.19 129.8 0.037 132.5 10.82 2.0 0.0 12.1 0.41 0.02 0.1
9098 1658393019 0 7 $GNGGA,084338.000,4424.52138,N,00855.15580,E,1,12,0.8,9.6,M,44.7,M,,*4F
9099 1658393020 0 7 $GNGGA,084340.000,4424.52189,N,00855.15677,E,1,12,0.8,9.7,M,44.7,M,,*40
9100 1658393021 0 3 2.582 4.978
9101 1658393022 0 4 2.495 1.444
9102 1658393022 0 5 1.08
9103 1658393022 0 6 0.21
9104 1658393022 0 8 4.994 9.766 9.54
9105 1658393022 0 1 0.158
9106 1658393022 0 0 26.05 8.10 133.6 0.036 132.3 10.81 2.5 0.0 13.3 0.41 0.02 0.1
9107 1658393022 0 7 $GNGGA,084341.000,4424.52218,N,00855.15766,E,1,12,0.8,9.8,M,44.7,M,,*44
9108 1658393024 0 7 $GNGGA,084343.000,4424.52249,N,00855.15917,E,1,12,0.8,10.2,M,44.7,M,,*78
9109 1658393024 0 3 2.582 4.978
9110 1658393025 0 4 2.495 1.429
9111 1658393025 0 5 1.06
9112 1658393025 0 6 0.19
9113 1658393025 0 8 4.994 9.756 9.54
9114 1658393025 0 1 0.099
9115 1658393025 0 0 26.01 8.08 135.3 0.036 132.2 10.80 2.6 0.0 13.2 0.41 0.02 0.1
9116 1658393025 0 7 $GNGGA,084344.000,4424.52266,N,00855.15964,E,1,12,0.8,10.6,M,44.7,M,,*72
9117 1658393027 0 7 $GNGGA,084346.000,4424.52300,N,00855.16058,E,1,12,0.8,11.0,M,44.7,M,,*73
9118 1658393027 0 3 2.582 4.979
9119 1658393028 0 4 2.495 1.416
9120 1658393028 0 5 1.06
9121 1658393028 0 6 0.19
9122 1658393028 0 8 4.997 9.766 9.56
9123 1658393028 0 1 0.215
9124 1658393028 0 0 25.97 8.07 135.5 0.035 132.0 10.79 2.6 0.0 13.4 0.41 0.02 0.1
9125 1658393029 0 7 $GNGGA,084347.000,4424.52308,N,00855.16118,E,1,12,0.8,11.0,M,44.7,M,,*7F
9126 1658393030 0 7 $GNGGA,084349.000,4424.52339,N,00855.16261,E,1,12,0.8,10.7,M,44.7,M,,*78
9127 1658393030 0 3 2.582 4.978
9128 1658393031 0 4 2.495 1.416
9129 1658393031 0 5 1.06
9130 1658393031 0 6 0.20
9131 1658393031 0 8 4.997 9.766 9.56
9132 1658393031 0 1 0.112
9133 1658393031 0 0 25.95 8.09 135.6 0.035 131.8 10.78 2.5 0.0 12.8 0.41 0.02 0.1
9134 1658393031 0 7 $GNGGA,084350.000,4424.52351,N,00855.16300,E,1,12,0.8,10.8,M,44.7,M,,*77
9135 1658393033 0 7 $GNGGA,084352.000,4424.52395,N,00855.16432,E,1,12,0.8,10.5,M,44.7,M,,*76
9136 1658393033 0 3 2.583 4.979
9137 1658393034 0 4 2.495 1.414
9138 1658393034 0 5 1.04
9139 1658393034 0 6 0.18
9140 1658393034 0 8 4.994 9.455 9.51
9141 1658393034 0 1 0.604
9142 1658393034 0 0 25.95 8.10 135.6 0.034 131.6 10.76 2.6 0.0 14.9 0.41 0.02 0.2
9143 1658393035 0 7 $GNGGA,084353.000,4424.52417,N,00855.16489,E,1,12,0.8,10.5,M,44.7,M,,*7A
9144 1658393036 0 7 $GNGGA,084355.000,4424.52468,N,00855.16656,E,1,12,0.8,11.3,M,44.7,M,,*73
9145 1658393036 0 3 2.582 4.979
9146 1658393037 0 4 2.495 1.381
9147 1658393037 0 5 1.05
9148 1658393037 0 6 0.18
9149 1658393037 0 8 4.994 9.766 9.54
9150 1658393037 0 1 0.050
9151 1658393037 0 0 25.98 8.08 134.7 0.034 131.5 10.75 2.5 0.0 10.7 0.41 0.02 0.1
9152 1658393037 0 7 $GNGGA,084356.000,4424.52486,N,00855.16732,E,1,12,0.8,11.6,M,44.7,M,,*76
9153 1658393039 0 7 $GNGGA,084358.000,4424.52550,N,00855.16857,E,1,12,0.8,12.2,M,44.7,M,,*79
9154 1658393039 0 3 2.582 4.978
9155 1658393040 0 4 2.496 1.394
9156 1658393040 0 5 1.08
9157 1658393040 0 6 0.22
9158 1658393040 0 8 4.997 9.766 9.54
9159 1658393040 0 1 0.429
9160 1658393040 0 0 26.00 8.07 137.3 0.033 131.4 10.74 2.3 0.0 12.2 0.41 0.02 0.1
9161 1658393040 0 7 $GNGGA,084359.000,4424.52590,N,00855.16910,E,1,12,0.8,12.8,M,44.7,M,,*7C
9162 1658393042 0 7 $GNGGA,084401.000,4424.52630,N,00855.16989,E,1,12,0.8,13.3,M,44.7,M,,*75
9163 1658393042 0 3 2.582 4.978
9164 1658393043 0 4 2.495 1.394
9165 1658393043 0 5 1.09
9166 1658393043 0 6 0.23
9167 1658393043 0 8 4.994 9.737 9.54
9168 1658393043 0 1 0.154
9169 1658393043 0 0 26.01 7.96 144.4 0.033 131.3 10.73 2.5 0.0 12.8 0.41 0.02 0.1
9170 1658393043 0 7 $GNGGA,084402.000,4424.52661,N,00855.17095,E,1,12,0.8,13.4,M,44.7,M,,*70
9171 1658393045 0 7 $GNGGA,084404.000,4424.52741,N,00855.17291,E,1,12,0.8,13.2,M,44.7,M,,*75
9172 1658393045 0 3 2.582 4.978
9173 1658393046 0 4 2.495 1.393
9174 1658393046 0 5 1.08
9175 1658393046 0 6 0.22
9176 1658393046 0 8 4.994 9.756 9.56
9177 1658393046 0 1 1.767
9178 1658393046 0 0 26.01 8.01 142.4 0.032 131.2 10.72 2.5 0.0 13.6 0.41 0.02 0.1
9179 1658393046 0 7 $GNGGA,084405.000,4424.52787,N,00855.17365,E,1,12,0.8,13.0,M,44.7,M,,*76
9180 1658393048 0 7 $GNGGA,084407.000,4424.52853,N,00855.17574,E,1,12,0.8,12.9,M,44.7,M,,*7C
9181 1658393048 0 3 2.582 4.978
9182 1658393049 0 4 2.495 1.393
9183 1658393049 0 5 1.07
9184 1658393049 0 6 0.23
9185 1658393049 0 8 4.994 9.747 9.54
9186 1658393049 0 1 0.103
9187 1658393050 0 0 26.03 8.07 139.2 0.032 131.1 10.71 2.4 0.0 12.8 0.40 0.02 0.1
9188 1658393050 0 7 $GNGGA,084408.000,4424.52869,N,00855.17656,E,1,12,0.8,12.7,M,44.7,M,,*77
9189 1658393051 0 3 2.582 4.978
9678 1658393215 0 7 $GNGGA,084655.000,4424.56296,N,00855.28463,E,1,12,0.8,8.2,M,44.7,M,,*45
9679 1658393216 0 3 2.585 4.979
9680 1658393217 0 4 2.530 1.310
9681 1658393217 0 5 0.98
9682 1658393217 0 6 0.12
9683 1658393217 0 8 4.997 9.832 9.54
9686 1658393218 0 7 $GNGGA,084656.000,4424.56310,N,00855.28478,E,1,12,0.8,8.2,M,44.7,M,,*43
9687 1658393219 0 3 2.585 4.979
9690 1658393220 0 6 0.12
9691 1658393220 0 8 4.997 9.813 9.54
9692 1658393220 0 1 2.833
9693 1658393220 0 0 26.70 8.18 134.2 67.33 127.1 7.93 17.5 0.0 326.2 0.47 45.80 1.2
9695 1658393221 0 7 $GNGGA,084701.000,4424.56431,N,00855.28649,E,1,12,0.8,9.6,M,44.7,M,,*41
9696 1658393222 0 3 2.585 4.979
9697 1658393223 0 4 2.531 1.310
9698 1658393223 0 5 0.98
9702 1658393223 0 0 26.72 8.18 133.9 67.39 127.2 7.93 17.5 0.0 326.0 0.47 45.84 1.2
9703 1658393223 0 7 $GNGGA,084702.000,4424.56444,N,00855.28680,E,1,12,0.8,10.1,M,44.7,M,,*7A
9705 1658393225 0 3 2.585 4.979
9711 1658393226 0 0 26.70 8.18 133.7 67.42 127.3 7.94 17.5 0.0 328.8 0.49 45.86 1.2
9712 1658393227 0 7 $GNGGA,084705.000,4424.56477,N,00855.28789,E,1,12,0.8,11.0,M,44.7,M,,*75
9713 1658393227 0 7 $GNGGA,084707.000,4424.56520,N,00855.28820,E,1,12,0.8,11.0,M,44.7,M,,*78
9715 1658393229 0 4 2.532 1.315
9716 1658393229 0 5 0.98
9717 1658393229 0 6 0.12
9718 1658393229 0 8 4.997 9.860 9.54
9719 1658393229 0 1 2.139
9720 1658393229 0 0 26.75 8.18 133.5 67.41 127.4 7.94 17.4 0.0 326.4 0.51 45.86 1.2
9722 1658393230 0 7 $GNGGA,084710.000,4424.56573,N,00855.28858,E,1,12,0.8,11.6,M,44.7,M,,*71
9723 1658393231 0 3 2.584 4.979
9724 1658393232 0 4 2.533 1.315
9725 1658393232 0 5 0.98
9726 1658393232 0 6 0.12
9727 1658393232 0 8 4.997 9.832 9.54
9728 1658393232 0 1 2.186
9729 1658393233 0 0 26.74 8.18 133.3 67.43 127.5 7.95 17.5 0.0 328.8 0.48 45.87 1.2
9730 1658393233 0 7 $GNGGA,084711.000,4424.56576,N,00855.28859,E,1,12,0.8,11.6,M,44.7,M,,*74
9731 1658393234 0 3 2.585 4.979
9739 1658393236 0 7 $GNGGA,084716.000,4424.56601,N,00855.28869,E,1,12,0.8,11.4,M,44.7,M,,*71
9740 1658393237 0 3 2.585 4.979
9741 1658393238 0 4 2.530 1.317
9743 1658393238 0 6 0.12
9748 1658393239 0 7 $GNGGA,084719.000,4424.56616,N,00855.28875,E,1,12,0.8,11.4,M,44.7,M,,*75
9750 1658393241 0 4 2.534 1.317
9751 1658393241 0 5 0.97
9752 1658393241 0 6 0.12
9753 1658393241 0 8 4.997 9.832 9.54
9756 1658393241 0 7 $GNGGA,084720.000,4424.56623,N,00855.28873,E,1,12,0.8,11.5,M,44.7,M,,*7E
9757 1658393242 0 7 $GNGGA,084722.000,4424.56661,N,00855.28904,E,1,12,0.8,11.4,M,44.7,M,,*7A
9758 1658393243 0 3 2.584 4.979
9761 1658393244 0 6 0.12
9762 1658393244 0 8 4.997 9.803 9.54
9766 1658393245 0 7 $GNGGA,084725.000,4424.56734,N,00855.28989,E,1,12,0.8,11.3,M,44.7,M,,*7E
9767 1658393246 0 3 2.584 4.979
9768 1658393247 0 4 2.540 1.315
9771 1658393247 0 8 4.997 9.813 9.51
9772 1658393247 0 1 2.715
9773 1658393247 0 0 26.78 8.18 132.4 67.51 128.1 7.98 17.5 0.0 332.2 0.50 45.93 1.2
9775 1658393249 0 3 2.597 4.979
9776 1658393250 0 4 2.610 1.315
9777 1658393250 0 5 0.97
9778 1658393250 0 6 0.11
9779 1658393250 0 8 4.997 9.850 9.54
9782 1658393250 0 7 $GNGGA,084729.000,4424.56762,N,00855.29012,E,1,12,0.8,11.3,M,44.7,M,,*7B
9783 1658393251 0 7 $GNGGA,084731.000,4424.56773,N,00855.29022,E,1,12,0.8,11.3,M,44.7,M,,*71
9784 1658393252 0 3 2.709 4.979
9787 1658393253 0 6 0.11
9788 1658393253 0 8 4.997 9.794 9.54
9789 1658393253 0 1 3.086
9793 1658393255 0 3 2.772 4.979
9794 1658393256 0 4 2.704 1.384
9798 1658393256 0 1 3.602
9799 1658393256 0 0 26.32 8.19 132.0 67.52 128.8 8.08 17.6 0.0 346.7 2.33 45.95 1.1
9800 1658393256 0 7 $GNGGA,084735.000,4424.56809,N,00855.29049,E,1,12,0.8,11.1,M,44.7,M,,*78
9801 1658393257 0 7 $GNGGA,084737.000,4424.56827,N,00855.29100,E,1,12,0.8,10.7,M,44.7,M,,*7D
9802 1658393258 0 3 2.779 4.979
9803 1658393259 0 4 2.706 1.417
9804 1658393259 0 5 0.96
9805 1658393259 0 6 0.11
9806 1658393259 0 8 4.997 9.879 9.54
9809 1658393259 0 7 $GNGGA,084738.000,4424.56840,N,00855.29141,E,1,12,0.8,10.4,M,44.7,M,,*75
9810 1658393260 0 7 $GNGGA,084740.000,4424.56895,N,00855.29228,E,1,12,0.8,10.1,M,44.7,M,,*7B
9811 1658393261 0 3 2.783 4.979
9812 1658393262 0 4 2.707 1.417
9813 1658393262 0 5 0.96
9814 1658393262 0 6 0.11
9815 1658393262 0 8 4.997 9.869 9.54
9819 1658393264 0 3 2.785 4.979
9824 1658393265 0 1 5.398
9825 1658393265 0 0 25.50 8.19 131.8 67.68 129.5 8.23 17.8 0.0 367.8 4.23 46.10 1.1
9827 1658393266 0 7 $GNGGA,084746.000,4424.56934,N,00855.29325,E,1,12,0.8,9.4,M,44.7,M,,*46
9828 1658393267 0 3 2.788 4.979
9829 1658393268 0 4 2.710 1.417
9830 1658393268 0 5 0.96
9831 1658393268 0 6 0.11
9832 1658393268 0 8 4.997 9.869 9.54
9835 1658393269 0 7 $GNGGA,084747.000,4424.56936,N,00855.29331,E,1,12,0.8,9.3,M,44.7,M,,*47
9836 1658393270 0 3 2.792 4.979
9839 1658393271 0 6 0.11
9840 1658393271 0 8 4.997 9.869 9.51
9841 1658393271 0 1 5.370
9844 1658393272 0 7 $GNGGA,084752.000,4424.56949,N,00855.29370,E,1,12,0.8,8.9,M,44.7,M,,*45
9845 1658393273 0 3 2.795 4.979
9846 1658393274 0 4 2.712 1.439
9847 1658393274 0 5 0.95
9848 1658393274 0 6 0.11
9849 1658393274 0 8 4.997 9.596 9.49
9850 1658393274 0 1 5.937
9851 1658393274 0 0 25.30 8.20 131.8 67.38 129.0 8.23 17.6 0.0 359.1 5.64 45.88 1.1
9852 1658393274 0 7 $GNGGA,084753.000,4424.56953,N,00855.29378,E,1,12,0.8,8.8,M,44.7,M,,*46
9854 1658393276 0 3 2.796 4.979
9855 1658393277 0 4 2.711 1.439
9856 1658393277 0 5 0.94
9857 1658393277 0 6 0.11
9858 1658393277 0 8 4.997 9.615 9.49
9859 1658393277 0 1 5.360
9860 1658393277 0 0 25.29 8.20 131.7 67.39 128.8 8.22 17.6 0.0 357.2 5.75 45.88 1.1
9861 1658393278 0 7 $GNGGA,084756.000,4424.56954,N,00855.29392,E,1,12,0.8,8.6,M,44.7,M,,*4E
9862 1658393279 0 3 2.799 4.979
9863 1658393280 0 4 2.711 1.469
9864 1658393280 0 5 0.94
9865 1658393280 0 6 0.11
9866 1658393280 0 8 4.997 9.596 9.49
9867 1658393280 0 1 5.238
9868 1658393280 0 0 25.27 8.20 131.7 67.42 128.6 8.21 17.6 0.0 355.5 5.74 45.90 1.1
9869 1658393280 0 7 $GNGGA,084759.000,4424.56958,N,00855.29411,E,1,12,0.8,8.4,M,44.7,M,,*43
9870 1658393281 0 7 $GNGGA,084801.000,4424.56964,N,00855.29424,E,1,12,0.8,8.3,M,44.7,M,,*4F
9871 1658393282 0 3 2.800 4.979
9872 1658393283 0 4 2.711 1.459
9873 1658393283 0 5 0.93
9874 1658393283 0 6 0.10
9875 1658393283 0 8 4.997 9.869 9.54
9876 1658393283 0 1 5.241
9877 1658393283 0 0 25.25 8.20 131.6 67.44 128.5 8.21 17.5 0.0 352.4 5.75 45.92 1.1
9878 1658393284 0 7 $GNGGA,084802.000,4424.56953,N,00855.29443,E,1,12,0.8,8.1,M,44.7,M,,*4B
9879 1658393285 0 3 2.802 4.979
9880 1658393286 0 4 2.711 1.462
9881 1658393286 0 5 0.92
9882 1658393286 0 6 0.10
9883 1658393286 0 8 4.997 9.605 9.49
9884 1658393286 0 1 5.153
9885 1658393286 0 0 25.23 8.20 131.6 67.34 128.5 8.21 17.5 0.0 350.3 5.75 45.85 1.1
9886 1658393286 0 7 $GNGGA,084805.000,4424.56963,N,00855.29467,E,1,12,0.8,8.0,M,44.7,M,,*48
9887 1658393287 0 7 $GNGGA,084807.000,4424.56968,N,00855.29476,E,1,12,0.8,7.9,M,44.7,M,,*47
9888 1658393288 0 3 2.804 4.979
9889 1658393289 0 4 2.711 1.462
9890 1658393289 0 5 0.92
9891 1658393289 0 6 0.10
9892 1658393289 0 8 4.997 9.615 9.54
9893 1658393289 0 1 5.162
9894 1658393289 0 0 25.23 8.20 131.6 67.44 128.4 8.20 17.5 0.0 345.9 5.74 45.92 1.1
9895 1658393289 0 7 $GNGGA,084808.000,4424.56970,N,00855.29481,E,1,12,0.8,7.9,M,44.7,M,,*49
9896 1658393290 0 7 $GNGGA,084810.000,4424.56963,N,00855.29534,E,1,12,0.8,8.3,M,44.7,M,,*48
9897 1658393291 0 3 2.805 4.979
9898 1658393292 0 4 2.712 1.469
9899 1658393292 0 5 0.91
9900 1658393292 0 6 0.10
9901 1658393292 0 8 4.997 9.860 9.54
9902 1658393292 0 1 5.199
9903 1658393292 0 0 25.23 8.20 131.5 67.36 128.4 8.21 17.4 0.0 343.6 5.74 45.86 1.1
9904 1658393293 0 7 $GNGGA,084811.000,4424.56967,N,00855.29542,E,1,12,0.8,8.2,M,44.7,M,,*4D
9905 1658393293 0 7 $GNGGA,084813.000,4424.56973,N,00855.29559,E,1,12,0.8,8.1,M,44.7,M,,*43
9906 1658393294 0 3 2.807 4.979
9907 1658393295 0 4 2.712 1.472
9908 1658393295 0 5 0.91
9909 1658393295 0 6 0.10
9910 1658393295 0 8 4.997 9.587 9.49
9911 1658393295 0 1 5.161
9912 1658393295 0 0 25.21 8.20 131.5 67.36 128.5 8.21 17.4 0.0 340.2 5.75 45.86 1.1
9913 1658393295 0 7 $GNGGA,084814.000,4424.56977,N,00855.29569,E,1,12,0.8,8.1,M,44.7,M,,*43
9914 1658393296 0 7 $GNGGA,084816.000,4424.56983,N,00855.29594,E,1,12,0.8,8.0,M,44.7,M,,*49
9915 1658393297 0 3 2.809 4.979
9916 1658393298 0 4 2.712 1.472
9917 1658393298 0 5 0.90
9918 1658393298 0 6 0.10
9919 1658393298 0 8 4.997 9.898 9.54
9920 1658393298 0 1 5.031
9921 1658393298 0 0 25.19 8.21 131.5 67.33 128.8 8.23 17.4 0.0 337.6 5.75 45.84 1.1
9922 1658393299 0 7 $GNGGA,084817.000,4424.56988,N,00855.29607,E,1,12,0.8,7.9,M,44.7,M,,*4C
9923 1658393300 0 3 2.818 4.979
9924 1658393301 0 4 2.712 1.474
9925 1658393301 0 5 0.90
9926 1658393301 0 6 0.10
9927 1658393301 0 8 4.997 9.879 9.51
9928 1658393301 0 1 5.826
9929 1658393301 0 0 25.19 8.21 131.5 67.42 128.9 8.24 17.3 0.0 334.3 5.74 45.90 1.1
9930 1658393301 0 7 $GNGGA,084820.000,4424.56996,N,00855.29644,E,1,12,0.8,7.8,M,44.7,M,,*41
9931 1658393302 0 7 $GNGGA,084822.000,4424.57000,N,00855.29662,E,1,12,0.8,7.7,M,44.7,M,,*4F
9932 1658393303 0 3 2.817 4.979
9933 1658393304 0 4 2.712 1.474
9934 1658393304 0 5 0.89
9935 1658393304 0 6 0.10
9936 1658393304 0 8 4.997 9.879 9.51
9937 1658393304 0 1 5.170
9938 1658393304 0 0 25.18 8.21 131.3 67.40 129.0 8.25 17.3 0.0 331.2 5.74 45.89 1.1
9939 1658393304 0 7 $GNGGA,084823.000,4424.57002,N,00855.29671,E,1,12,0.8,7.7,M,44.7,M,,*4E
9940 1658393305 0 7 $GNGGA,084825.000,4424.57003,N,00855.29686,E,1,12,0.8,7.7,M,44.7,M,,*41
9941 1658393306 0 3 2.817 4.979
9942 1658393307 0 4 2.712 1.489
9943 1658393307 0 5 0.89
9944 1658393307 0 6 0.10
9945 1658393307 0 8 4.997 9.888 9.54
9946 1658393307 0 1 4.970
9947 1658393307 0 0 25.18 8.21 131.3 67.32 129.1 8.26 17.3 0.0 327.3 5.75 45.83 1.1
9948 1658393307 0 7 $GNGGA,084826.000,4424.57005,N,00855.29695,E,1,12,0.8,7.7,M,44.7,M,,*46
9949 1658393308 0 7 $GNGGA,084828.000,4424.57011,N,00855.29716,E,1,12,0.8,7.6,M,44.7,M,,*46
9950 1658393309 0 3 2.821 4.979
9951 1658393310 0 4 2.712 1.499
9952 1658393310 0 5 0.88
9953 1658393310 0 6 0.10
9954 1658393310 0 8 4.997 9.860 9.54
9955 1658393310 0 1 5.064
9956 1658393310 0 0 25.17 8.21 131.3 67.36 129.2 8.27 17.3 0.0 325.4 5.76 45.86 1.1
9957 1658393310 0 7 $GNGGA,084829.000,4424.57013,N,00855.29724,E,1,12,0.8,7.5,M,44.7,M,,*47
9958 1658393311 0 7 $GNGGA,084831.000,4424.57018,N,00855.29737,E,1,12,0.8,7.5,M,44.7,M,,*47
9959 1658393312 0 3 2.822 4.979
9960 1658393313 0 4 2.712 1.501
9961 1658393313 0 5 0.88
9962 1658393313 0 6 0.10
9963 1658393313 0 8 4.997 9.879 9.51
9964 1658393313 0 1 5.595
9965 1658393313 0 0 25.17 8.21 131.3 67.36 129.4 8.27 17.3 0.0 322.5 5.52 45.86 1.1
9966 1658393314 0 7 $GNGGA,084832.000,4424.57019,N,00855.29746,E,1,12,0.8,7.5,M,44.7,M,,*43
9967 1658393315 0 3 2.821 4.979
9968 1658393316 0 4 2.712 1.499
9969 1658393316 0 5 0.87
9970 1658393316 0 6 0.10
9971 1658393316 0 8 4.997 9.879 9.51
9972 1658393316 0 1 5.199
9973 1658393316 0 0 25.26 8.20 131.3 67.31 129.5 8.27 17.2 0.0 315.7 4.58 45.82 1.1
9974 1658393316 0 7 $GNGGA,084835.000,4424.57024,N,00855.29776,E,1,12,0.8,7.3,M,44.7,M,,*4F
9975 1658393317 0 7 $GNGGA,084837.000,4424.57029,N,00855.29794,E,1,12,0.8,7.2,M,44.7,M,,*4D
9976 1658393318 0 3 2.821 4.979
9977 1658393319 0 4 2.710 1.502
9978 1658393319 0 5 0.87
9979 1658393319 0 6 0.10
9980 1658393319 0 8 4.997 9.879 9.51
9981 1658393319 0 1 6.292
9982 1658393319 0 0 25.49 8.19 131.4 67.25 129.9 8.27 17.1 0.0 302.8 3.55 45.77 1.1
9983 1658393319 0 7 $GNGGA,084838.000,4424.57029,N,00855.29803,E,1,12,0.8,7.2,M,44.7,M,,*43
9984 1658393320 0 7 $GNGGA,084840.000,4424.57030,N,00855.29821,E,1,12,0.8,7.1,M,44.7,M,,*47
9985 1658393321 0 3 2.808 4.979
9986 1658393322 0 4 2.705 1.501
9987 1658393322 0 5 0.87
9988 1658393322 0 6 0.10
9989 1658393322 0 8 4.997 9.869 9.54
9990 1658393322 0 1 4.575
9991 1658393322 0 0 25.90 8.20 131.1 67.22 130.3 8.24 16.9 0.0 287.5 2.51 45.73 1.1
9992 1658393322 0 7 $GNGGA,084841.000,4424.57030,N,00855.29830,E,1,12,0.8,7.0,M,44.7,M,,*47
9993 1658393323 0 7 $GNGGA,084843.000,4424.57035,N,00855.29847,E,1,12,0.8,7.0,M,44.7,M,,*40
9994 1658393324 0 3 2.651 4.979
9995 1658393325 0 4 2.640 1.501
9996 1658393325 0 5 0.86
9997 1658393325 0 6 0.10
9998 1658393325 0 8 4.997 9.850 9.51
9999 1658393325 0 1 3.489
10000 1658393325 0 0 26.26 8.20 130.9 67.18 130.6 8.21 16.9 0.0 277.5 1.41 45.69 1.1
10001 1658393325 0 7 $GNGGA,084844.000,4424.57036,N,00855.29854,E,1,12,0.8,6.9,M,44.7,M,,*4E
10002 1658393326 0 7 $GNGGA,084846.000,4424.57041,N,00855.29871,E,1,12,0.8,6.8,M,44.7,M,,*4A
10003 1658393327 0 3 2.617 4.979
10004 1658393328 0 4 2.579 1.496
10005 1658393328 0 5 0.86
10006 1658393328 0 6 0.10
10007 1658393328 0 8 4.997 9.869 9.54
10009 1658393328 0 0 26.64 8.19 130.8 67.17 131.1 8.20 16.7 0.0 273.7 0.77 45.67 1.1
10010 1658393329 0 7 $GNGGA,084847.000,4424.57044,N,00855.29881,E,1,12,0.8,6.8,M,44.7,M,,*41
10011 1658393329 0 7 $GNGGA,084849.000,4424.57049,N,00855.29896,E,1,12,0.8,6.7,M,44.7,M,,*4B
10012 1658393330 0 3 2.616 4.979
10013 1658393331 0 4 2.579 1.711
10014 1658393331 0 5 0.86
10015 1658393331 0 6 0.09
10016 1658393331 0 2 0.04760000 8.39070034 2.04739999 0.06450000 2.71959996 0.00450000 0.10550000 0.21070001 1.00000000 78.43499755
10017 1658393331 0 0 26.71 8.18 130.7 67.48 131.6 8.20 16.8 0.0 275.2 0.79 45.91 1.1
10018 1658393331 0 7 $GNGGA,084850.000,4424.57050,N,00855.29902,E,1,12,0.8,6.6,M,44.7,M,,*46
10019 1658393332 0 7 $GNGGA,084852.000,4424.57054,N,00855.29920,E,1,12,0.8,6.6,M,44.7,M,,*40
