/home/danielacabiddu/Devel/src/MATRAC/test/tuttomatrac/data/porto_grid.mesh
29137 1658399534 0 4 2.585 1.589
29138 1658399535 0 5 0.47
29139 1658399535 0 6 0.09
29140 1658399535 0 8 4.997 9.643 9.16
29141 1658399535 0 3 2.601 4.979
29142 1658399535 0 1 2.225
29143 1658399536 0 0 26.74 8.22 119.0 67.45 139.2 8.68 14.7 0.0 274.6 0.85 45.89 1.1
29144 1658399536 0 7 $GNGGA,103214.000,4424.65439,N,00854.97028,E,1,11,0.9,8.1,M,44.7,M,,*46
29145 1658399537 0 7 $GNGGA,103216.000,4424.65440,N,00854.97018,E,1,11,0.9,8.2,M,44.7,M,,*4A
29146 1658399537 0 4 2.585 1.556
29147 1658399538 0 5 0.47
29148 1658399538 0 6 0.09
29149 1658399538 0 8 4.994 9.634 9.13
29150 1658399538 0 3 2.601 4.979
29151 1658399538 0 1 2.496
29152 1658399539 0 0 26.72 8.22 118.9 67.60 139.2 8.67 14.8 0.0 277.0 0.85 46.01 1.1
29153 1658399539 0 7 $GNGGA,103217.000,4424.65441,N,00854.97014,E,1,11,0.9,8.2,M,44.7,M,,*46
29154 1658399540 0 7 $GNGGA,103219.000,4424.65443,N,00854.97003,E,1,11,0.9,8.2,M,44.7,M,,*4C
29155 1658399540 0 4 2.586 1.576
29156 1658399541 0 5 0.47
29157 1658399541 0 6 0.09
29158 1658399541 0 8 4.994 9.653 9.16
29159 1658399541 0 3 2.602 4.979
29160 1658399542 0 7 $GNGGA,103220.000,4424.65447,N,00854.96982,E,1,11,0.9,8.2,M,44.7,M,,*43
29161 1658399543 0 7 $GNGGA,103222.000,4424.65449,N,00854.96967,E,1,11,0.9,8.3,M,44.7,M,,*45
29162 1658399543 0 0 26.73 8.22 118.9 67.64 139.3 8.67 14.8 0.0 277.8 0.86 46.03 1.1
29163 1658399544 0 4 2.587 1.576
29164 1658399544 0 5 0.47
29165 1658399544 0 6 0.09
29166 1658399544 0 8 4.994 9.615 9.16
29167 1658399544 0 3 2.602 4.979
29168 1658399545 0 1 2.657
29169 1658399545 0 0 26.79 8.22 118.9 67.65 139.4 8.67 14.9 0.0 278.2 0.87 46.04 1.1
29170 1658399545 0 7 $GNGGA,103223.000,4424.65451,N,00854.96961,E,1,11,0.9,8.3,M,44.7,M,,*4B
29171 1658399546 0 4 2.585 1.551
29172 1658399547 0 5 0.47
29173 1658399547 0 6 0.09
29174 1658399547 0 8 4.994 9.624 9.13
29175 1658399547 0 3 2.602 4.979
29176 1658399547 0 1 2.020
29177 1658399548 0 0 26.87 8.22 118.8 67.62 139.4 8.66 14.9 0.0 276.8 0.85 46.02 1.1
29178 1658399548 0 7 $GNGGA,103226.000,4424.65459,N,00854.96939,E,1,11,0.9,8.3,M,44.7,M,,*4B
29179 1658399549 0 4 2.581 1.559
29180 1658399550 0 5 0.48
29181 1658399550 0 6 0.09
29182 1658399550 0 8 4.994 9.615 9.09
29183 1658399550 0 3 2.602 4.979
29184 1658399550 0 1 1.981
29185 1658399551 0 0 26.90 8.22 118.8 67.58 139.3 8.66 14.9 0.0 278.2 0.83 45.99 1.1
29186 1658399551 0 7 $GNGGA,103229.000,4424.65471,N,00854.96869,E,1,11,0.9,7.9,M,44.7,M,,*4F
29187 1658399552 0 7 $GNGGA,103231.000,4424.65476,N,00854.96848,E,1,11,0.9,8.1,M,44.7,M,,*45
29188 1658399552 0 4 2.585 1.551
29189 1658399553 0 5 0.48
29190 1658399553 0 6 0.09
29191 1658399553 0 8 4.994 9.615 9.16
29192 1658399553 0 3 2.602 4.979
29193 1658399553 0 1 1.994
29194 1658399554 0 0 26.91 8.22 118.7 67.58 139.3 8.65 14.9 0.0 280.2 0.86 45.98 1.1
29195 1658399554 0 7 $GNGGA,103232.000,4424.65481,N,00854.96837,E,1,11,0.9,8.1,M,44.7,M,,*46
29196 1658399555 0 4 2.585 1.539
29197 1658399556 0 5 0.48
29198 1658399556 0 6 0.09
29199 1658399556 0 8 4.994 9.624 9.13
29200 1658399556 0 3 2.602 4.979
29201 1658399557 0 1 1.838
29202 1658399557 0 0 26.91 8.22 118.6 67.61 139.3 8.65 14.9 0.0 282.6 0.85 46.01 1.1
29203 1658399557 0 7 $GNGGA,103235.000,4424.65496,N,00854.96803,E,1,11,0.9,8.2,M,44.7,M,,*43
29204 1658399558 0 4 2.583 1.521
29205 1658399559 0 5 0.49
29206 1658399559 0 6 0.09
29207 1658399559 0 8 4.994 9.615 9.16
29208 1658399559 0 3 2.602 4.979
29209 1658399559 0 1 1.756
29210 1658399560 0 0 26.92 8.22 118.6 67.59 139.3 8.65 15.0 0.0 282.9 0.83 45.99 1.1
29211 1658399560 0 7 $GNGGA,103238.000,4424.65512,N,00854.96768,E,1,11,0.9,8.2,M,44.7,M,,*41
29212 1658399561 0 7 $GNGGA,103240.000,4424.65522,N,00854.96746,E,1,11,0.9,8.2,M,44.7,M,,*41
29213 1658399561 0 4 2.583 1.524
29214 1658399562 0 5 0.49
29215 1658399562 0 6 0.09
29216 1658399562 0 8 4.997 9.615 9.16
29217 1658399562 0 3 2.602 4.979
29218 1658399562 0 1 1.783
29219 1658399563 0 0 26.92 8.22 118.4 67.61 139.3 8.65 15.0 0.0 284.6 0.84 46.01 1.1
29220 1658399563 0 7 $GNGGA,103241.000,4424.65527,N,00854.96735,E,1,11,0.9,8.2,M,44.7,M,,*41
29221 1658399564 0 7 $GNGGA,103243.000,4424.65534,N,00854.96715,E,1,11,0.9,8.2,M,44.7,M,,*43
29222 1658399564 0 4 2.584 1.521
29223 1658399565 0 5 0.49
29224 1658399565 0 6 0.09
29225 1658399565 0 8 4.994 9.615 9.13
29226 1658399565 0 3 2.602 4.979
29227 1658399565 0 1 1.855
29228 1658399566 0 0 26.91 8.22 118.4 67.51 139.3 8.66 15.0 0.0 287.1 0.85 45.93 1.1
29229 1658399566 0 7 $GNGGA,103244.000,4424.65539,N,00854.96702,E,1,11,0.9,8.2,M,44.7,M,,*4F
29230 1658399567 0 7 $GNGGA,103246.000,4424.65548,N,00854.96674,E,1,11,0.9,8.2,M,44.7,M,,*4B
29231 1658399567 0 4 2.587 1.524
29232 1658399568 0 5 0.49
29233 1658399568 0 6 0.09
29234 1658399568 0 8 4.994 9.615 9.16
29235 1658399568 0 3 2.602 4.979
29236 1658399568 0 1 1.837
29237 1658399569 0 0 26.91 8.22 118.2 67.57 139.4 8.66 15.0 0.0 289.4 0.88 45.98 1.1
29238 1658399569 0 7 $GNGGA,103247.000,4424.65547,N,00854.96629,E,1,11,0.9,8.2,M,44.7,M,,*4D
29239 1658399570 0 7 $GNGGA,103249.000,4424.65545,N,00854.96563,E,1,11,0.9,8.2,M,44.7,M,,*4C
29240 1658399570 0 4 2.584 1.521
29241 1658399571 0 5 0.50
29242 1658399571 0 6 0.09
29243 1658399571 0 8 4.994 9.605 9.16
29244 1658399571 0 3 2.602 4.979
29245 1658399572 0 7 $GNGGA,103250.000,4424.65554,N,00854.96540,E,1,11,0.9,8.2,M,44.7,M,,*45
29246 1658399573 0 7 $GNGGA,103252.000,4424.65568,N,00854.96504,E,1,11,0.9,8.3,M,44.7,M,,*49
29247 1658399573 0 0 26.88 8.22 118.3 67.60 139.4 8.66 15.0 0.0 292.1 0.86 46.00 1.1
29248 1658399574 0 4 2.582 1.509
29249 1658399574 0 5 0.50
29250 1658399574 0 6 0.09
29251 1658399574 0 8 4.994 9.605 9.13
29252 1658399574 0 3 2.602 4.979
29253 1658399575 0 1 1.386
29254 1658399575 0 0 26.87 8.22 118.1 67.57 139.4 8.66 15.0 0.0 294.4 0.84 45.98 1.1
29255 1658399575 0 7 $GNGGA,103253.000,4424.65573,N,00854.96487,E,1,11,0.9,8.3,M,44.7,M,,*48
29256 1658399576 0 4 2.586 1.504
29257 1658399577 0 5 0.50
29258 1658399577 0 6 0.09
29259 1658399577 0 8 4.994 9.615 9.13
29260 1658399577 0 3 2.602 4.979
29261 1658399577 0 1 1.868
29262 1658399578 0 0 26.89 8.22 118.1 67.54 139.3 8.66 15.1 0.0 295.1 0.87 45.96 1.1
29263 1658399578 0 7 $GNGGA,103256.000,4424.65588,N,00854.96446,E,1,11,0.9,8.3,M,44.7,M,,*44
29264 1658399579 0 4 2.587 1.504
29265 1658399580 0 5 0.50
29266 1658399580 0 6 0.10
29267 1658399580 0 8 4.994 9.615 9.09
29268 1658399580 0 3 2.602 4.979
29269 1658399580 0 1 1.826
29270 1658399581 0 0 26.87 8.22 117.9 67.56 139.3 8.66 15.1 0.0 298.4 0.89 45.97 1.1
29271 1658399581 0 7 $GNGGA,103259.000,4424.65555,N,00854.96318,E,1,11,0.9,8.3,M,44.7,M,,*47
29272 1658399582 0 7 $GNGGA,103301.000,4424.65545,N,00854.96248,E,1,11,0.9,8.3,M,44.7,M,,*4E
29273 1658399582 0 4 2.583 1.506
29274 1658399583 0 5 0.51
29275 1658399583 0 6 0.10
29276 1658399583 0 8 4.994 9.577 9.16
29277 1658399583 0 3 2.602 4.979
29278 1658399583 0 1 2.171
29279 1658399584 0 0 26.81 8.22 117.8 67.61 139.2 8.66 15.1 0.0 301.2 0.85 46.01 1.1
29280 1658399584 0 7 $GNGGA,103302.000,4424.65550,N,00854.96225,E,1,11,0.9,8.3,M,44.7,M,,*42
29281 1658399585 0 4 2.579 1.504
29282 1658399586 0 5 0.51
29283 1658399586 0 6 0.10
29284 1658399586 0 8 4.997 9.483 9.16
29285 1658399586 0 3 2.602 4.979
29286 1658399587 0 1 1.538
29287 1658399587 0 0 26.82 8.22 117.7 67.57 139.2 8.66 15.1 0.0 302.7 0.82 45.97 1.1
29288 1658399587 0 7 $GNGGA,103305.000,4424.65572,N,00854.96164,E,1,11,0.9,8.5,M,44.7,M,,*45
29289 1658399588 0 4 2.584 1.504
29290 1658399589 0 5 0.51
29291 1658399589 0 6 0.10
29292 1658399589 0 8 4.994 9.483 9.16
29293 1658399589 0 3 2.602 4.979
29294 1658399589 0 1 2.048
29295 1658399590 0 0 26.83 8.22 117.5 67.63 139.1 8.65 15.1 0.0 304.9 0.85 46.02 1.1
29296 1658399590 0 7 $GNGGA,103308.000,4424.65542,N,00854.96147,E,1,11,0.9,8.3,M,44.7,M,,*4C
29297 1658399591 0 4 2.584 1.504
29298 1658399592 0 5 0.51
29299 1658399592 0 6 0.10
29300 1658399592 0 8 4.997 9.483 9.09
29301 1658399592 0 3 2.602 4.979
29302 1658399592 0 1 2.084
29303 1658399593 0 0 26.84 8.22 117.4 67.47 139.1 8.65 15.1 0.0 306.9 0.87 45.90 1.1
29304 1658399593 0 7 $GNGGA,103311.000,4424.65534,N,00854.96123,E,1,11,0.9,8.3,M,44.7,M,,*47
29305 1658399594 0 4 2.580 1.506
29306 1658399595 0 5 0.51
29307 1658399595 0 6 0.10
29308 1658399595 0 8 4.994 9.492 9.13
29309 1658399595 0 3 2.601 4.979
29310 1658399596 0 1 2.557
29311 1658399596 0 0 26.86 8.22 117.3 67.58 139.0 8.64 15.1 0.0 308.7 0.83 45.98 1.1
29312 1658399596 0 7 $GNGGA,103314.000,4424.65555,N,00854.95966,E,1,11,0.9,8.4,M,44.7,M,,*48
29313 1658399597 0 4 2.581 1.504
29314 1658399598 0 5 0.51
29315 1658399598 0 6 0.10
29316 1658399598 0 8 4.994 9.473 9.13
29317 1658399598 0 3 2.602 4.979
29318 1658399598 0 1 1.517
29319 1658399599 0 0 26.86 8.22 117.2 67.60 138.8 8.63 15.1 0.0 308.0 0.84 46.00 1.1
29320 1658399599 0 7 $GNGGA,103317.000,4424.65548,N,00854.95833,E,1,11,0.9,8.6,M,44.7,M,,*44
29321 1658399600 0 4 2.585 1.506
29322 1658399601 0 5 0.52
29323 1658399601 0 6 0.10
29324 1658399601 0 8 4.994 9.473 9.13
29325 1658399601 0 3 2.602 4.979
29326 1658399602 0 7 $GNGGA,103320.000,4424.65540,N,00854.95720,E,1,11,0.9,8.9,M,44.7,M,,*4A
29327 1658399603 0 7 $GNGGA,103322.000,4424.65531,N,00854.95596,E,1,11,0.9,8.9,M,44.7,M,,*41
29328 1658399603 0 0 26.85 8.22 117.1 67.59 138.8 8.63 15.1 0.0 310.8 0.88 45.99 1.1
29329 1658399604 0 4 2.584 1.506
29330 1658399604 0 5 0.52
29331 1658399604 0 6 0.10
29332 1658399604 0 8 4.994 9.483 9.16
29333 1658399604 0 3 2.601 4.979
29334 1658399605 0 1 2.422
29335 1658399605 0 0 26.87 8.22 117.1 67.58 138.5 8.61 15.1 0.0 312.1 0.87 45.99 1.1
29336 1658399605 0 7 $GNGGA,103323.000,4424.65516,N,00854.95547,E,1,11,0.9,9.0,M,44.7,M,,*41
29337 1658399606 0 4 2.576 1.509
29338 1658399607 0 5 0.52
29339 1658399607 0 6 0.10
29340 1658399607 0 8 4.994 9.473 9.16
29341 1658399607 0 3 2.602 4.979
29342 1658399607 0 1 2.066
29343 1658399608 0 0 26.86 8.22 117.0 67.61 138.2 8.59 15.1 0.0 314.2 0.81 46.01 1.1
29344 1658399608 0 7 $GNGGA,103326.000,4424.65525,N,00854.95356,E,1,11,0.9,9.6,M,44.7,M,,*44
29345 1658399609 0 4 2.577 1.509
29346 1658399610 0 5 0.52
29347 1658399610 0 6 0.10
29348 1658399610 0 8 4.994 9.473 9.13
29349 1658399610 0 3 2.601 4.979
29350 1658399610 0 1 1.877
29351 1658399611 0 0 26.86 8.22 116.8 67.73 138.0 8.58 15.1 0.0 315.9 0.81 46.10 1.1
29352 1658399611 0 7 $GNGGA,103329.000,4424.65496,N,00854.95147,E,1,11,0.9,9.8,M,44.7,M,,*4E
29353 1658399612 0 4 2.579 1.509
29354 1658399613 0 5 0.52
29355 1658399613 0 6 0.10
29356 1658399613 0 8 4.994 9.473 9.09
29357 1658399613 0 3 2.602 4.979
29358 1658399613 0 1 1.801
29359 1658399614 0 0 26.88 8.22 116.8 67.65 137.8 8.56 15.1 0.0 317.0 0.83 46.04 1.1
29360 1658399614 0 7 $GNGGA,103332.000,4424.65478,N,00854.95081,E,1,11,0.9,9.7,M,44.7,M,,*40
29361 1658399615 0 4 2.580 1.509
29362 1658399616 0 5 0.52
29363 1658399616 0 6 0.10
29364 1658399616 0 8 4.994 9.473 9.13
29365 1658399616 0 3 2.601 4.979
29366 1658399616 0 1 2.002
29367 1658399617 0 0 26.86 8.22 116.7 67.60 137.7 8.56 15.2 0.0 317.3 0.84 46.00 1.1
29368 1658399617 0 7 $GNGGA,103335.000,4424.65472,N,00854.94948,E,1,11,0.9,9.6,M,44.7,M,,*41
29369 1658399618 0 4 2.577 1.509
29370 1658399619 0 5 0.52
29371 1658399619 0 6 0.10
29372 1658399619 0 8 4.994 9.483 9.09
29373 1658399619 0 3 2.601 4.979
29374 1658399619 0 1 2.283
29375 1658399620 0 0 26.83 8.22 116.5 67.68 137.6 8.56 15.2 0.0 321.2 0.82 46.07 1.1
29376 1658399620 0 7 $GNGGA,103338.000,4424.65502,N,00854.94778,E,1,11,0.9,8.8,M,44.7,M,,*48
29377 1658399621 0 4 2.573 1.506
29378 1658399622 0 5 0.52
29379 1658399622 0 6 0.10
29380 1658399622 0 8 4.994 9.492 9.16
29381 1658399622 0 3 2.601 4.979
29382 1658399622 0 1 1.709
29383 1658399623 0 0 26.85 8.22 116.4 67.62 137.6 8.56 15.2 0.0 321.0 0.79 46.02 1.1
29384 1658399623 0 7 $GNGGA,103341.000,4424.65558,N,00854.94512,E,1,11,0.9,8.5,M,44.7,M,,*4A
29385 1658399624 0 4 2.576 1.509
29386 1658399625 0 5 0.52
29387 1658399625 0 6 0.10
29388 1658399625 0 8 4.997 9.483 9.16
29389 1658399625 0 3 2.601 4.979
29390 1658399625 0 1 1.520
29391 1658399626 0 0 26.86 8.22 116.4 67.68 137.6 8.55 15.2 0.0 321.4 0.82 46.06 1.1
29392 1658399626 0 7 $GNGGA,103344.000,4424.65644,N,00854.94220,E,1,11,0.9,8.0,M,44.7,M,,*42
29393 1658399627 0 4 2.576 1.509
29394 1658399628 0 5 0.52
29400 1658399629 0 7 $GNGGA,103347.000,4424.65727,N,00854.93893,E,1,11,0.9,7.2,M,44.7,M,,*4D
29401 1658399630 0 4 2.571 1.511
29402 1658399631 0 5 0.52
29403 1658399631 0 6 0.10
29404 1658399631 0 8 4.994 9.502 9.09
29405 1658399631 0 7 $GNGGA,103350.000,4424.65804,N,00854.93492,E,1,11,0.9,7.3,M,44.7,M,,*49
29406 1658399632 0 7 $GNGGA,103351.000,4424.65861,N,00854.93361,E,1,11,0.9,7.2,M,44.7,M,,*41
29407 1658399633 0 7 $GNGGA,103352.000,4424.65917,N,00854.93245,E,1,11,0.9,6.9,M,44.7,M,,*4F
29408 1658399633 0 0 26.87 8.22 116.2 67.58 137.7 8.56 15.2 0.0 324.9 0.77 45.98 1.1
29410 1658399634 0 5 0.53
29411 1658399634 0 6 0.10
29412 1658399634 0 8 4.994 9.492 9.09
29413 1658399634 0 1 1.432
29414 1658399634 0 7 $GNGGA,103353.000,4424.65957,N,00854.93151,E,1,11,0.9,6.7,M,44.7,M,,*42
29415 1658399635 0 0 26.86 8.22 116.1 67.63 137.7 8.56 15.2 0.0 327.2 0.75 46.02 1.1
29416 1658399636 0 7 $GNGGA,103355.000,4424.66034,N,00854.92935,E,1,11,0.9,6.0,M,44.7,M,,*47
29417 1658399636 0 3 2.601 4.979
29418 1658399637 0 4 2.570 1.502
29419 1658399637 0 5 0.53
29420 1658399637 0 6 0.10
29917 1658399814 0 6 0.10
29918 1658399814 0 8 4.994 9.473 9.09
29919 1658399815 0 1 1.904
29921 1658399815 0 7 $GNGGA,103653.000,4424.72432,N,00854.82662,E,1,11,0.9,6.5,M,44.7,M,,*4A
29922 1658399817 0 3 2.597 4.979
29923 1658399817 0 4 2.584 1.516
29924 1658399817 0 5 0.53
29925 1658399817 0 6 0.10
29926 1658399817 0 8 4.994 9.473 9.09
29927 1658399817 0 1 2.093
29928 1658399818 0 7 $GNGGA,103656.000,4424.72439,N,00854.82666,E,1,11,0.9,6.5,M,44.7,M,,*40
29929 1658399818 0 0 26.73 8.22 112.4 67.55 139.3 8.68 15.3 0.0 351.0 0.83 45.96 1.1
29930 1658399819 0 7 $GNGGA,103658.000,4424.72462,N,00854.82636,E,1,11,0.9,7.0,M,44.7,M,,*41
29931 1658399820 0 3 2.597 4.979
29932 1658399820 0 4 2.585 1.514
29933 1658399820 0 5 0.53
29934 1658399820 0 6 0.10
29935 1658399820 0 8 4.994 9.473 9.09
29936 1658399821 0 1 1.912
29937 1658399821 0 0 26.74 8.22 112.3 67.58 139.3 8.68 15.2 0.0 349.9 0.86 45.99 1.1
29938 1658399821 0 7 $GNGGA,103659.000,4424.72483,N,00854.82601,E,1,11,0.9,7.3,M,44.7,M,,*48
29939 1658399823 0 3 2.597 4.979
29940 1658399823 0 4 2.586 1.516
29944 1658399823 0 1 2.000
29945 1658399824 0 0 26.75 8.22 112.3 67.53 139.4 8.68 15.3 0.0 349.2 0.87 45.95 1.1
29946 1658399824 0 7 $GNGGA,103702.000,4424.72516,N,00854.82577,E,1,11,0.9,7.4,M,44.7,M,,*4F
29947 1658399826 0 3 2.596 4.979
29948 1658399826 0 4 2.584 1.516
29949 1658399826 0 5 0.52
29950 1658399826 0 6 0.10
29953 1658399827 0 0 26.71 8.22 112.2 67.66 139.4 8.68 15.3 0.0 351.3 0.84 46.06 1.1
29954 1658399827 0 7 $GNGGA,103705.000,4424.72568,N,00854.82535,E,1,11,0.9,7.4,M,44.7,M,,*47
29955 1658399828 0 7 $GNGGA,103707.000,4424.72581,N,00854.82516,E,1,11,0.9,7.4,M,44.7,M,,*43
29957 1658399829 0 4 2.584 1.519
29959 1658399829 0 6 0.10
29960 1658399829 0 8 4.997 9.473 9.09
29961 1658399829 0 1 1.922
29964 1658399832 0 3 2.597 4.979
29965 1658399832 0 4 2.584 1.519
29966 1658399832 0 5 0.52
29967 1658399832 0 6 0.10
29969 1658399833 0 1 2.707
29970 1658399833 0 0 26.71 8.22 112.1 67.50 139.4 8.69 15.2 0.0 347.1 0.86 45.93 1.1
29972 1658399835 0 3 2.597 4.979
29973 1658399835 0 4 2.584 1.519
29974 1658399835 0 5 0.52
29976 1658399835 0 8 4.994 9.473 9.09
29978 1658399836 0 0 26.68 8.22 112.0 67.48 139.5 8.70 15.2 0.0 349.8 0.85 45.91 1.1
29980 1658399838 0 3 2.596 4.979
29983 1658399838 0 6 0.10
29984 1658399838 0 8 4.994 9.473 9.09
29985 1658399838 0 1 2.127
29988 1658399841 0 3 2.597 4.979
29989 1658399841 0 4 2.583 1.516
29993 1658399842 0 7 $GNGGA,103720.000,4424.72771,N,00854.82202,E,1,11,0.9,6.8,M,44.7,M,,*44
29994 1658399843 0 7 $GNGGA,103722.000,4424.72820,N,00854.82143,E,1,11,0.9,7.1,M,44.7,M,,*43
29995 1658399843 0 0 26.76 8.22 112.0 67.40 139.5 8.70 15.2 0.0 343.8 0.85 45.85 1.1
29996 1658399843 0 1 2.109
29997 1658399844 0 3 2.595 4.979
29998 1658399844 0 4 2.584 1.516
29999 1658399844 0 5 0.52
30000 1658399844 0 6 0.10
30002 1658399845 0 1 2.108
30003 1658399845 0 0 26.70 8.22 111.9 67.53 139.6 8.70 15.2 0.0 346.3 0.86 45.95 1.1
30005 1658399847 0 3 2.595 4.979
30008 1658399847 0 6 0.10
30009 1658399847 0 8 4.994 9.473 9.09
30010 1658399847 0 1 2.043
30013 1658399848 0 7 $GNGGA,103728.000,4424.72848,N,00854.82133,E,1,11,0.9,7.4,M,44.7,M,,*45
30014 1658399849 0 3 2.595 4.979
30015 1658399850 0 4 2.581 1.519
30016 1658399850 0 5 0.52
30019 1658399850 0 1 2.115
30020 1658399851 0 0 26.74 8.22 111.9 67.45 139.7 8.71 15.2 0.0 343.6 0.81 45.89 1.1
30021 1658399851 0 7 $GNGGA,103729.000,4424.72853,N,00854.82134,E,1,11,0.9,7.4,M,44.7,M,,*49
30022 1658399852 0 3 2.595 4.979
30023 1658399853 0 4 2.584 1.519
30024 1658399853 0 5 0.52
30025 1658399853 0 6 0.10
30026 1658399853 0 8 4.997 9.473 9.07
30027 1658399853 0 1 2.463
30028 1658399854 0 0 26.78 8.22 111.9 67.50 139.8 8.70 15.2 0.0 341.9 0.84 45.93 1.1
30029 1658399854 0 7 $GNGGA,103732.000,4424.72918,N,00854.82096,E,1,11,0.9,7.3,M,44.7,M,,*43
30030 1658399855 0 3 2.597 4.979
30031 1658399856 0 4 2.584 1.519
30032 1658399856 0 5 0.52
30033 1658399856 0 6 0.10
30034 1658399856 0 8 4.994 9.473 9.09
30035 1658399856 0 1 2.311
30036 1658399857 0 0 26.81 8.22 111.9 67.44 139.9 8.71 15.2 0.0 341.6 0.87 45.88 1.1
30037 1658399857 0 7 $GNGGA,103735.000,4424.72970,N,00854.82031,E,1,11,0.9,7.2,M,44.7,M,,*46
30038 1658399858 0 3 2.597 4.979
30039 1658399859 0 4 2.587 1.516
30040 1658399859 0 5 0.52
30041 1658399859 0 6 0.10
30042 1658399859 0 8 4.994 9.473 9.09
30043 1658399859 0 1 2.975
30044 1658399860 0 0 26.82 8.22 111.8 67.47 139.9 8.71 15.2 0.0 340.5 0.88 45.90 1.1
30045 1658399860 0 7 $GNGGA,103738.000,4424.73021,N,00854.81902,E,1,11,0.9,7.5,M,44.7,M,,*4A
30046 1658399861 0 3 2.597 4.979
30047 1658399862 0 4 2.585 1.516
30048 1658399862 0 5 0.52
30049 1658399862 0 6 0.10
30050 1658399862 0 8 4.994 9.473 9.09
30051 1658399862 0 1 2.288
30052 1658399863 0 7 $GNGGA,103741.000,4424.73021,N,00854.81912,E,1,11,0.9,7.6,M,44.7,M,,*46
30053 1658399863 0 0 26.84 8.22 111.8 67.37 139.9 8.71 15.2 0.0 339.8 0.84 45.83 1.1
30054 1658399863 0 7 $GNGGA,103743.000,4424.73013,N,00854.81913,E,1,11,0.9,7.6,M,44.7,M,,*44
30055 1658399864 0 3 2.597 4.979
30056 1658399865 0 4 2.584 1.519
30057 1658399865 0 5 0.52
30058 1658399865 0 6 0.10
30059 1658399865 0 8 4.997 9.473 9.09
30060 1658399865 0 1 2.304
30061 1658399866 0 0 26.88 8.21 111.9 67.44 139.9 8.70 15.2 0.0 338.2 0.82 45.88 1.1
30062 1658399866 0 7 $GNGGA,103744.000,4424.73016,N,00854.81912,E,1,11,0.9,7.6,M,44.7,M,,*47
30063 1658399867 0 3 2.597 4.979
30064 1658399868 0 4 2.584 1.519
30065 1658399868 0 5 0.52
30066 1658399868 0 6 0.10
30067 1658399868 0 8 4.994 9.455 9.09
30068 1658399868 0 1 2.201
30069 1658399869 0 0 26.88 8.22 111.9 67.37 139.9 8.71 15.2 0.0 339.1 0.84 45.82 1.1
30070 1658399869 0 7 $GNGGA,103747.000,4424.73023,N,00854.81903,E,1,11,0.9,7.6,M,44.7,M,,*42
30071 1658399870 0 3 2.597 4.979
30072 1658399871 0 4 2.588 1.516
30073 1658399871 0 5 0.52
30074 1658399871 0 6 0.10
30075 1658399871 0 8 4.994 9.455 9.07
30076 1658399871 0 7 $GNGGA,103750.000,4424.73024,N,00854.81891,E,1,11,0.9,7.6,M,44.7,M,,*49
30077 1658399872 0 7 $GNGGA,103752.000,4424.73029,N,00854.81881,E,1,11,0.9,7.6,M,44.7,M,,*47
30078 1658399873 0 0 26.84 8.22 111.9 67.40 139.9 8.71 15.2 0.0 339.0 0.87 45.84 1.1
30079 1658399873 0 1 2.241
30080 1658399874 0 3 2.597 4.979
30081 1658399874 0 4 2.585 1.516
30082 1658399874 0 5 0.52
30083 1658399874 0 6 0.10
30084 1658399874 0 8 4.997 9.464 9.09
30085 1658399875 0 1 2.256
30086 1658399875 0 0 26.89 8.22 111.9 67.42 139.9 8.70 15.2 0.0 338.9 0.85 45.86 1.1
30087 1658399875 0 7 $GNGGA,103753.000,4424.73032,N,00854.81875,E,1,11,0.9,7.6,M,44.7,M,,*47
30088 1658399876 0 3 2.598 4.979
30089 1658399877 0 4 2.585 1.519
30090 1658399877 0 5 0.52
30091 1658399877 0 6 0.10
30092 1658399877 0 8 4.994 9.464 9.09
30093 1658399878 0 1 2.422
30094 1658399878 0 0 26.87 8.22 111.9 67.42 139.8 8.70 15.2 0.0 338.3 0.83 45.86 1.1
30095 1658399878 0 7 $GNGGA,103756.000,4424.73034,N,00854.81853,E,1,11,0.9,7.8,M,44.7,M,,*4E
30096 1658399879 0 3 2.597 4.979
30097 1658399880 0 4 2.585 1.519
30098 1658399880 0 5 0.52
30099 1658399880 0 6 0.10
30100 1658399880 0 8 4.994 9.473 9.09
30101 1658399880 0 1 2.503
30102 1658399881 0 0 26.87 8.22 112.0 67.51 139.8 8.69 15.2 0.0 338.7 0.86 45.93 1.1
30103 1658399881 0 7 $GNGGA,103759.000,4424.73038,N,00854.81821,E,1,11,0.9,7.9,M,44.7,M,,*49
30104 1658399882 0 3 2.599 4.979
30105 1658399883 0 4 2.589 1.516
30106 1658399883 0 5 0.52
30107 1658399883 0 6 0.10
30108 1658399883 0 8 4.994 9.473 9.07
30109 1658399883 0 1 2.490
30110 1658399884 0 0 26.86 8.22 112.0 67.43 139.7 8.69 15.2 0.0 338.3 0.88 45.87 1.1
30111 1658399884 0 7 $GNGGA,103802.000,4424.73041,N,00854.81794,E,1,11,0.9,8.0,M,44.7,M,,*41
30112 1658399885 0 3 2.597 4.979
30113 1658399886 0 4 2.588 1.516
30114 1658399886 0 5 0.52
30115 1658399886 0 6 0.10
30116 1658399886 0 8 4.994 9.455 9.09
30117 1658399887 0 1 3.312
30118 1658399887 0 0 26.85 8.22 112.1 67.46 139.7 8.69 15.2 0.0 339.4 0.85 45.89 1.1
30119 1658399887 0 7 $GNGGA,103805.000,4424.73048,N,00854.81764,E,1,11,0.9,8.1,M,44.7,M,,*41
30120 1658399888 0 3 2.597 4.979
30121 1658399889 0 4 2.585 1.516
30122 1658399889 0 5 0.52
30123 1658399889 0 6 0.10
30124 1658399889 0 8 4.994 9.436 9.09
30125 1658399889 0 1 2.280
30126 1658399890 0 0 26.86 8.22 112.1 67.42 139.7 8.69 15.2 0.0 338.6 0.84 45.86 1.1
30127 1658399890 0 7 $GNGGA,103808.000,4424.73047,N,00854.81735,E,1,11,0.9,8.3,M,44.7,M,,*45
30128 1658399891 0 3 2.597 4.979
30129 1658399892 0 4 2.584 1.516
30130 1658399892 0 5 0.52
30131 1658399892 0 6 0.10
30132 1658399892 0 8 4.994 9.464 9.09
30133 1658399892 0 1 2.411
30134 1658399893 0 0 26.86 8.22 112.1 67.47 139.8 8.69 15.2 0.0 338.0 0.82 45.90 1.1
30135 1658399893 0 7 $GNGGA,103811.000,4424.73052,N,00854.81710,E,1,11,0.9,8.4,M,44.7,M,,*49
30136 1658399894 0 3 2.599 4.979
30137 1658399895 0 4 2.589 1.516
30138 1658399895 0 5 0.52
30139 1658399895 0 6 0.10
30140 1658399895 0 8 4.994 9.464 9.07
30141 1658399895 0 1 2.217
30142 1658399896 0 0 26.86 8.22 112.2 67.51 139.7 8.69 15.2 0.0 338.3 0.87 45.93 1.1
30143 1658399896 0 7 $GNGGA,103814.000,4424.73057,N,00854.81688,E,1,11,0.9,8.4,M,44.7,M,,*49
30144 1658399897 0 3 2.642 4.979
30145 1658399898 0 4 2.682 1.511
30146 1658399898 0 5 0.52
30147 1658399898 0 6 0.10
30148 1658399898 0 8 4.994 9.464 9.07
30149 1658399898 0 1 2.049
30150 1658399899 0 0 26.83 8.22 112.1 67.40 139.7 8.69 15.2 0.0 339.9 1.39 45.84 1.1
30151 1658399899 0 7 $GNGGA,103817.000,4424.73060,N,00854.81668,E,1,11,0.9,8.5,M,44.7,M,,*41
30152 1658399900 0 3 2.770 4.979
30153 1658399901 0 4 2.699 1.681
30154 1658399901 0 5 0.52
30155 1658399901 0 6 0.10
30156 1658399901 0 8 4.994 9.464 9.09
30157 1658399901 0 7 $GNGGA,103820.000,4424.73063,N,00854.81645,E,1,11,0.9,8.6,M,44.7,M,,*4A
30158 1658399902 0 7 $GNGGA,103822.000,4424.73065,N,00854.81629,E,1,11,0.9,8.6,M,44.7,M,,*44
30159 1658399903 0 0 26.66 8.22 112.1 67.54 139.6 8.71 15.2 0.0 344.8 2.12 45.96 1.1
30160 1658399903 0 1 2.712
30161 1658399904 0 3 2.777 4.979
30162 1658399904 0 4 2.702 1.596
30163 1658399904 0 5 0.52
30164 1658399904 0 6 0.10
30165 1658399904 0 8 4.994 9.521 9.07
30166 1658399905 0 1 3.083
30167 1658399905 0 0 26.64 8.22 112.1 67.50 139.6 8.71 15.2 0.0 344.3 2.85 45.93 1.1
30168 1658399905 0 7 $GNGGA,103823.000,4424.73067,N,00854.81624,E,1,11,0.9,8.6,M,44.7,M,,*4A
30169 1658399906 0 3 2.780 4.979
30170 1658399907 0 4 2.703 1.594
30171 1658399907 0 5 0.52
30172 1658399907 0 6 0.10
30173 1658399907 0 8 4.997 9.398 9.09
30174 1658399907 0 1 3.706
30175 1658399908 0 0 26.64 8.22 112.1 67.51 139.5 8.71 15.2 0.0 344.2 3.47 45.94 1.1
30176 1658399908 0 7 $GNGGA,103826.000,4424.73074,N,00854.81602,E,1,11,0.9,8.6,M,44.7,M,,*49
30177 1658399909 0 3 2.784 4.979
30178 1658399910 0 4 2.705 1.594
30179 1658399910 0 5 0.52
30180 1658399910 0 6 0.10
30181 1658399910 0 8 4.994 9.445 9.09
30182 1658399910 0 1 3.540
30183 1658399911 0 0 26.62 8.22 112.1 67.56 139.5 8.71 15.2 0.0 344.6 3.98 45.98 1.1
30184 1658399911 0 7 $GNGGA,103829.000,4424.73084,N,00854.81578,E,1,11,0.9,8.6,M,44.7,M,,*47
30185 1658399912 0 3 2.785 4.979
30186 1658399913 0 4 2.705 1.594
30187 1658399913 0 5 0.52
30188 1658399913 0 6 0.10
30189 1658399913 0 8 4.994 9.530 9.07
30190 1658399913 0 1 4.305
30191 1658399914 0 0 26.55 8.22 112.1 67.63 139.5 8.71 15.2 0.0 345.7 4.48 46.04 1.1
30192 1658399914 0 7 $GNGGA,103832.000,4424.73093,N,00854.81558,E,1,11,0.9,8.6,M,44.7,M,,*49
30193 1658399915 0 3 2.787 4.979
30194 1658399916 0 4 2.705 1.594
30195 1658399916 0 5 0.52
30196 1658399916 0 6 0.10
30197 1658399916 0 8 4.994 9.530 9.07
30198 1658399916 0 1 3.836
30199 1658399917 0 0 26.53 8.22 112.2 67.53 139.5 8.72 15.3 0.0 346.4 4.93 45.96 1.1
30200 1658399917 0 7 $GNGGA,103835.000,4424.73100,N,00854.81536,E,1,11,0.9,8.6,M,44.7,M,,*4D
30201 1658399918 0 3 2.790 4.979
30202 1658399919 0 4 2.705 1.596
30203 1658399919 0 5 0.52
30204 1658399919 0 6 0.10
30205 1658399919 0 8 4.994 9.502 9.07
30206 1658399920 0 1 3.552
30207 1658399920 0 0 26.30 8.22 112.3 67.71 139.4 8.74 15.3 0.0 361.8 5.35 46.10 1.1
30208 1658399920 0 7 $GNGGA,103838.000,4424.73109,N,00854.81518,E,1,11,0.9,8.6,M,44.7,M,,*45
30209 1658399921 0 3 2.790 4.979
30210 1658399922 0 4 2.706 1.594
30217 1658399923 0 7 $GNGGA,103843.000,4424.73119,N,00854.81488,E,1,11,0.9,8.7,M,44.7,M,,*41
30218 1658399924 0 3 2.791 4.979
30219 1658399925 0 4 2.706 1.599
30220 1658399925 0 5 0.52
30221 1658399925 0 6 0.10
30224 1658399926 0 0 25.82 8.22 112.4 67.60 139.4 8.81 15.4 0.0 363.8 6.16 46.03 1.0
30225 1658399926 0 7 $GNGGA,103844.000,4424.73121,N,00854.81485,E,1,11,0.9,8.8,M,44.7,M,,*4F
30226 1658399926 0 7 $GNGGA,103846.000,4424.73121,N,00854.81473,E,1,11,0.9,8.8,M,44.7,M,,*44
30227 1658399927 0 3 2.793 4.979
30229 1658399928 0 5 0.52
30230 1658399928 0 6 0.10
30231 1658399928 0 8 4.994 9.549 9.07
30234 1658399929 0 7 $GNGGA,103847.000,4424.73122,N,00854.81466,E,1,11,0.9,8.9,M,44.7,M,,*43
30235 1658399929 0 7 $GNGGA,103849.000,4424.73122,N,00854.81452,E,1,11,0.9,8.9,M,44.7,M,,*4A
30236 1658399930 0 3 2.796 4.979
30237 1658399931 0 4 2.706 1.599
30238 1658399931 0 5 0.52
30240 1658399931 0 8 4.994 9.426 9.07
30241 1658399932 0 7 $GNGGA,103850.000,4424.73124,N,00854.81450,E,1,11,0.9,8.9,M,44.7,M,,*46
30242 1658399932 0 7 $GNGGA,103852.000,4424.73126,N,00854.81442,E,1,11,0.9,9.0,M,44.7,M,,*4D
30243 1658399933 0 0 25.54 8.22 112.7 67.59 139.3 8.85 15.5 0.0 367.1 6.88 46.03 1.0
30244 1658399933 0 1 5.109
30245 1658399934 0 3 2.796 4.979
30246 1658399934 0 4 2.707 1.599
30249 1658399935 0 8 4.994 9.596 9.09
30250 1658399935 0 1 5.577
30252 1658399935 0 7 $GNGGA,103853.000,4424.73127,N,00854.81439,E,1,11,0.9,9.0,M,44.7,M,,*41
30253 1658399936 0 3 2.795 4.979
30254 1658399937 0 4 2.706 1.601
30255 1658399937 0 5 0.51
30256 1658399937 0 6 0.10
30257 1658399937 0 8 4.994 9.596 9.07
30258 1658399937 0 1 5.921
30260 1658399938 0 7 $GNGGA,103856.000,4424.73131,N,00854.81429,E,1,11,0.9,9.1,M,44.7,M,,*43
30261 1658399938 0 7 $GNGGA,103858.000,4424.73130,N,00854.81415,E,1,11,0.9,9.2,M,44.7,M,,*40
30262 1658399939 0 3 2.796 4.979
30263 1658399940 0 4 2.706 1.601
30267 1658399940 0 1 6.451
30268 1658399941 0 0 25.08 8.22 112.9 67.57 139.1 8.90 15.5 0.0 369.3 7.99 46.03 1.0
30270 1658399942 0 3 2.796 4.979
30271 1658399943 0 4 2.706 1.601
30272 1658399943 0 5 0.51
30273 1658399943 0 6 0.10
30276 1658399944 0 0 24.93 8.22 113.1 67.55 139.0 8.92 15.5 0.0 370.7 8.35 46.01 1.0
30277 1658399944 0 7 $GNGGA,103902.000,4424.73112,N,00854.81391,E,1,11,0.9,9.9,M,44.7,M,,*4E
30278 1658399945 0 3 2.796 4.979
30280 1658399946 0 5 0.50
30281 1658399946 0 6 0.10
30282 1658399946 0 8 4.994 9.615 9.04
30286 1658399948 0 3 2.796 4.979
30287 1658399949 0 4 2.706 1.596
30291 1658399949 0 1 4.668
30292 1658399950 0 0 24.82 8.22 113.2 67.55 138.8 8.92 15.4 0.0 362.1 8.99 46.02 1.0
30294 1658399950 0 7 $GNGGA,103910.000,4424.73127,N,00854.81341,E,1,11,0.9,10.2,M,44.7,M,,*75
30295 1658399951 0 3 2.797 4.979
30296 1658399952 0 4 2.706 1.596
30297 1658399952 0 5 0.50
30298 1658399952 0 6 0.10
30301 1658399953 0 0 24.80 8.22 113.2 67.29 138.7 8.93 15.4 0.0 359.2 9.35 45.81 1.0
30302 1658399953 0 7 $GNGGA,103911.000,4424.73128,N,00854.81336,E,1,11,0.9,10.3,M,44.7,M,,*7A
30303 1658399954 0 3 2.798 4.979
30304 1658399955 0 4 2.706 1.594
30305 1658399955 0 5 0.49
30306 1658399955 0 6 0.10
30307 1658399955 0 8 4.994 9.624 9.09
30308 1658399955 0 1 4.009
30309 1658399956 0 0 24.77 8.22 113.3 67.48 138.6 8.92 15.4 0.0 353.9 9.71 45.96 1.0
30310 1658399956 0 7 $GNGGA,103914.000,4424.73130,N,00854.81323,E,1,11,0.9,10.4,M,44.7,M,,*75
30311 1658399957 0 3 2.797 4.979
30312 1658399958 0 4 2.706 1.596
30313 1658399958 0 5 0.49
30314 1658399958 0 6 0.09
30315 1658399958 0 8 4.994 9.615 9.09
30316 1658399959 0 1 3.291
30317 1658399959 0 0 24.65 8.22 113.4 67.53 138.5 8.93 15.4 0.0 356.5 9.89 46.01 1.0
30318 1658399959 0 7 $GNGGA,103917.000,4424.73131,N,00854.81311,E,1,11,0.9,10.5,M,44.7,M,,*77
30319 1658399960 0 3 2.797 4.979
30320 1658399961 0 4 2.706 1.599
30321 1658399961 0 5 0.49
30322 1658399961 0 6 0.09
30323 1658399961 0 8 4.994 9.634 9.07
30324 1658399961 0 7 $GNGGA,103920.000,4424.73129,N,00854.81298,E,1,11,0.9,10.7,M,44.7,M,,*78
30325 1658399962 0 7 $GNGGA,103922.000,4424.73130,N,00854.81294,E,1,11,0.9,10.8,M,44.7,M,,*71
30326 1658399963 0 0 24.43 8.22 113.6 67.54 138.4 8.95 15.5 0.0 354.9 10.05 46.02 0.9
30327 1658399964 0 3 2.798 4.979
30328 1658399964 0 4 2.705 1.599
30329 1658399964 0 5 0.48
30330 1658399964 0 6 0.09
30331 1658399964 0 8 4.994 9.624 9.09
30332 1658399964 0 1 3.097
30333 1658399965 0 0 24.32 8.22 113.7 67.46 138.3 8.97 15.4 0.0 355.7 10.22 45.96 0.9
30334 1658399965 0 7 $GNGGA,103923.000,4424.73131,N,00854.81290,E,1,11,0.9,10.8,M,44.7,M,,*75
30335 1658399967 0 3 2.798 4.979
30336 1658399967 0 4 2.705 1.599
30337 1658399967 0 5 0.48
30338 1658399967 0 6 0.09
30339 1658399967 0 8 4.997 9.634 9.04
30340 1658399967 0 1 3.812
30341 1658399968 0 0 24.31 8.22 113.8 67.39 138.2 8.96 15.4 0.0 348.7 10.25 45.91 0.9
30342 1658399968 0 7 $GNGGA,103926.000,4424.73129,N,00854.81279,E,1,11,0.9,11.0,M,44.7,M,,*77
30343 1658399970 0 3 2.798 4.979
30344 1658399970 0 4 2.705 1.599
30345 1658399970 0 5 0.48
30346 1658399970 0 6 0.09
30347 1658399970 0 8 4.994 9.615 9.04
30348 1658399970 0 1 3.059
30349 1658399971 0 0 24.31 8.22 113.8 67.45 138.0 8.95 15.4 0.0 342.3 10.14 45.95 0.9
30350 1658399971 0 7 $GNGGA,103929.000,4424.73129,N,00854.81270,E,1,11,0.9,11.1,M,44.7,M,,*70
30351 1658399971 0 7 $GNGGA,103931.000,4424.73100,N,00854.81277,E,1,11,0.9,11.6,M,44.7,M,,*72
30352 1658399973 0 3 2.797 4.979
30353 1658399973 0 4 2.705 1.601
30354 1658399973 0 5 0.47
30355 1658399973 0 6 0.09
30356 1658399973 0 8 4.994 9.615 9.07
30357 1658399973 0 1 3.564
30358 1658399974 0 0 24.40 8.21 113.9 67.26 138.0 8.94 15.3 0.0 332.7 9.71 45.80 0.9
30359 1658399974 0 7 $GNGGA,103932.000,4424.73101,N,00854.81276,E,1,11,0.9,11.6,M,44.7,M,,*71
30360 1658399976 0 3 2.798 4.979
30361 1658399976 0 4 2.704 1.599
30362 1658399976 0 5 0.47
30363 1658399976 0 6 0.09
30364 1658399976 0 8 4.994 9.615 9.04
30365 1658399976 0 1 4.628
30366 1658399977 0 0 24.65 8.22 113.9 67.35 137.7 8.89 15.1 0.0 318.6 9.39 45.86 0.9
30367 1658399977 0 7 $GNGGA,103935.000,4424.73100,N,00854.81272,E,1,11,0.9,11.7,M,44.7,M,,*72
30368 1658399979 0 3 2.798 4.979
30369 1658399979 0 4 2.704 1.599
30370 1658399979 0 5 0.47
30371 1658399979 0 6 0.09
30372 1658399979 0 8 4.994 9.605 9.04
30373 1658399979 0 1 5.039
30374 1658399980 0 0 24.74 8.22 113.9 67.33 137.7 8.87 15.1 0.0 314.5 9.10 45.85 0.9
30375 1658399980 0 7 $GNGGA,103938.000,4424.73102,N,00854.81267,E,1,11,0.9,11.8,M,44.7,M,,*76
30376 1658399982 0 3 2.798 4.979
30377 1658399982 0 4 2.703 1.599
30378 1658399982 0 5 0.46
30379 1658399982 0 6 0.09
30380 1658399982 0 8 4.994 9.615 9.09
30381 1658399983 0 1 4.944
30382 1658399983 0 0 24.81 8.22 113.9 67.37 137.4 8.84 15.1 0.0 309.5 8.70 45.88 1.0
30383 1658399983 0 7 $GNGGA,103941.000,4424.73096,N,00854.81279,E,1,11,0.9,11.8,M,44.7,M,,*7B
30384 1658399985 0 3 2.798 4.979
30385 1658399985 0 4 2.704 1.599
30386 1658399985 0 5 0.46
30387 1658399985 0 6 0.09
30388 1658399985 0 8 4.997 9.615 9.04
30389 1658399985 0 1 5.138
30390 1658399986 0 0 24.86 8.22 113.9 67.37 137.3 8.82 15.1 0.0 304.5 8.23 45.87 1.0
30391 1658399986 0 7 $GNGGA,103944.000,4424.73098,N,00854.81275,E,1,11,0.9,11.9,M,44.7,M,,*7D
30392 1658399988 0 3 2.798 4.979
30393 1658399988 0 4 2.702 1.599
30394 1658399988 0 5 0.46
30395 1658399988 0 6 0.09
30396 1658399988 0 8 4.994 9.624 9.04
30397 1658399988 0 1 5.683
30398 1658399989 0 0 24.98 8.22 113.9 67.33 137.1 8.80 15.0 0.0 296.9 7.71 45.84 1.0
30399 1658399989 0 7 $GNGGA,103947.000,4424.73103,N,00854.81272,E,1,11,0.9,12.0,M,44.7,M,,*70
30400 1658399991 0 3 2.798 4.979
30401 1658399991 0 4 2.702 1.599
30402 1658399991 0 5 0.46
30403 1658399991 0 6 0.09
30404 1658399991 0 8 4.994 9.596 9.07
30405 1658399992 0 7 $GNGGA,103950.000,4424.73113,N,00854.81268,E,1,11,0.9,12.1,M,44.7,M,,*7D
30406 1658399993 0 0 25.15 8.22 113.8 67.33 137.1 8.77 14.9 0.0 288.9 7.21 45.84 1.0
30407 1658399993 0 1 6.143
30408 1658399994 0 3 2.798 4.979
30409 1658399994 0 4 2.701 1.599
30410 1658399994 0 5 0.45
30411 1658399994 0 6 0.09
30412 1658399994 0 8 4.994 9.605 9.07
30413 1658399995 0 1 6.548
30414 1658399995 0 0 25.36 8.23 113.9 67.24 136.9 8.73 14.9 0.0 281.3 6.70 45.76 1.0
30415 1658399995 0 7 $GNGGA,103953.000,4424.73119,N,00854.81262,E,1,11,0.9,12.2,M,44.7,M,,*7D
30416 1658399997 0 3 2.798 4.979
30417 1658399997 0 4 2.700 1.604
30418 1658399997 0 5 0.45
30419 1658399997 0 6 0.09
30420 1658399997 0 8 4.994 9.587 9.04
30421 1658399997 0 1 4.980
30422 1658399998 0 0 25.55 8.22 113.9 67.38 136.7 8.69 14.8 0.0 275.0 6.16 45.87 1.0
30423 1658399998 0 7 $GNGGA,103956.000,4424.73124,N,00854.81259,E,1,11,0.9,12.3,M,44.7,M,,*7F
30424 1658399998 0 7 $GNGGA,103958.000,4424.73127,N,00854.81260,E,1,11,0.9,12.3,M,44.7,M,,*78
30425 1658400000 0 3 2.798 4.979
30426 1658400000 0 4 2.701 1.604
30427 1658400000 0 5 0.45
30428 1658400000 0 6 0.09
30429 1658400000 0 8 4.994 9.587 9.07
30430 1658400000 0 1 4.702
30431 1658400001 0 7 $GNGGA,103959.000,4424.73129,N,00854.81261,E,1,11,0.9,12.3,M,44.7,M,,*76
30432 1658400001 0 0 25.66 8.23 113.8 67.35 136.5 8.66 14.8 0.0 271.5 5.51 45.84 1.0
30433 1658400001 0 7 $GNGGA,104001.000,4424.73122,N,00854.81321,E,1,11,0.9,13.1,M,44.7,M,,*78
30434 1658400003 0 3 2.798 4.979
30435 1658400003 0 4 2.700 1.604
30436 1658400003 0 5 0.45
30437 1658400003 0 6 0.09
30438 1658400003 0 8 4.994 9.605 9.07
30439 1658400003 0 1 4.452
30440 1658400004 0 0 25.75 8.23 113.8 67.55 136.5 8.64 14.8 0.0 267.8 5.23 45.99 1.0
30441 1658400004 0 7 $GNGGA,104002.000,4424.73127,N,00854.81320,E,1,11,0.9,13.0,M,44.7,M,,*7E
30442 1658400006 0 3 2.797 4.979
30443 1658400006 0 4 2.700 1.604
30444 1658400006 0 5 0.45
30445 1658400006 0 6 0.09
30446 1658400006 0 8 4.994 9.605 9.09
30447 1658400007 0 1 4.341
30448 1658400007 0 0 25.90 8.23 113.8 67.36 136.6 8.63 14.7 0.0 263.2 4.71 45.84 1.0
30449 1658400007 0 7 $GNGGA,104005.000,4424.73131,N,00854.81343,E,1,11,0.9,12.5,M,44.7,M,,*7F
30450 1658400009 0 3 2.797 4.979
30451 1658400009 0 4 2.699 1.609
30452 1658400009 0 5 0.45
30453 1658400009 0 6 0.09
30454 1658400009 0 8 4.994 9.615 9.07
30455 1658400009 0 1 3.823
30456 1658400010 0 0 26.15 8.23 113.7 67.40 136.6 8.60 14.6 0.0 255.7 4.13 45.86 1.0
30457 1658400010 0 7 $GNGGA,104008.000,4424.73137,N,00854.81351,E,1,11,0.9,12.5,M,44.7,M,,*77
30458 1658400010 0 7 $GNGGA,104010.000,4424.73138,N,00854.81356,E,1,11,0.9,12.5,M,44.7,M,,*76
30459 1658400012 0 3 2.796 4.979
30460 1658400012 0 4 2.696 1.604
30461 1658400012 0 5 0.45
30462 1658400012 0 6 0.09
30463 1658400012 0 8 4.994 9.587 9.07
30464 1658400012 0 1 3.889
30465 1658400013 0 0 26.44 8.22 113.7 67.47 136.6 8.55 14.6 0.0 250.9 3.62 45.91 1.0
30466 1658400013 0 7 $GNGGA,104011.000,4424.73138,N,00854.81358,E,1,11,0.9,12.5,M,44.7,M,,*79
30467 1658400015 0 3 2.795 4.979
30468 1658400015 0 4 2.695 1.604
30469 1658400015 0 5 0.45
30470 1658400015 0 6 0.09
30471 1658400015 0 8 4.994 9.615 9.04
30472 1658400015 0 1 3.496
30473 1658400016 0 0 26.58 8.22 113.6 67.44 136.7 8.54 14.6 0.0 249.6 3.09 45.89 1.1
30474 1658400016 0 7 $GNGGA,104014.000,4424.73142,N,00854.81370,E,1,11,0.9,12.5,M,44.7,M,,*7B
