/home/danielacabiddu/Devel/src/MATRAC/test/tuttomatrac/data/porto_grid.mesh
24863 1658398223 0 7 $GNGGA,101021.000,4424.64592,N,00855.08269,E,1,12,0.8,5.1,M,44.7,M,,*4E
24864 1658398223 0 7 $GNGGA,101022.000,4424.64599,N,00855.08249,E,1,12,0.8,5.1,M,44.7,M,,*44
24865 1658398224 0 0 26.80 8.21 121.6 67.61 145.9 9.08 16.3 0.0 324.3 0.68 46.01 1.1
24866 1658398224 0 1 2.832
24867 1658398224 0 1 3.162
24868 1658398224 0 3 2.591 4.979
24869 1658398224 0 4 2.555 1.499
24870 1658398225 0 5 0.52
24871 1658398225 0 6 0.09
24872 1658398225 0 8 4.997 9.671 9.27
24873 1658398225 0 1 2.726
24874 1658398225 0 0 26.74 8.21 121.6 67.55 145.0 9.03 16.3 0.0 331.6 0.66 45.97 1.1
24875 1658398225 0 7 $GNGGA,101023.000,4424.64600,N,00855.08237,E,1,12,0.8,5.2,M,44.7,M,,*4C
24876 1658398227 0 3 2.591 4.979
24877 1658398227 0 4 2.556 1.499
24878 1658398227 0 5 0.52
24879 1658398228 0 6 0.09
24880 1658398228 0 8 4.994 9.662 9.25
24881 1658398228 0 1 3.217
24882 1658398228 0 7 $GNGGA,101026.000,4424.64601,N,00855.08180,E,1,12,0.8,5.2,M,44.7,M,,*47
24883 1658398228 0 0 26.77 8.21 121.5 67.63 144.0 8.96 16.3 0.0 329.5 0.67 46.02 1.1
24884 1658398229 0 7 $GNGGA,101027.000,4424.64603,N,00855.08163,E,1,12,0.8,5.2,M,44.7,M,,*49
24885 1658398230 0 3 2.592 4.979
24886 1658398230 0 4 2.555 1.472
24887 1658398231 0 5 0.52
24888 1658398231 0 6 0.09
24889 1658398231 0 8 4.997 9.671 9.29
24890 1658398231 0 1 2.570
24891 1658398231 0 0 26.80 8.21 121.5 67.51 143.0 8.90 16.3 0.0 332.5 0.67 45.93 1.1
24892 1658398232 0 7 $GNGGA,101029.000,4424.64611,N,00855.08101,E,1,12,0.8,5.2,M,44.7,M,,*40
24893 1658398232 0 7 $GNGGA,101030.000,4424.64613,N,00855.08071,E,1,12,0.8,5.2,M,44.7,M,,*4C
24894 1658398233 0 3 2.592 4.979
24896 1658398233 0 5 0.52
24897 1658398234 0 6 0.09
24898 1658398234 0 8 4.994 9.671 9.27
24899 1658398234 0 1 3.650
24900 1658398234 0 7 $GNGGA,101032.000,4424.64614,N,00855.08015,E,1,12,0.8,5.2,M,44.7,M,,*4B
24901 1658398234 0 0 26.88 8.21 121.4 67.55 142.0 8.82 16.3 0.0 331.0 0.63 45.96 1.2
24902 1658398235 0 7 $GNGGA,101033.000,4424.64613,N,00855.07991,E,1,12,0.8,5.2,M,44.7,M,,*47
24903 1658398236 0 3 2.570 4.979
24904 1658398236 0 4 2.520 1.484
24905 1658398236 0 5 0.53
24906 1658398237 0 6 0.09
24907 1658398237 0 8 4.994 9.671 9.27
24908 1658398237 0 1 3.415
24909 1658398237 0 0 26.83 8.21 121.4 24.20 140.9 10.45 16.2 0.0 322.2 0.41 14.65 1.2
24910 1658398237 0 7 $GNGGA,101035.000,4424.64611,N,00855.07942,E,1,12,0.8,5.1,M,44.7,M,,*4E
24911 1658398238 0 7 $GNGGA,101036.000,4424.64611,N,00855.07911,E,1,12,0.8,5.1,M,44.7,M,,*4B
24912 1658398239 0 3 2.569 4.979
24913 1658398239 0 4 2.515 1.442
24914 1658398239 0 5 0.61
24915 1658398240 0 6 0.11
24916 1658398240 0 8 4.997 9.671 9.27
24917 1658398240 0 1 2.527
24918 1658398240 0 7 $GNGGA,101038.000,4424.64611,N,00855.07850,E,1,12,0.8,5.1,M,44.7,M,,*41
24919 1658398240 0 0 26.70 8.39 108.9 0.075 139.9 11.29 4.4 0.0 36.6 0.41 0.04 0.6
24920 1658398241 0 7 $GNGGA,101039.000,4424.64613,N,00855.07822,E,1,12,0.8,5.1,M,44.7,M,,*47
24921 1658398241 0 7 $GNGGA,101040.000,4424.64614,N,00855.07794,E,1,12,0.8,5.1,M,44.7,M,,*4C
24922 1658398242 0 3 2.570 4.979
24923 1658398242 0 4 2.512 1.407
24924 1658398242 0 5 0.54
24925 1658398243 0 6 0.10
24926 1658398243 0 8 4.997 9.690 9.25
24927 1658398243 0 1 4.332
24928 1658398243 0 7 $GNGGA,101041.000,4424.64613,N,00855.07770,E,1,12,0.8,5.1,M,44.7,M,,*40
24929 1658398243 0 0 26.60 8.36 110.1 0.056 138.0 11.15 3.9 0.0 30.5 0.41 0.03 0.5
24930 1658398244 0 7 $GNGGA,101042.000,4424.64614,N,00855.07744,E,1,12,0.8,5.1,M,44.7,M,,*43
24931 1658398244 0 7 $GNGGA,101043.000,4424.64614,N,00855.07728,E,1,12,0.8,5.1,M,44.7,M,,*48
24932 1658398245 0 3 2.570 4.979
24933 1658398245 0 4 2.509 1.412
24934 1658398245 0 5 0.55
24935 1658398246 0 6 0.11
24936 1658398246 0 8 4.997 9.690 9.25
24937 1658398246 0 1 3.530
24938 1658398246 0 7 $GNGGA,101044.000,4424.64616,N,00855.07698,E,1,12,0.8,5.0,M,44.7,M,,*46
24939 1658398246 0 0 26.48 8.34 110.1 0.047 137.1 11.11 3.6 0.0 26.8 0.41 0.02 0.4
24940 1658398247 0 7 $GNGGA,101045.000,4424.64615,N,00855.07682,E,1,12,0.8,5.0,M,44.7,M,,*4F
24941 1658398247 0 7 $GNGGA,101046.000,4424.64617,N,00855.07652,E,1,12,0.8,5.0,M,44.7,M,,*43
24942 1658398248 0 7 $GNGGA,101047.000,4424.64616,N,00855.07638,E,1,12,0.8,5.0,M,44.7,M,,*4F
24943 1658398248 0 3 2.570 4.979
24944 1658398248 0 4 2.508 1.414
24945 1658398249 0 5 0.54
24946 1658398249 0 6 0.11
24947 1658398249 0 8 4.997 9.690 9.25
24948 1658398249 0 1 1.001
24949 1658398249 0 0 26.38 8.33 108.3 0.043 136.3 11.06 3.1 0.0 21.4 0.41 0.02 0.4
24950 1658398250 0 7 $GNGGA,101048.000,4424.64618,N,00855.07608,E,1,12,0.8,5.0,M,44.7,M,,*4D
24951 1658398250 0 7 $GNGGA,101049.000,4424.64618,N,00855.07595,E,1,12,0.8,5.0,M,44.7,M,,*4B
24952 1658398251 0 3 2.570 4.979
24953 1658398251 0 4 2.508 1.412
24954 1658398252 0 5 0.55
24955 1658398252 0 6 0.11
24956 1658398252 0 8 4.997 9.700 9.27
24958 1658398253 0 7 $GNGGA,101051.000,4424.64618,N,00855.07556,E,1,12,0.8,5.0,M,44.7,M,,*4D
24959 1658398253 0 7 $GNGGA,101052.000,4424.64620,N,00855.07542,E,1,12,0.8,5.0,M,44.7,M,,*40
24960 1658398254 0 0 26.32 8.27 110.9 0.040 135.5 11.01 2.9 0.0 19.9 0.41 0.02 0.3
24961 1658398254 0 1 1.358
24962 1658398254 0 1 -1.551
24963 1658398254 0 3 2.570 4.979
24964 1658398254 0 4 2.506 1.414
24965 1658398255 0 5 0.54
24966 1658398255 0 6 0.10
24967 1658398255 0 8 4.997 9.690 9.27
24968 1658398255 0 1 -0.742
24969 1658398255 0 0 26.28 8.21 114.1 0.038 134.7 10.96 2.8 0.0 18.8 0.41 0.02 0.2
24970 1658398256 0 7 $GNGGA,101053.000,4424.64624,N,00855.07526,E,1,12,0.8,5.0,M,44.7,M,,*47
24971 1658398257 0 3 2.570 4.979
24972 1658398257 0 4 2.503 1.412
24973 1658398257 0 5 0.55
24974 1658398258 0 6 0.11
24975 1658398258 0 8 4.997 9.794 9.27
24976 1658398258 0 1 1.754
24977 1658398258 0 7 $GNGGA,101056.000,4424.64639,N,00855.07455,E,1,12,0.8,4.9,M,44.7,M,,*43
24978 1658398258 0 0 26.27 8.19 116.2 0.036 133.9 10.90 3.0 0.0 19.0 0.41 0.02 0.2
24979 1658398259 0 7 $GNGGA,101057.000,4424.64643,N,00855.07437,E,1,12,0.8,4.8,M,44.7,M,,*4A
24980 1658398260 0 3 2.570 4.979
24985 1658398261 0 1 1.454
24986 1658398261 0 7 $GNGGA,101059.000,4424.64654,N,00855.07394,E,1,12,0.8,4.8,M,44.7,M,,*4C
24990 1658398263 0 3 2.570 4.979
24998 1658398265 0 7 $GNGGA,101103.000,4424.64674,N,00855.07275,E,1,12,0.8,5.2,M,44.7,M,,*45
24999 1658398265 0 7 $GNGGA,101104.000,4424.64680,N,00855.07247,E,1,12,0.8,5.1,M,44.7,M,,*4B
25000 1658398266 0 7 $GNGGA,101105.000,4424.64712,N,00855.07232,E,1,12,0.8,5.4,M,44.7,M,,*47
25001 1658398266 0 3 2.570 4.979
25002 1658398266 0 4 2.496 1.412
25003 1658398267 0 5 0.55
25005 1658398267 0 8 4.997 9.784 9.27
25008 1658398268 0 7 $GNGGA,101106.000,4424.64715,N,00855.07198,E,1,12,0.8,5.3,M,44.7,M,,*47
25010 1658398269 0 3 2.570 4.979
25015 1658398270 0 1 0.467
25016 1658398270 0 7 $GNGGA,101108.000,4424.64720,N,00855.07146,E,1,12,0.8,5.1,M,44.7,M,,*4E
25017 1658398270 0 0 26.18 8.02 126.1 0.032 131.4 10.71 2.4 0.0 12.7 0.41 0.02 0.1
25020 1658398272 0 3 2.570 4.979
25024 1658398273 0 8 4.997 9.784 9.25
25028 1658398274 0 7 $GNGGA,101112.000,4424.64652,N,00855.07068,E,1,12,0.8,4.2,M,44.7,M,,*4E
25030 1658398275 0 4 2.495 1.399
25031 1658398275 0 5 0.56
25032 1658398276 0 6 0.11
25033 1658398276 0 8 4.997 9.794 9.25
25038 1658398278 0 3 2.570 4.979
25039 1658398278 0 4 2.495 1.404
25040 1658398278 0 5 0.55
25041 1658398279 0 6 0.11
25042 1658398279 0 8 4.994 9.784 9.27
25043 1658398279 0 1 2.205
25044 1658398279 0 7 $GNGGA,101117.000,4424.64517,N,00855.06892,E,1,12,0.8,2.7,M,44.7,M,,*46
25045 1658398279 0 0 26.10 7.87 135.9 0.030 130.0 10.60 2.3 0.0 13.8 0.41 0.02 0.1
25046 1658398280 0 7 $GNGGA,101118.000,4424.64490,N,00855.06906,E,1,12,0.8,2.6,M,44.7,M,,*4A
25049 1658398281 0 4 2.495 1.402
25050 1658398282 0 5 0.55
25055 1658398284 0 0 26.09 7.82 138.6 0.029 129.5 10.57 2.1 0.0 11.1 0.41 0.02 0.0
25057 1658398284 0 1 5.689
25063 1658398285 0 1 8.748
25064 1658398285 0 0 26.09 7.79 141.8 0.029 129.2 10.54 2.3 0.0 12.7 0.41 0.02 0.0
25065 1658398285 0 7 $GNGGA,101123.000,4424.64357,N,00855.07006,E,1,12,0.8,2.5,M,44.7,M,,*45
25066 1658398287 0 3 2.569 4.979
25068 1658398287 0 5 0.56
25074 1658398289 0 7 $GNGGA,101127.000,4424.64266,N,00855.06887,E,1,12,0.8,2.2,M,44.7,M,,*45
25075 1658398289 0 7 $GNGGA,101128.000,4424.64238,N,00855.06850,E,1,12,0.8,2.2,M,44.7,M,,*4B
25078 1658398290 0 4 2.494 1.397
25079 1658398291 0 5 0.56
25080 1658398291 0 6 0.11
25081 1658398291 0 8 4.997 9.794 9.27
25084 1658398292 0 7 $GNGGA,101130.000,4424.64203,N,00855.06797,E,1,12,0.8,1.3,M,44.7,M,,*4C
25085 1658398292 0 7 $GNGGA,101131.000,4424.64182,N,00855.06741,E,1,12,0.8,1.0,M,44.7,M,,*4F
25086 1658398293 0 7 $GNGGA,101132.000,4424.64150,N,00855.06657,E,1,12,0.8,0.7,M,44.7,M,,*43
25087 1658398293 0 3 2.569 4.979
25088 1658398294 0 4 2.495 1.407
25089 1658398294 0 5 0.56
25090 1658398294 0 6 0.11
25091 1658398294 0 8 4.997 9.784 9.27
25092 1658398294 0 1 2.994
25093 1658398294 0 0 26.07 7.74 147.6 0.028 128.3 10.48 2.0 0.0 10.9 0.41 0.02 0.0
25094 1658398295 0 7 $GNGGA,101133.000,4424.64123,N,00855.06589,E,1,12,0.8,0.8,M,44.7,M,,*49
25095 1658398295 0 7 $GNGGA,101134.000,4424.64103,N,00855.06542,E,1,12,0.8,0.7,M,44.7,M,,*44
25096 1658398296 0 7 $GNGGA,101135.000,4424.64077,N,00855.06488,E,1,12,0.8,0.9,M,44.7,M,,*4E
25097 1658398296 0 3 2.569 4.979
25098 1658398296 0 4 2.494 1.407
25099 1658398297 0 5 0.56
25100 1658398297 0 6 0.10
25101 1658398297 0 8 4.997 9.784 9.27
25102 1658398297 0 1 7.336
25103 1658398297 0 0 26.07 7.77 148.1 0.027 128.1 10.45 2.1 0.0 12.3 0.41 0.02 0.0
25104 1658398298 0 7 $GNGGA,101136.000,4424.64061,N,00855.06425,E,1,12,0.8,0.9,M,44.7,M,,*4D
25105 1658398298 0 7 $GNGGA,101137.000,4424.64042,N,00855.06354,E,1,12,0.8,0.9,M,44.7,M,,*4C
25106 1658398299 0 3 2.569 4.979
25107 1658398300 0 4 2.495 1.402
25108 1658398300 0 5 0.56
25109 1658398300 0 6 0.11
25110 1658398300 0 8 4.997 9.775 9.27
25111 1658398300 0 1 3.718
25112 1658398300 0 0 26.08 7.78 149.2 0.027 127.8 10.43 2.0 0.0 9.9 0.40 0.02 0.0
25113 1658398300 0 7 $GNGGA,101138.000,4424.64025,N,00855.06253,E,1,12,0.8,0.9,M,44.7,M,,*44
25114 1658398301 0 7 $GNGGA,101139.000,4424.64002,N,00855.06170,E,1,12,0.8,1.1,M,44.7,M,,*4B
25115 1658398302 0 7 $GNGGA,101141.000,4424.63974,N,00855.05994,E,1,12,0.8,0.8,M,44.7,M,,*42
25116 1658398302 0 3 2.569 4.979
25117 1658398302 0 4 2.495 1.384
25118 1658398303 0 5 0.56
25119 1658398303 0 6 0.11
25120 1658398303 0 8 4.997 9.794 9.27
25121 1658398303 0 1 3.726
25122 1658398303 0 0 26.08 7.77 151.2 0.026 127.5 10.41 2.3 0.0 13.4 0.41 0.02 0.0
25123 1658398304 0 7 $GNGGA,101142.000,4424.63952,N,00855.05930,E,1,12,0.8,0.7,M,44.7,M,,*44
25124 1658398305 0 7 $GNGGA,101144.000,4424.63918,N,00855.05796,E,1,12,0.8,0.2,M,44.7,M,,*4B
25125 1658398305 0 3 2.569 4.979
25126 1658398305 0 4 2.495 1.379
25127 1658398306 0 5 0.56
25128 1658398306 0 6 0.11
25129 1658398306 0 8 4.994 9.784 9.27
25130 1658398306 0 1 5.409
25131 1658398306 0 0 26.09 7.77 152.0 0.026 127.3 10.39 2.2 0.0 12.8 0.40 0.02 0.0
25132 1658398307 0 7 $GNGGA,101145.000,4424.63912,N,00855.05711,E,1,12,0.8,0.0,M,44.7,M,,*4D
25133 1658398308 0 7 $GNGGA,101147.000,4424.63866,N,00855.05564,E,1,12,0.8,0.3,M,44.7,M,,*4E
25134 1658398308 0 3 2.569 4.979
25135 1658398308 0 4 2.494 1.362
25136 1658398309 0 5 0.56
25137 1658398309 0 6 0.11
25138 1658398309 0 8 4.997 9.784 9.27
25139 1658398309 0 1 3.853
25140 1658398309 0 0 26.10 7.78 152.7 0.026 127.1 10.37 2.4 0.0 14.5 0.41 0.02 0.0
25141 1658398310 0 7 $GNGGA,101148.000,4424.63847,N,00855.05491,E,1,12,0.8,0.5,M,44.7,M,,*4F
25142 1658398310 0 7 $GNGGA,101149.000,4424.63835,N,00855.05424,E,1,12,0.8,0.6,M,44.7,M,,*46
25143 1658398311 0 7 $GNGGA,101150.000,4424.63827,N,00855.05341,E,1,12,0.8,0.5,M,44.7,M,,*4A
25144 1658398311 0 3 2.569 4.979
25147 1658398312 0 6 0.11
25148 1658398312 0 8 4.997 9.794 9.27
25149 1658398313 0 7 $GNGGA,101151.000,4424.63828,N,00855.05245,E,1,12,0.8,0.7,M,44.7,M,,*43
25150 1658398314 0 0 26.10 7.74 155.2 0.025 126.9 10.36 2.4 0.0 15.8 0.41 0.02 0.0
25151 1658398314 0 1 1.744
25152 1658398314 0 1 3.502
25153 1658398314 0 3 2.569 4.979
25154 1658398314 0 4 2.494 1.357
25155 1658398315 0 5 0.56
25156 1658398315 0 6 0.11
25157 1658398315 0 8 4.997 9.784 9.25
25158 1658398315 0 1 2.941
25159 1658398315 0 0 26.11 7.73 156.4 0.025 126.7 10.33 2.4 0.0 9.3 0.41 0.01 0.0
25160 1658398315 0 7 $GNGGA,101153.000,4424.63833,N,00855.05008,E,1,12,0.8,0.7,M,44.7,M,,*40
25161 1658398317 0 7 $GNGGA,101156.000,4424.63824,N,00855.04632,E,1,12,0.8,0.7,M,44.7,M,,*4D
25162 1658398317 0 3 2.569 4.979
25163 1658398317 0 4 2.493 1.340
25164 1658398318 0 5 0.56
25165 1658398318 0 6 0.11
25166 1658398318 0 8 4.997 9.784 9.27
25167 1658398318 0 1 5.235
25168 1658398318 0 0 26.12 7.71 158.2 0.024 126.5 10.32 2.4 0.0 12.9 0.41 0.01 0.0
25169 1658398319 0 7 $GNGGA,101157.000,4424.63843,N,00855.04533,E,1,12,0.8,0.7,M,44.7,M,,*4F
25170 1658398320 0 7 $GNGGA,101159.000,4424.63904,N,00855.04405,E,1,12,0.8,0.5,M,44.7,M,,*45
25171 1658398320 0 3 2.569 4.979
25172 1658398320 0 4 2.493 1.340
25173 1658398321 0 5 0.56
25174 1658398321 0 6 0.11
25175 1658398321 0 8 4.997 9.775 9.27
25176 1658398321 0 1 8.770
25177 1658398321 0 0 26.13 7.72 157.9 0.023 126.3 10.30 2.3 0.0 14.0 0.41 0.01 0.0
25178 1658398322 0 7 $GNGGA,101200.000,4424.63918,N,00855.04337,E,1,12,0.8,0.3,M,44.7,M,,*47
25180 1658398323 0 7 $GNGGA,101202.000,4424.63947,N,00855.04168,E,1,12,0.8,-0.0,M,44.7,M,,*69
25181 1658398323 0 3 2.569 4.979
25182 1658398323 0 4 2.493 1.340
25183 1658398324 0 5 0.56
25184 1658398324 0 6 0.11
25185 1658398324 0 8 4.997 9.794 9.27
25186 1658398324 0 1 5.198
25187 1658398324 0 0 26.12 7.69 160.3 0.023 126.0 10.28 1.9 0.0 10.0 0.41 0.01 0.0
25188 1658398325 0 7 $GNGGA,101203.000,4424.63961,N,00855.04077,E,1,12,0.8,-0.2,M,44.7,M,,*61
25189 1658398325 0 7 $GNGGA,101204.000,4424.63983,N,00855.03998,E,1,12,0.8,-0.2,M,44.7,M,,*65
25190 1658398326 0 7 $GNGGA,101205.000,4424.64000,N,00855.03926,E,1,12,0.8,-0.2,M,44.7,M,,*64
25191 1658398326 0 3 2.569 4.979
25192 1658398326 0 4 2.493 1.337
25193 1658398327 0 5 0.56
25194 1658398327 0 6 0.11
25195 1658398327 0 8 4.997 9.775 9.27
25196 1658398327 0 1 1.168
25197 1658398327 0 0 26.13 7.66 162.3 0.022 125.8 10.26 2.2 0.0 12.1 0.40 0.01 0.0
25198 1658398328 0 7 $GNGGA,101206.000,4424.64009,N,00855.03850,E,1,12,0.8,-0.2,M,44.7,M,,*6E
25199 1658398328 0 7 $GNGGA,101207.000,4424.64018,N,00855.03769,E,1,12,0.8,-0.2,M,44.7,M,,*6A
25200 1658398329 0 7 $GNGGA,101208.000,4424.64052,N,00855.03683,E,1,12,0.8,-0.2,M,44.7,M,,*6E
25201 1658398329 0 3 2.569 4.979
25202 1658398329 0 4 2.493 1.340
26398 1658398703 0 7 $GNGGA,101821.000,4424.76371,N,00854.99614,E,1,10,1.0,-2.1,M,44.7,M,,*68
26399 1658398703 0 7 $GNGGA,101822.000,4424.76373,N,00854.99614,E,1,10,1.0,-2.1,M,44.7,M,,*69
26400 1658398703 0 0 26.83 8.21 139.0 67.21 119.8 7.47 15.7 0.0 445.2 0.53 45.70 1.1
26401 1658398704 0 1 2.558
26402 1658398704 0 1 2.482
26403 1658398704 0 1 2.301
26404 1658398704 0 3 2.575 4.979
26405 1658398705 0 4 2.527 1.379
26406 1658398705 0 5 0.57
26407 1658398705 0 6 0.11
26408 1658398705 0 8 4.997 9.662 9.22
26409 1658398705 0 1 2.533
26410 1658398705 0 0 26.83 8.21 138.4 67.38 119.9 7.46 15.7 0.0 450.9 0.53 45.83 1.1
26411 1658398705 0 7 $GNGGA,101823.000,4424.76375,N,00854.99614,E,1,10,1.0,-2.1,M,44.7,M,,*6E
26412 1658398707 0 7 $GNGGA,101826.000,4424.76389,N,00854.99617,E,1,10,1.0,-2.2,M,44.7,M,,*68
26413 1658398707 0 3 2.575 4.979
26414 1658398707 0 4 2.527 1.379
26415 1658398708 0 5 0.57
26416 1658398708 0 6 0.11
26417 1658398708 0 8 4.997 9.653 9.25
26418 1658398708 0 1 2.343
26419 1658398708 0 0 26.82 8.21 138.1 67.46 120.0 7.47 15.7 0.0 454.1 0.54 45.89 1.1
26420 1658398709 0 7 $GNGGA,101827.000,4424.76391,N,00854.99626,E,1,10,1.0,-2.2,M,44.7,M,,*62
26421 1658398709 0 7 $GNGGA,101828.000,4424.76395,N,00854.99631,E,1,10,1.0,-2.2,M,44.7,M,,*6F
26422 1658398710 0 7 $GNGGA,101829.000,4424.76399,N,00854.99635,E,1,10,1.0,-2.2,M,44.7,M,,*66
26423 1658398710 0 3 2.575 4.979
26424 1658398710 0 4 2.526 1.379
26425 1658398711 0 5 0.57
26426 1658398711 0 6 0.11
26427 1658398711 0 8 4.997 9.662 9.20
26428 1658398711 0 1 2.392
26429 1658398711 0 7 $GNGGA,101830.000,4424.76402,N,00854.99639,E,1,10,1.0,-2.2,M,44.7,M,,*67
26430 1658398711 0 0 26.82 8.21 137.7 67.46 124.2 7.73 15.8 0.0 455.1 0.51 45.89 1.1
26431 1658398712 0 7 $GNGGA,101831.000,4424.76403,N,00854.99645,E,1,10,1.0,-2.2,M,44.7,M,,*6C
26432 1658398713 0 7 $GNGGA,101832.000,4424.76407,N,00854.99646,E,1,10,1.0,-2.1,M,44.7,M,,*6B
26433 1658398713 0 3 2.576 4.979
26434 1658398714 0 4 2.528 1.382
26435 1658398714 0 5 0.57
26436 1658398714 0 6 0.11
26437 1658398714 0 8 4.997 9.671 9.22
26438 1658398714 0 1 2.150
26439 1658398714 0 0 26.83 8.21 137.4 67.39 124.1 7.73 15.8 0.0 455.9 0.54 45.84 1.1
26440 1658398715 0 7 $GNGGA,101833.000,4424.76413,N,00854.99646,E,1,10,1.0,-2.1,M,44.7,M,,*6F
26441 1658398715 0 7 $GNGGA,101834.000,4424.76418,N,00854.99647,E,1,10,1.0,-2.2,M,44.7,M,,*61
26442 1658398716 0 7 $GNGGA,101835.000,4424.76421,N,00854.99647,E,1,10,1.0,-2.1,M,44.7,M,,*69
26443 1658398716 0 3 2.576 4.979
26444 1658398716 0 4 2.530 1.379
26445 1658398717 0 5 0.56
26446 1658398717 0 6 0.11
26447 1658398717 0 8 4.997 9.662 9.22
26448 1658398717 0 1 2.328
26449 1658398717 0 0 26.83 8.21 137.1 67.42 126.3 7.86 15.8 0.0 457.3 0.55 45.86 1.1
26450 1658398717 0 7 $GNGGA,101836.000,4424.76426,N,00854.99646,E,1,10,1.0,-2.1,M,44.7,M,,*6C
26451 1658398718 0 7 $GNGGA,101837.000,4424.76428,N,00854.99647,E,1,10,1.0,-2.1,M,44.7,M,,*62
26452 1658398719 0 7 $GNGGA,101838.000,4424.76432,N,00854.99644,E,1,10,1.0,-2.1,M,44.7,M,,*65
26453 1658398719 0 3 2.575 4.979
26454 1658398719 0 4 2.531 1.379
26455 1658398720 0 5 0.57
26456 1658398720 0 6 0.11
26457 1658398720 0 8 4.997 9.671 9.22
26458 1658398720 0 1 2.447
26459 1658398720 0 7 $GNGGA,101839.000,4424.76435,N,00854.99644,E,1,10,1.0,-2.1,M,44.7,M,,*63
26460 1658398720 0 0 26.83 8.21 136.8 67.52 126.0 7.84 15.8 0.0 456.8 0.54 45.94 1.1
26461 1658398721 0 7 $GNGGA,101840.000,4424.76440,N,00854.99639,E,1,10,1.0,-2.1,M,44.7,M,,*65
26462 1658398722 0 7 $GNGGA,101841.000,4424.76445,N,00854.99633,E,1,10,1.0,-2.1,M,44.7,M,,*6B
26463 1658398722 0 3 2.575 4.979
26464 1658398722 0 4 2.532 1.384
26465 1658398723 0 5 0.56
26466 1658398723 0 6 0.11
26467 1658398723 0 8 4.997 9.662 9.22
26468 1658398723 0 1 2.308
26469 1658398723 0 0 26.82 8.21 136.6 67.47 126.2 7.85 15.8 0.0 458.8 0.57 45.90 1.1
26470 1658398724 0 7 $GNGGA,101842.000,4424.76450,N,00854.99627,E,1,10,1.0,-2.1,M,44.7,M,,*69
26471 1658398724 0 7 $GNGGA,101843.000,4424.76454,N,00854.99625,E,1,10,1.0,-2.0,M,44.7,M,,*6F
26472 1658398725 0 7 $GNGGA,101844.000,4424.76459,N,00854.99621,E,1,10,1.0,-2.0,M,44.7,M,,*61
26473 1658398725 0 3 2.575 4.979
26474 1658398725 0 4 2.532 1.384
26475 1658398726 0 5 0.56
26476 1658398726 0 6 0.11
26477 1658398726 0 8 4.997 9.671 9.22
26478 1658398726 0 1 3.144
26479 1658398726 0 7 $GNGGA,101845.000,4424.76464,N,00854.99615,E,1,10,1.0,-2.0,M,44.7,M,,*69
26480 1658398726 0 0 26.78 8.21 136.4 67.48 126.3 7.87 15.8 0.0 459.2 0.55 45.91 1.1
26481 1658398727 0 7 $GNGGA,101846.000,4424.76471,N,00854.99606,E,1,10,1.0,-2.0,M,44.7,M,,*6C
26482 1658398728 0 7 $GNGGA,101847.000,4424.76479,N,00854.99597,E,1,10,1.0,-2.0,M,44.7,M,,*6E
26483 1658398728 0 3 2.576 4.979
26484 1658398728 0 4 2.530 1.382
26485 1658398729 0 5 0.56
26486 1658398729 0 6 0.11
26487 1658398729 0 8 4.997 9.728 9.22
26488 1658398729 0 1 2.319
26489 1658398729 0 7 $GNGGA,101848.000,4424.76485,N,00854.99591,E,1,10,1.0,-2.0,M,44.7,M,,*64
26490 1658398730 0 0 26.78 8.21 136.1 67.42 126.6 7.88 15.8 0.0 459.4 0.54 45.86 1.1
26491 1658398730 0 7 $GNGGA,101849.000,4424.76490,N,00854.99588,E,1,10,1.0,-2.0,M,44.7,M,,*69
26492 1658398731 0 7 $GNGGA,101850.000,4424.76497,N,00854.99586,E,1,10,1.0,-2.0,M,44.7,M,,*68
26493 1658398731 0 3 2.575 4.979
26499 1658398733 0 7 $GNGGA,101852.000,4424.76508,N,00854.99577,E,1,10,1.0,-1.9,M,44.7,M,,*69
26500 1658398734 0 7 $GNGGA,101853.000,4424.76517,N,00854.99569,E,1,10,1.0,-1.9,M,44.7,M,,*69
26501 1658398734 0 3 2.575 4.979
26502 1658398734 0 4 2.531 1.427
26503 1658398735 0 5 0.57
26504 1658398735 0 6 0.11
26505 1658398735 0 8 4.997 9.643 9.22
26506 1658398735 0 1 2.278
26507 1658398735 0 0 26.76 8.21 135.7 67.43 126.9 7.90 15.8 0.0 459.6 0.53 45.87 1.1
26508 1658398735 0 7 $GNGGA,101854.000,4424.76523,N,00854.99564,E,1,10,1.0,-1.9,M,44.7,M,,*64
26509 1658398736 0 7 $GNGGA,101855.000,4424.76531,N,00854.99559,E,1,10,1.0,-1.9,M,44.7,M,,*68
26510 1658398737 0 7 $GNGGA,101856.000,4424.76537,N,00854.99554,E,1,10,1.0,-1.9,M,44.7,M,,*60
26511 1658398737 0 3 2.575 4.979
26512 1658398737 0 4 2.526 1.429
26513 1658398738 0 5 0.56
26514 1658398738 0 6 0.11
26515 1658398738 0 1 2.176
26516 1658398738 0 8 4.997 9.643 9.22
26517 1658398738 0 0 26.76 8.21 135.5 67.42 127.0 7.92 15.8 0.0 457.7 0.57 45.86 1.1
26518 1658398739 0 7 $GNGGA,101857.000,4424.76544,N,00854.99553,E,1,10,1.0,-1.9,M,44.7,M,,*62
26519 1658398739 0 7 $GNGGA,101858.000,4424.76550,N,00854.99550,E,1,10,1.0,-1.9,M,44.7,M,,*6B
26520 1658398740 0 7 $GNGGA,101859.000,4424.76557,N,00854.99547,E,1,10,1.0,-1.9,M,44.7,M,,*6B
26521 1658398740 0 3 2.575 4.979
26522 1658398740 0 4 2.526 1.425
26523 1658398741 0 5 0.56
26524 1658398741 0 6 0.11
26525 1658398741 0 8 4.997 9.634 9.22
26526 1658398741 0 1 2.640
26527 1658398741 0 0 26.69 8.21 135.2 67.46 127.3 7.94 15.8 0.0 462.9 0.53 45.90 1.1
26528 1658398741 0 7 $GNGGA,101900.000,4424.76561,N,00854.99544,E,1,10,1.0,-1.9,M,44.7,M,,*60
26529 1658398742 0 7 $GNGGA,101901.000,4424.76565,N,00854.99542,E,1,10,1.0,-1.8,M,44.7,M,,*62
26530 1658398743 0 7 $GNGGA,101902.000,4424.76571,N,00854.99542,E,1,10,1.0,-1.8,M,44.7,M,,*64
26531 1658398743 0 3 2.575 4.979
26532 1658398744 0 4 2.527 1.425
26533 1658398744 0 5 0.56
26534 1658398744 0 6 0.11
26535 1658398744 0 1 2.126
26536 1658398744 0 8 4.997 9.662 9.22
26537 1658398744 0 0 26.63 8.21 135.0 67.48 127.7 7.97 15.8 0.0 461.2 0.52 45.91 1.1
26538 1658398745 0 7 $GNGGA,101903.000,4424.76575,N,00854.99542,E,1,10,1.0,-1.7,M,44.7,M,,*6E
26539 1658398745 0 7 $GNGGA,101904.000,4424.76578,N,00854.99541,E,1,10,1.0,-1.7,M,44.7,M,,*67
26540 1658398746 0 7 $GNGGA,101905.000,4424.76583,N,00854.99539,E,1,10,1.0,-1.7,M,44.7,M,,*6D
26541 1658398746 0 3 2.575 4.979
26542 1658398746 0 4 2.527 1.422
26543 1658398747 0 5 0.56
26544 1658398747 0 6 0.11
26545 1658398747 0 8 4.997 9.643 9.22
26546 1658398747 0 1 2.113
26547 1658398747 0 0 26.60 8.21 134.9 67.54 127.8 7.98 15.8 0.0 461.6 0.54 45.96 1.1
26548 1658398748 0 7 $GNGGA,101906.000,4424.76587,N,00854.99539,E,1,10,1.0,-1.7,M,44.7,M,,*6A
26549 1658398748 0 7 $GNGGA,101907.000,4424.76591,N,00854.99541,E,1,10,1.0,-1.7,M,44.7,M,,*63
26550 1658398749 0 7 $GNGGA,101908.000,4424.76595,N,00854.99541,E,1,10,1.0,-1.7,M,44.7,M,,*68
26551 1658398749 0 3 2.575 4.979
26552 1658398750 0 4 2.525 1.422
26553 1658398750 0 5 0.56
26554 1658398750 0 6 0.11
26555 1658398750 0 1 2.632
26556 1658398750 0 8 4.997 9.671 9.22
26557 1658398750 0 0 26.53 8.21 134.7 67.46 128.1 8.01 15.9 0.0 462.2 0.53 45.90 1.1
26558 1658398750 0 7 $GNGGA,101909.000,4424.76600,N,00854.99538,E,1,10,1.0,-1.6,M,44.7,M,,*69
26559 1658398751 0 7 $GNGGA,101910.000,4424.76603,N,00854.99539,E,1,10,1.0,-1.6,M,44.7,M,,*63
26560 1658398752 0 7 $GNGGA,101911.000,4424.76558,N,00854.99733,E,1,10,1.0,-2.6,M,44.7,M,,*64
26561 1658398752 0 3 2.576 4.979
26562 1658398753 0 4 2.526 1.439
26563 1658398753 0 5 0.56
26564 1658398753 0 6 0.11
26565 1658398753 0 8 4.997 9.643 9.22
26566 1658398753 0 1 2.605
26567 1658398753 0 0 26.54 8.21 134.5 67.41 128.5 8.03 15.8 0.0 459.7 0.54 45.86 1.1
26568 1658398754 0 7 $GNGGA,101912.000,4424.76488,N,00855.00011,E,1,10,1.0,-3.9,M,44.7,M,,*63
26569 1658398755 0 7 $GNGGA,101914.000,4424.76505,N,00855.00000,E,1,10,1.0,-3.9,M,44.7,M,,*61
26570 1658398755 0 3 2.575 4.979
26571 1658398755 0 4 2.527 1.472
26572 1658398756 0 5 0.56
26573 1658398756 0 1 2.464
26574 1658398756 0 6 0.11
26575 1658398756 0 8 4.997 9.700 9.22
26576 1658398756 0 0 26.55 8.21 134.3 67.48 128.9 8.05 15.8 0.0 457.7 0.53 45.91 1.1
26577 1658398757 0 7 $GNGGA,101915.000,4424.76510,N,00855.00003,E,1,10,1.0,-3.9,M,44.7,M,,*67
26578 1658398757 0 7 $GNGGA,101916.000,4424.76518,N,00855.00004,E,1,10,1.0,-3.9,M,44.7,M,,*6B
26579 1658398758 0 7 $GNGGA,101917.000,4424.76527,N,00855.00004,E,1,10,1.0,-3.9,M,44.7,M,,*66
26580 1658398758 0 3 2.575 4.979
26581 1658398759 0 4 2.523 1.474
26582 1658398759 0 5 0.56
26583 1658398759 0 6 0.11
26584 1658398759 0 8 4.997 9.643 9.22
26585 1658398759 0 1 2.414
26586 1658398759 0 0 26.63 8.21 134.1 67.54 129.2 8.06 15.8 0.0 452.1 0.55 45.96 1.1
26587 1658398760 0 7 $GNGGA,101918.000,4424.76531,N,00855.00004,E,1,10,1.0,-3.8,M,44.7,M,,*6F
26588 1658398760 0 7 $GNGGA,101919.000,4424.76537,N,00855.00004,E,1,10,1.0,-3.9,M,44.7,M,,*69
26589 1658398761 0 7 $GNGGA,101920.000,4424.76544,N,00855.00003,E,1,10,1.0,-3.9,M,44.7,M,,*60
26590 1658398761 0 3 2.576 4.979
26591 1658398761 0 4 2.525 1.474
26592 1658398762 0 5 0.56
26593 1658398762 0 1 2.219
26594 1658398762 0 6 0.11
26595 1658398762 0 8 4.997 9.700 9.22
26596 1658398762 0 7 $GNGGA,101921.000,4424.76552,N,00855.00000,E,1,10,1.0,-3.9,M,44.7,M,,*65
26597 1658398763 0 7 $GNGGA,101922.000,4424.76558,N,00854.99998,E,1,10,1.0,-3.9,M,44.7,M,,*65
26598 1658398763 0 0 26.53 8.21 133.9 67.54 129.7 8.11 15.8 0.0 455.0 0.51 45.96 1.1
26599 1658398764 0 7 $GNGGA,101923.000,4424.76565,N,00854.99996,E,1,10,1.0,-3.9,M,44.7,M,,*64
26600 1658398764 0 3 2.576 4.979
26601 1658398765 0 4 2.526 1.477
26602 1658398765 0 5 0.56
26603 1658398765 0 6 0.11
26604 1658398765 0 1 -2.434
26605 1658398765 0 8 4.997 9.643 9.22
26606 1658398765 0 0 26.44 8.21 133.8 67.54 130.0 8.14 15.9 0.0 458.4 0.53 45.97 1.1
26607 1658398766 0 7 $GNGGA,101924.000,4424.76574,N,00854.99988,E,1,10,1.0,-3.9,M,44.7,M,,*6C
26608 1658398766 0 7 $GNGGA,101925.000,4424.76583,N,00854.99982,E,1,10,1.0,-3.9,M,44.7,M,,*6F
26609 1658398767 0 7 $GNGGA,101926.000,4424.76592,N,00854.99978,E,1,10,1.0,-3.9,M,44.7,M,,*69
26610 1658398767 0 3 2.575 4.979
26611 1658398767 0 4 2.527 1.472
26612 1658398768 0 5 0.56
26613 1658398768 0 6 0.10
26614 1658398768 0 8 4.997 9.643 9.22
26615 1658398768 0 1 2.590
26616 1658398768 0 0 26.42 8.20 133.6 67.58 130.3 8.16 15.8 0.0 455.3 0.54 46.00 1.1
26617 1658398768 0 7 $GNGGA,101927.000,4424.76602,N,00854.99973,E,1,10,1.0,-4.0,M,44.7,M,,*67
26618 1658398769 0 7 $GNGGA,101928.000,4424.76610,N,00854.99969,E,1,10,1.0,-4.0,M,44.7,M,,*60
26619 1658398770 0 7 $GNGGA,101929.000,4424.76615,N,00854.99943,E,1,10,1.0,-4.2,M,44.7,M,,*6E
26620 1658398770 0 3 2.575 4.979
26621 1658398770 0 4 2.531 1.469
26622 1658398771 0 5 0.56
26623 1658398771 0 6 0.10
26624 1658398771 0 1 1.692
26625 1658398771 0 8 4.997 9.662 9.22
26626 1658398771 0 0 26.39 8.20 133.4 67.55 130.5 8.17 15.8 0.0 455.6 0.55 45.98 1.1
26627 1658398771 0 7 $GNGGA,101930.000,4424.76623,N,00854.99946,E,1,10,1.0,-4.2,M,44.7,M,,*66
26628 1658398772 0 7 $GNGGA,101931.000,4424.76634,N,00854.99945,E,1,10,1.0,-4.3,M,44.7,M,,*63
26629 1658398773 0 7 $GNGGA,101932.000,4424.76640,N,00854.99945,E,1,10,1.0,-4.3,M,44.7,M,,*63
26630 1658398773 0 3 2.583 4.979
26634 1658398774 0 8 4.997 9.587 9.22
26635 1658398774 0 1 2.562
26636 1658398774 0 0 26.30 8.20 133.3 67.48 130.6 8.19 15.9 0.0 457.3 0.88 45.92 1.1
26637 1658398774 0 7 $GNGGA,101933.000,4424.76648,N,00854.99936,E,1,10,1.0,-4.4,M,44.7,M,,*69
26638 1658398775 0 7 $GNGGA,101934.000,4424.76657,N,00854.99927,E,1,10,1.0,-4.4,M,44.7,M,,*60
26640 1658398776 0 3 2.602 4.979
26641 1658398776 0 4 2.637 1.564
26642 1658398777 0 5 0.55
26643 1658398777 0 6 0.10
26644 1658398777 0 1 2.512
26645 1658398777 0 8 4.997 9.700 9.22
26646 1658398777 0 0 26.26 8.20 133.0 67.54 130.8 8.21 15.9 0.0 456.8 1.23 45.97 1.1
26647 1658398777 0 7 $GNGGA,101936.000,4424.76675,N,00854.99910,E,1,10,1.0,-4.5,M,44.7,M,,*67
26648 1658398778 0 7 $GNGGA,101937.000,4424.76682,N,00854.99902,E,1,10,1.0,-4.5,M,44.7,M,,*6D
26649 1658398779 0 7 $GNGGA,101938.000,4424.76690,N,00854.99893,E,1,10,1.0,-4.5,M,44.7,M,,*68
26650 1658398779 0 3 2.758 4.979
26651 1658398779 0 4 2.650 1.524
26652 1658398780 0 5 0.55
26653 1658398780 0 6 0.10
26654 1658398780 0 8 4.997 9.577 9.22
26655 1658398780 0 1 2.660
26656 1658398780 0 0 26.23 8.20 132.7 67.53 131.2 8.24 15.9 0.0 455.0 1.80 45.97 1.1
26657 1658398780 0 7 $GNGGA,101939.000,4424.76700,N,00854.99882,E,1,10,1.0,-4.6,M,44.7,M,,*62
26658 1658398781 0 7 $GNGGA,101940.000,4424.76707,N,00854.99879,E,1,10,1.0,-4.6,M,44.7,M,,*6F
26659 1658398782 0 7 $GNGGA,101941.000,4424.76714,N,00854.99869,E,1,10,1.0,-4.6,M,44.7,M,,*6D
26660 1658398782 0 3 2.768 4.979
26661 1658398782 0 4 2.655 1.526
26662 1658398783 0 5 0.55
26663 1658398783 0 1 3.361
26664 1658398783 0 6 0.10
26665 1658398783 0 8 4.997 9.794 9.20
26666 1658398783 0 0 26.21 8.20 132.6 67.46 131.6 8.27 15.9 0.0 456.0 2.42 45.91 1.1
26667 1658398783 0 7 $GNGGA,101942.000,4424.76718,N,00854.99864,E,1,10,1.0,-4.6,M,44.7,M,,*6F
26668 1658398784 0 7 $GNGGA,101943.000,4424.76724,N,00854.99856,E,1,10,1.0,-4.6,M,44.7,M,,*60
26669 1658398785 0 7 $GNGGA,101944.000,4424.76730,N,00854.99850,E,1,10,1.0,-4.6,M,44.7,M,,*64
26670 1658398785 0 3 2.769 4.979
26671 1658398785 0 4 2.657 1.526
26672 1658398786 0 5 0.55
26673 1658398786 0 6 0.10
26674 1658398786 0 8 4.997 9.700 9.22
26675 1658398786 0 1 4.212
26676 1658398786 0 0 26.04 8.20 132.4 67.39 132.0 8.32 16.0 0.0 455.8 3.05 45.86 1.1
26677 1658398787 0 7 $GNGGA,101945.000,4424.76736,N,00854.99841,E,1,10,1.0,-4.5,M,44.7,M,,*60
26678 1658398788 0 7 $GNGGA,101947.000,4424.76746,N,00854.99829,E,1,10,1.0,-4.5,M,44.7,M,,*6B
26679 1658398788 0 3 2.780 4.979
26680 1658398788 0 4 2.659 1.539
26681 1658398789 0 5 0.55
26682 1658398789 0 1 5.272
26683 1658398789 0 6 0.10
26684 1658398789 0 8 4.997 9.794 9.22
26685 1658398789 0 0 25.72 8.21 132.3 67.42 132.3 8.38 16.0 0.0 474.8 3.68 45.89 1.0
26686 1658398790 0 7 $GNGGA,101948.000,4424.76750,N,00854.99823,E,1,10,1.0,-4.4,M,44.7,M,,*68
26687 1658398790 0 7 $GNGGA,101949.000,4424.76755,N,00854.99817,E,1,10,1.0,-4.4,M,44.7,M,,*6B
26688 1658398791 0 7 $GNGGA,101950.000,4424.76760,N,00854.99813,E,1,10,1.0,-4.4,M,44.7,M,,*61
26689 1658398791 0 3 2.785 4.979
26690 1658398791 0 4 2.662 1.566
26691 1658398792 0 5 0.55
26692 1658398792 0 6 0.10
26693 1658398792 0 1 4.824
26694 1658398792 0 8 4.997 9.737 9.22
26695 1658398793 0 7 $GNGGA,101951.000,4424.76764,N,00854.99811,E,1,10,1.0,-4.3,M,44.7,M,,*61
26696 1658398793 0 7 $GNGGA,101952.000,4424.76768,N,00854.99808,E,1,10,1.0,-4.3,M,44.7,M,,*66
26697 1658398793 0 0 25.66 8.21 132.2 67.59 132.8 8.42 16.0 0.0 472.1 4.30 46.02 1.0
26698 1658398794 0 3 2.792 4.979
26699 1658398794 0 4 2.664 1.584
26700 1658398795 0 5 0.54
26701 1658398795 0 6 0.10
26702 1658398795 0 8 4.997 9.587 9.22
26703 1658398795 0 1 5.684
26704 1658398795 0 0 25.34 8.21 132.2 67.46 133.3 8.50 16.1 0.0 473.6 4.83 45.94 1.0
26705 1658398795 0 7 $GNGGA,101953.000,4424.76771,N,00854.99805,E,1,10,1.0,-4.3,M,44.7,M,,*62
26706 1658398796 0 7 $GNGGA,101954.000,4424.76774,N,00854.99801,E,1,10,1.0,-4.3,M,44.7,M,,*64
26707 1658398796 0 7 $GNGGA,101955.000,4424.76776,N,00854.99798,E,1,10,1.0,-4.3,M,44.7,M,,*68
26708 1658398797 0 7 $GNGGA,101956.000,4424.76779,N,00854.99793,E,1,10,1.0,-4.3,M,44.7,M,,*6F
26709 1658398797 0 3 2.798 4.979
26710 1658398798 0 4 2.668 1.636
26711 1658398798 0 5 0.54
26712 1658398798 0 6 0.10
26713 1658398798 0 1 5.664
26714 1658398798 0 8 4.997 9.737 9.22
26715 1658398798 0 0 25.28 8.21 132.1 67.41 134.1 8.56 16.1 0.0 469.0 5.40 45.90 1.0
26716 1658398799 0 7 $GNGGA,101957.000,4424.76781,N,00854.99793,E,1,10,1.0,-4.3,M,44.7,M,,*69
26717 1658398800 0 7 $GNGGA,101959.000,4424.76779,N,00854.99791,E,1,10,1.0,-4.3,M,44.7,M,,*62
26718 1658398800 0 3 2.805 4.979
26719 1658398800 0 4 2.672 1.641
26720 1658398801 0 5 0.54
26721 1658398801 0 6 0.10
26722 1658398801 0 8 4.997 9.615 9.22
26723 1658398801 0 1 6.396
26724 1658398801 0 0 25.24 8.21 132.0 67.43 134.9 8.62 16.0 0.0 463.9 6.04 45.91 1.0
26725 1658398801 0 7 $GNGGA,102000.000,4424.76779,N,00854.99788,E,1,10,1.0,-4.3,M,44.7,M,,*6C
26726 1658398802 0 7 $GNGGA,102001.000,4424.76778,N,00854.99787,E,1,10,1.0,-4.3,M,44.7,M,,*63
26727 1658398803 0 7 $GNGGA,102002.000,4424.76779,N,00854.99785,E,1,10,1.0,-4.3,M,44.7,M,,*63
26728 1658398803 0 3 2.788 4.979
26729 1658398803 0 4 2.674 1.646
26730 1658398804 0 5 0.53
26731 1658398804 0 6 0.10
26732 1658398804 0 1 5.562
26733 1658398804 0 8 4.997 9.671 9.22
26734 1658398804 0 0 25.21 8.21 131.9 67.39 135.7 8.67 16.0 0.0 458.1 6.59 45.89 1.0
26735 1658398804 0 7 $GNGGA,102003.000,4424.76780,N,00854.99782,E,1,10,1.0,-4.3,M,44.7,M,,*63
26736 1658398805 0 7 $GNGGA,102004.000,4424.76782,N,00854.99779,E,1,10,1.0,-4.3,M,44.7,M,,*62
26737 1658398806 0 7 $GNGGA,102005.000,4424.76785,N,00854.99775,E,1,10,1.0,-4.2,M,44.7,M,,*69
26738 1658398806 0 3 2.788 4.979
26739 1658398806 0 4 2.676 1.644
26740 1658398807 0 5 0.53
26741 1658398807 0 6 0.10
26742 1658398807 0 8 4.997 9.605 9.22
26743 1658398807 0 1 6.577
26744 1658398807 0 0 25.15 8.21 131.9 67.38 136.7 8.74 16.0 0.0 459.3 6.77 45.88 1.0
26745 1658398807 0 7 $GNGGA,102006.000,4424.76787,N,00854.99770,E,1,10,1.0,-4.2,M,44.7,M,,*6D
26746 1658398808 0 7 $GNGGA,102007.000,4424.76790,N,00854.99764,E,1,10,1.0,-4.2,M,44.7,M,,*6F
26747 1658398809 0 7 $GNGGA,102008.000,4424.76791,N,00854.99760,E,1,10,1.0,-4.2,M,44.7,M,,*65
26748 1658398809 0 3 2.788 4.979
26749 1658398810 0 4 2.680 1.641
26750 1658398810 0 5 0.53
26751 1658398810 0 1 5.840
26752 1658398810 0 6 0.10
26753 1658398810 0 8 4.997 9.690 9.22
26754 1658398810 0 0 25.06 8.21 131.9 67.41 137.6 8.81 16.0 0.0 453.9 6.92 45.90 1.0
26755 1658398811 0 7 $GNGGA,102009.000,4424.76793,N,00854.99753,E,1,10,1.0,-4.2,M,44.7,M,,*66
26756 1658398811 0 7 $GNGGA,102010.000,4424.76796,N,00854.99746,E,1,10,1.0,-4.2,M,44.7,M,,*6F
26757 1658398812 0 7 $GNGGA,102011.000,4424.76800,N,00854.99736,E,1,10,1.0,-4.2,M,44.7,M,,*69
26758 1658398812 0 3 2.788 4.979
26759 1658398812 0 4 2.682 1.646
26760 1658398813 0 5 0.53
26761 1658398813 0 6 0.10
26762 1658398813 0 8 4.997 9.634 9.22
26763 1658398813 0 1 5.676
26764 1658398813 0 0 25.04 8.21 131.9 67.43 138.6 8.88 16.0 0.0 444.9 7.03 45.92 1.0
26765 1658398813 0 7 $GNGGA,102012.000,4424.76803,N,00854.99731,E,1,10,1.0,-4.2,M,44.7,M,,*6E
26766 1658398814 0 7 $GNGGA,102013.000,4424.76806,N,00854.99725,E,1,10,1.0,-4.2,M,44.7,M,,*6F
26767 1658398815 0 7 $GNGGA,102014.000,4424.76811,N,00854.99715,E,1,10,1.0,-4.1,M,44.7,M,,*6E
26768 1658398815 0 3 2.788 4.979
26769 1658398815 0 4 2.686 1.651
26770 1658398816 0 5 0.52
26771 1658398816 0 1 6.275
26772 1658398816 0 6 0.10
26773 1658398816 0 8 4.997 9.709 9.22
26774 1658398816 0 0 25.03 8.21 131.8 67.34 139.6 8.95 15.9 0.0 438.1 7.08 45.85 1.0
26775 1658398816 0 7 $GNGGA,102015.000,4424.76815,N,00854.99707,E,1,10,1.0,-4.1,M,44.7,M,,*68
26776 1658398817 0 7 $GNGGA,102016.000,4424.76817,N,00854.99700,E,1,10,1.0,-4.1,M,44.7,M,,*6E
26777 1658398818 0 7 $GNGGA,102017.000,4424.76819,N,00854.99692,E,1,10,1.0,-4.0,M,44.7,M,,*6A
26778 1658398818 0 3 2.788 4.979
26779 1658398818 0 4 2.688 1.654
26780 1658398819 0 5 0.52
26781 1658398819 0 6 0.10
26782 1658398819 0 1 4.825
26783 1658398819 0 8 4.997 9.643 9.22
26784 1658398819 0 0 24.99 8.21 131.8 67.33 140.8 9.03 15.9 0.0 436.7 7.08 45.84 1.0
26785 1658398820 0 7 $GNGGA,102018.000,4424.76825,N,00854.99681,E,1,10,1.0,-3.9,M,44.7,M,,*66
26786 1658398820 0 7 $GNGGA,102019.000,4424.76829,N,00854.99672,E,1,10,1.0,-3.9,M,44.7,M,,*67
26787 1658398821 0 7 $GNGGA,102020.000,4424.76832,N,00854.99664,E,1,10,1.0,-3.8,M,44.7,M,,*61
26788 1658398821 0 3 2.788 4.979
26789 1658398822 0 4 2.692 1.649
26790 1658398822 0 5 0.52
26791 1658398822 0 6 0.10
26792 1658398822 0 8 4.997 9.634 9.22
26793 1658398822 0 1 4.903
26794 1658398823 0 7 $GNGGA,102021.000,4424.76857,N,00854.99667,E,1,10,1.0,-4.5,M,44.7,M,,*6A
26795 1658398823 0 7 $GNGGA,102022.000,4424.76858,N,00854.99664,E,1,10,1.0,-4.4,M,44.7,M,,*64
26796 1658398823 0 0 24.87 8.21 131.8 67.42 141.5 9.09 15.9 0.0 436.0 7.08 45.92 1.0
26797 1658398824 0 7 $GNGGA,102023.000,4424.76863,N,00854.99652,E,1,10,1.0,-4.3,M,44.7,M,,*6F
26798 1658398824 0 3 2.788 4.979
26799 1658398824 0 4 2.693 1.651
26800 1658398825 0 5 0.51
26801 1658398825 0 6 0.09
26802 1658398825 0 1 4.721
26803 1658398825 0 8 4.997 9.690 9.22
26804 1658398825 0 0 24.84 8.21 131.7 67.47 142.4 9.15 15.9 0.0 430.9 7.09 45.96 1.0
26805 1658398825 0 7 $GNGGA,102024.000,4424.76869,N,00854.99637,E,1,10,1.0,-4.2,M,44.7,M,,*60
26806 1658398826 0 7 $GNGGA,102025.000,4424.76874,N,00854.99626,E,1,10,1.0,-4.2,M,44.7,M,,*6D
26807 1658398827 0 7 $GNGGA,102026.000,4424.76880,N,00854.99616,E,1,10,1.0,-4.2,M,44.7,M,,*66
26808 1658398827 0 3 2.788 4.979
26809 1658398827 0 4 2.696 1.651
26810 1658398828 0 5 0.51
26811 1658398828 0 6 0.09
26812 1658398828 0 8 4.997 9.681 9.22
26813 1658398828 0 1 4.436
26814 1658398828 0 0 24.83 8.21 131.8 67.46 143.2 9.20 15.9 0.0 426.5 7.09 45.95 1.0
26815 1658398828 0 7 $GNGGA,102027.000,4424.76890,N,00854.99606,E,1,10,1.0,-4.2,M,44.7,M,,*67
26816 1658398829 0 7 $GNGGA,102028.000,4424.76898,N,00854.99599,E,1,10,1.0,-4.2,M,44.7,M,,*65
26817 1658398830 0 7 $GNGGA,102029.000,4424.76854,N,00854.99441,E,1,10,1.0,-7.2,M,44.7,M,,*63
26818 1658398830 0 3 2.788 4.979
26819 1658398830 0 4 2.698 1.649
26820 1658398831 0 5 0.51
26821 1658398831 0 6 0.09
26822 1658398831 0 1 4.913
26823 1658398831 0 8 4.997 9.747 9.22
26824 1658398831 0 0 24.83 8.21 131.7 67.36 143.9 9.26 15.8 0.0 422.3 7.08 45.87 1.0
26825 1658398831 0 7 $GNGGA,102030.000,4424.76860,N,00854.99437,E,1,10,1.0,-7.0,M,44.7,M,,*6F
26826 1658398832 0 7 $GNGGA,102031.000,4424.76866,N,00854.99435,E,1,10,1.0,-7.0,M,44.7,M,,*6A
26827 1658398833 0 7 $GNGGA,102032.000,4424.76874,N,00854.99432,E,1,10,1.0,-7.0,M,44.7,M,,*6D
26828 1658398833 0 3 2.788 4.979
26829 1658398833 0 4 2.701 1.651
26830 1658398834 0 5 0.51
26831 1658398834 0 6 0.09
26832 1658398834 0 8 4.997 9.690 9.22
26833 1658398834 0 1 5.116
26834 1658398834 0 0 24.82 8.21 131.6 67.43 144.7 9.30 15.8 0.0 415.6 7.07 45.92 1.0
26835 1658398834 0 7 $GNGGA,102033.000,4424.76881,N,00854.99429,E,1,10,1.0,-7.0,M,44.7,M,,*6C
26836 1658398835 0 7 $GNGGA,102034.000,4424.76887,N,00854.99423,E,1,10,1.0,-7.0,M,44.7,M,,*67
26837 1658398836 0 7 $GNGGA,102035.000,4424.76900,N,00854.99427,E,1,10,1.0,-7.4,M,44.7,M,,*68
26838 1658398836 0 3 2.788 4.979
26839 1658398836 0 4 2.704 1.691
26840 1658398837 0 5 0.50
26841 1658398837 0 1 5.024
26842 1658398837 0 6 0.09
26843 1658398837 0 8 4.997 9.737 9.22
26844 1658398837 0 0 24.82 8.21 131.6 67.39 145.3 9.34 15.8 0.0 411.8 7.08 45.89 1.0
26845 1658398837 0 7 $GNGGA,102036.000,4424.76908,N,00854.99432,E,1,10,1.0,-7.9,M,44.7,M,,*6A
26846 1658398838 0 7 $GNGGA,102037.000,4424.76914,N,00854.99432,E,1,10,1.0,-7.8,M,44.7,M,,*67
26847 1658398839 0 7 $GNGGA,102038.000,4424.76916,N,00854.99426,E,1,10,1.0,-7.8,M,44.7,M,,*6F
26848 1658398839 0 3 2.788 4.979
26849 1658398839 0 4 2.706 1.761
26850 1658398840 0 5 0.50
26851 1658398840 0 6 0.09
26852 1658398840 0 8 4.997 9.671 9.22
26853 1658398840 0 1 4.768
26854 1658398840 0 0 24.82 8.21 131.6 67.41 145.7 9.37 15.8 0.0 407.0 7.08 45.91 1.0
26855 1658398840 0 7 $GNGGA,102039.000,4424.76919,N,00854.99420,E,1,10,1.0,-7.8,M,44.7,M,,*67
26856 1658398841 0 7 $GNGGA,102040.000,4424.76925,N,00854.99420,E,1,10,1.0,-7.8,M,44.7,M,,*66
26857 1658398842 0 7 $GNGGA,102041.000,4424.76934,N,00854.99425,E,1,10,1.0,-7.8,M,44.7,M,,*62
26858 1658398842 0 3 2.788 4.979
26859 1658398843 0 4 2.709 1.736
26861 1658398843 0 1 5.018
26862 1658398843 0 6 0.09
26863 1658398843 0 8 4.997 9.690 9.22
26864 1658398843 0 0 24.80 8.21 131.5 67.40 146.1 9.40 15.7 0.0 403.4 7.08 45.90 1.0
26865 1658398844 0 7 $GNGGA,102042.000,4424.76941,N,00854.99428,E,1,10,1.0,-7.8,M,44.7,M,,*6E
26866 1658398844 0 7 $GNGGA,102043.000,4424.76945,N,00854.99429,E,1,10,1.0,-7.8,M,44.7,M,,*6A
26867 1658398845 0 7 $GNGGA,102044.000,4424.76938,N,00854.99467,E,1,10,1.0,-8.7,M,44.7,M,,*6D
26868 1658398845 0 3 2.788 4.979
26869 1658398845 0 4 2.712 1.736
26870 1658398846 0 5 0.49
26871 1658398846 0 6 0.09
26872 1658398846 0 1 4.170
26873 1658398846 0 8 4.997 9.615 9.22
26874 1658398846 0 0 24.79 8.21 131.5 67.35 146.5 9.43 15.8 0.0 400.3 7.05 45.87 1.0
26875 1658398846 0 7 $GNGGA,102045.000,4424.76944,N,00854.99470,E,1,10,1.0,-8.6,M,44.7,M,,*60
26876 1658398847 0 7 $GNGGA,102046.000,4424.76949,N,00854.99471,E,1,10,1.0,-8.6,M,44.7,M,,*6F
26877 1658398848 0 7 $GNGGA,102047.000,4424.76954,N,00854.99474,E,1,10,1.0,-8.5,M,44.7,M,,*64
26878 1658398848 0 3 2.788 4.979
26879 1658398848 0 4 2.713 1.734
26880 1658398849 0 5 0.49
26881 1658398849 0 6 0.09
26882 1658398849 0 8 4.997 9.624 9.22
26883 1658398849 0 1 4.763
26884 1658398849 0 0 24.80 8.21 131.5 67.34 146.7 9.44 15.7 0.0 394.3 6.41 45.86 1.0
26885 1658398849 0 7 $GNGGA,102048.000,4424.76959,N,00854.99475,E,1,10,1.0,-8.5,M,44.7,M,,*67
26886 1658398850 0 7 $GNGGA,102049.000,4424.76963,N,00854.99479,E,1,10,1.0,-8.5,M,44.7,M,,*63
26887 1658398851 0 7 $GNGGA,102050.000,4424.76969,N,00854.99485,E,1,10,1.0,-8.5,M,44.7,M,,*62
26888 1658398851 0 3 2.788 4.979
26889 1658398851 0 4 2.715 1.736
26890 1658398852 0 5 0.49
26891 1658398852 0 6 0.09
26892 1658398852 0 1 4.844
26893 1658398852 0 8 4.997 9.653 9.22
26894 1658398852 0 7 $GNGGA,102051.000,4424.76975,N,00854.99488,E,1,10,1.0,-8.4,M,44.7,M,,*62
26895 1658398853 0 7 $GNGGA,102052.000,4424.76983,N,00854.99494,E,1,10,1.0,-8.4,M,44.7,M,,*65
26896 1658398853 0 0 24.90 8.21 131.4 67.35 147.0 9.44 15.7 0.0 384.4 6.11 45.86 1.0
26897 1658398854 0 7 $GNGGA,102053.000,4424.76989,N,00854.99506,E,1,10,1.0,-8.4,M,44.7,M,,*64
26898 1658398854 0 3 2.787 4.979
26899 1658398854 0 4 2.715 1.736
26900 1658398855 0 5 0.49
26901 1658398855 0 6 0.09
26902 1658398855 0 8 4.997 9.624 9.20
26903 1658398855 0 1 5.344
26904 1658398855 0 0 25.01 8.21 131.3 67.33 146.9 9.42 15.6 0.0 377.2 5.44 45.84 1.0
26905 1658398855 0 7 $GNGGA,102054.000,4424.76995,N,00854.99517,E,1,10,1.0,-8.3,M,44.7,M,,*69
26906 1658398856 0 7 $GNGGA,102055.000,4424.76999,N,00854.99522,E,1,10,1.0,-8.3,M,44.7,M,,*62
26907 1658398857 0 7 $GNGGA,102056.000,4424.77003,N,00854.99529,E,1,10,1.0,-8.2,M,44.7,M,,*60
26908 1658398857 0 3 2.786 4.979
26909 1658398857 0 4 2.717 1.736
26910 1658398858 0 5 0.49
26911 1658398858 0 6 0.09
26912 1658398858 0 1 5.087
26913 1658398858 0 8 4.997 9.681 9.22
26914 1658398858 0 0 25.10 8.21 131.2 67.34 146.8 9.40 15.6 0.0 370.9 4.75 45.85 1.0
26915 1658398858 0 7 $GNGGA,102057.000,4424.77007,N,00854.99538,E,1,10,1.0,-8.1,M,44.7,M,,*66
26916 1658398859 0 7 $GNGGA,102058.000,4424.77012,N,00854.99554,E,1,10,1.0,-8.0,M,44.7,M,,*66
26917 1658398860 0 7 $GNGGA,102059.000,4424.77016,N,00854.99562,E,1,10,1.0,-8.0,M,44.7,M,,*66
26918 1658398860 0 3 2.785 4.979
26919 1658398860 0 4 2.716 1.739
26920 1658398861 0 5 0.49
26921 1658398861 0 6 0.09
26922 1658398861 0 8 4.997 9.605 9.22
26923 1658398861 0 1 5.680
26924 1658398861 0 0 25.19 8.21 131.0 67.36 146.7 9.38 15.5 0.0 365.7 4.04 45.86 1.0
26925 1658398861 0 7 $GNGGA,102100.000,4424.77020,N,00854.99571,E,1,10,1.0,-7.9,M,44.7,M,,*6A
26926 1658398862 0 7 $GNGGA,102101.000,4424.77026,N,00854.99571,E,1,10,1.0,-7.9,M,44.7,M,,*6D
26927 1658398863 0 7 $GNGGA,102102.000,4424.77031,N,00854.99578,E,1,10,1.0,-7.8,M,44.7,M,,*60
26928 1658398863 0 3 2.777 4.979
26929 1658398864 0 4 2.715 1.739
26930 1658398864 0 5 0.48
26931 1658398864 0 1 4.945
26932 1658398864 0 6 0.09
26933 1658398864 0 8 4.997 9.681 9.22
26934 1658398864 0 0 25.34 8.21 130.9 67.26 146.4 9.34 15.5 0.0 359.1 3.36 45.78 1.0
26935 1658398865 0 7 $GNGGA,102103.000,4424.77037,N,00854.99583,E,1,10,1.0,-7.8,M,44.7,M,,*63
26936 1658398865 0 7 $GNGGA,102104.000,4424.77043,N,00854.99595,E,1,10,1.0,-7.7,M,44.7,M,,*6F
26937 1658398866 0 7 $GNGGA,102105.000,4424.77052,N,00854.99601,E,1,10,1.0,-7.6,M,44.7,M,,*61
26938 1658398866 0 3 2.775 4.979
26939 1658398866 0 4 2.713 1.739
26940 1658398867 0 5 0.48
26941 1658398867 0 6 0.09
26942 1658398867 0 8 4.994 9.615 9.22
26943 1658398867 0 1 4.122
26944 1658398867 0 0 25.51 8.21 130.8 67.29 146.0 9.29 15.4 0.0 346.2 2.68 45.79 1.0
26945 1658398867 0 7 $GNGGA,102106.000,4424.77059,N,00854.99608,E,1,10,1.0,-7.5,M,44.7,M,,*63
26946 1658398868 0 7 $GNGGA,102107.000,4424.77065,N,00854.99613,E,1,10,1.0,-7.4,M,44.7,M,,*66
26947 1658398869 0 7 $GNGGA,102108.000,4424.77074,N,00854.99619,E,1,10,1.0,-7.3,M,44.7,M,,*64
26948 1658398869 0 3 2.770 4.979
26949 1658398869 0 4 2.711 1.739
26950 1658398870 0 5 0.48
26951 1658398870 0 1 4.077
26952 1658398870 0 6 0.09
26953 1658398870 0 8 4.994 9.681 9.22
26954 1658398870 0 0 25.79 8.21 130.6 67.25 145.6 9.22 15.3 0.0 341.6 2.14 45.76 1.0
26955 1658398870 0 7 $GNGGA,102109.000,4424.77078,N,00854.99627,E,1,10,1.0,-7.3,M,44.7,M,,*64
26956 1658398871 0 7 $GNGGA,102110.000,4424.77085,N,00854.99634,E,1,10,1.0,-7.2,M,44.7,M,,*6D
26957 1658398872 0 7 $GNGGA,102111.000,4424.77087,N,00854.99642,E,1,10,1.0,-7.2,M,44.7,M,,*6F
26958 1658398872 0 3 2.699 4.979
26959 1658398872 0 4 2.695 1.739
26960 1658398873 0 5 0.48
26961 1658398873 0 6 0.09
26962 1658398873 0 1 3.198
26963 1658398873 0 8 4.997 9.605 9.22
26964 1658398873 0 0 25.96 8.21 130.5 67.30 145.0 9.16 15.3 0.0 336.1 1.68 45.80 1.0
26965 1658398873 0 7 $GNGGA,102112.000,4424.77089,N,00854.99650,E,1,10,1.0,-7.1,M,44.7,M,,*62
26966 1658398874 0 7 $GNGGA,102113.000,4424.77091,N,00854.99656,E,1,10,1.0,-7.1,M,44.7,M,,*6C
26967 1658398875 0 7 $GNGGA,102114.000,4424.77097,N,00854.99668,E,1,10,1.0,-7.0,M,44.7,M,,*61
26968 1658398875 0 3 2.616 4.979
26969 1658398875 0 4 2.621 1.731
26970 1658398876 0 5 0.48
26971 1658398876 0 6 0.09
26972 1658398876 0 8 4.997 9.615 9.22
26973 1658398876 0 1 2.906
26974 1658398876 0 0 26.00 8.21 130.3 67.33 144.3 9.11 15.3 0.0 336.0 1.21 45.82 1.0
26975 1658398876 0 7 $GNGGA,102115.000,4424.77098,N,00854.99674,E,1,10,1.0,-7.0,M,44.7,M,,*62
26976 1658398877 0 7 $GNGGA,102116.000,4424.77099,N,00854.99681,E,1,10,1.0,-6.9,M,44.7,M,,*62
26977 1658398878 0 7 $GNGGA,102117.000,4424.77101,N,00854.99686,E,1,10,1.0,-6.9,M,44.7,M,,*64
26978 1658398878 0 3 2.577 4.979
26979 1658398878 0 4 2.567 1.706
26980 1658398879 0 5 0.48
26981 1658398879 0 6 0.09
26982 1658398879 0 1 2.632
26983 1658398879 0 8 4.997 9.653 9.22
26984 1658398879 0 0 26.13 8.21 130.2 67.40 143.4 9.03 15.3 0.0 329.2 0.75 45.86 1.0
26985 1658398879 0 7 $GNGGA,102118.000,4424.77104,N,00854.99693,E,1,10,1.0,-6.9,M,44.7,M,,*6A
26986 1658398880 0 7 $GNGGA,102119.000,4424.77109,N,00854.99703,E,1,10,1.0,-6.8,M,44.7,M,,*6F
26987 1658398881 0 7 $GNGGA,102120.000,4424.77113,N,00854.99714,E,1,10,1.0,-6.8,M,44.7,M,,*68
