/home/danielacabiddu/Devel/src/MATRAC/test/tuttomatrac/data/porto_grid.mesh
22972 1658397561 0 3 2.613 4.979
22973 1658397561 0 4 2.573 1.686
22974 1658397561 0 5 0.53
22975 1658397561 0 6 0.09
22976 1658397562 0 8 4.997 9.888 9.31
22977 1658397562 0 7 $GNGGA,095920.000,4424.77282,N,00855.20825,E,1,10,1.2,6.8,M,44.7,M,,*45
22978 1658397563 0 7 $GNGGA,095922.000,4424.77296,N,00855.20842,E,1,10,1.2,6.8,M,44.7,M,,*43
22979 1658397564 0 0 25.84 8.19 109.8 67.37 126.1 7.98 15.4 0.0 387.5 0.71 45.85 1.0
22980 1658397564 0 3 2.616 4.979
22981 1658397564 0 4 2.561 1.684
22982 1658397565 0 5 0.54
22983 1658397565 0 6 0.09
22984 1658397565 0 8 4.997 9.869 9.31
22985 1658397565 0 1 5.608
22986 1658397565 0 0 25.84 8.19 109.5 67.42 126.1 7.97 15.4 0.0 386.4 0.48 45.89 1.0
22987 1658397565 0 7 $GNGGA,095923.000,4424.77284,N,00855.20838,E,1,10,1.2,7.7,M,44.7,M,,*42
22988 1658397567 0 3 2.585 4.979
22989 1658397567 0 4 2.515 1.666
22990 1658397567 0 5 0.54
22991 1658397567 0 6 0.09
22992 1658397568 0 8 4.997 9.869 9.31
22993 1658397568 0 1 0.099
22997 1658397570 0 3 2.586 4.979
23006 1658397573 0 3 2.583 4.979
23007 1658397573 0 4 2.503 1.616
23008 1658397573 0 5 0.54
23014 1658397575 0 7 $GNGGA,095934.000,4424.77357,N,00855.21073,E,1,10,1.2,7.3,M,44.7,M,,*49
23020 1658397577 0 1 0.848
23021 1658397577 0 7 $GNGGA,095935.000,4424.77359,N,00855.21085,E,1,10,1.2,7.3,M,44.7,M,,*4F
23024 1658397579 0 3 2.583 4.979
23032 1658397581 0 7 $GNGGA,095940.000,4424.77360,N,00855.21141,E,1,10,1.2,7.4,M,44.7,M,,*49
23033 1658397582 0 3 2.585 4.979
23034 1658397582 0 4 2.499 1.614
23035 1658397582 0 5 0.54
23036 1658397582 0 6 0.09
23037 1658397583 0 8 4.997 9.879 9.31
23041 1658397584 0 7 $GNGGA,095943.000,4424.77368,N,00855.21153,E,1,10,1.2,7.4,M,44.7,M,,*41
23042 1658397585 0 3 2.583 4.979
23046 1658397586 0 8 4.997 9.879 9.31
23047 1658397586 0 1 1.555
23048 1658397586 0 0 25.90 8.38 95.5 0.043 126.3 10.34 2.2 0.0 13.6 0.41 0.02 0.3
23050 1658397588 0 3 2.583 4.979
23058 1658397591 0 3 2.583 4.979
23060 1658397591 0 5 0.54
23061 1658397591 0 6 0.09
23062 1658397592 0 8 4.997 9.879 9.31
23065 1658397594 0 0 25.87 8.41 92.5 0.039 126.4 10.36 1.3 0.0 5.1 0.41 0.02 0.2
23071 1658397595 0 1 0.771
23072 1658397595 0 0 25.84 8.40 95.0 0.037 126.5 10.37 1.0 0.0 4.5 0.41 0.02 0.1
23073 1658397595 0 7 $GNGGA,095953.000,4424.77377,N,00855.21244,E,1,10,1.2,7.3,M,44.7,M,,*4C
23074 1658397597 0 3 2.583 4.979
23075 1658397597 0 4 2.497 1.571
23076 1658397597 0 5 0.54
23077 1658397597 0 6 0.10
23078 1658397598 0 8 4.997 9.879 9.31
23082 1658397599 0 7 $GNGGA,095958.000,4424.77403,N,00855.21294,E,1,10,1.2,7.1,M,44.7,M,,*4C
23087 1658397601 0 8 4.997 9.879 9.31
23088 1658397601 0 1 -0.110
23089 1658397601 0 7 $GNGGA,095959.000,4424.77408,N,00855.21302,E,1,10,1.2,7.1,M,44.7,M,,*48
23092 1658397603 0 3 2.583 4.979
23093 1658397603 0 4 2.494 1.574
23094 1658397603 0 5 0.54
23095 1658397603 0 6 0.10
23096 1658397604 0 8 4.997 9.888 9.31
23097 1658397604 0 1 -0.049
23098 1658397604 0 7 $GNGGA,100002.000,4424.77422,N,00855.21320,E,1,10,1.2,7.0,M,44.7,M,,*4B
23099 1658397604 0 0 25.81 8.24 107.4 0.034 126.6 10.39 1.8 0.0 9.6 0.41 0.02 0.1
23100 1658397605 0 7 $GNGGA,100004.000,4424.77432,N,00855.21341,E,1,10,1.2,7.0,M,44.7,M,,*4B
23101 1658397606 0 3 2.583 4.979
23102 1658397606 0 4 2.494 1.574
23103 1658397606 0 5 0.54
23104 1658397606 0 6 0.10
23105 1658397607 0 8 4.997 9.879 9.31
23106 1658397607 0 1 -2.314
23107 1658397607 0 7 $GNGGA,100005.000,4424.77438,N,00855.21356,E,1,10,1.2,6.9,M,44.7,M,,*4E
23108 1658397607 0 0 25.82 8.23 109.2 0.033 126.7 10.39 1.7 0.0 10.4 0.41 0.02 0.1
23109 1658397608 0 7 $GNGGA,100007.000,4424.77447,N,00855.21377,E,1,10,1.2,6.9,M,44.7,M,,*47
23110 1658397609 0 3 2.582 4.979
23111 1658397609 0 4 2.494 1.571
23112 1658397609 0 5 0.55
23113 1658397609 0 6 0.10
23114 1658397610 0 8 4.997 9.879 9.31
23115 1658397610 0 1 0.228
23116 1658397610 0 7 $GNGGA,100008.000,4424.77453,N,00855.21388,E,1,10,1.2,6.9,M,44.7,M,,*4D
23117 1658397610 0 0 25.81 8.31 102.0 0.032 126.7 10.39 1.2 0.0 4.4 0.41 0.02 0.1
23118 1658397611 0 7 $GNGGA,100010.000,4424.77461,N,00855.21407,E,1,10,1.2,6.8,M,44.7,M,,*44
23119 1658397612 0 3 2.583 4.979
23120 1658397612 0 4 2.494 1.571
23121 1658397612 0 5 0.55
23122 1658397612 0 6 0.10
23123 1658397613 0 8 4.997 9.869 9.31
23124 1658397613 0 1 -0.940
23125 1658397613 0 7 $GNGGA,100011.000,4424.77463,N,00855.21414,E,1,10,1.2,6.8,M,44.7,M,,*45
23126 1658397613 0 0 25.83 8.24 109.8 0.031 126.7 10.39 1.2 0.0 5.8 0.41 0.02 0.1
23127 1658397614 0 7 $GNGGA,100013.000,4424.77468,N,00855.21431,E,1,10,1.2,6.8,M,44.7,M,,*4B
23128 1658397615 0 3 2.583 4.979
23129 1658397615 0 4 2.494 1.559
23130 1658397615 0 5 0.55
23131 1658397615 0 6 0.10
23132 1658397616 0 8 4.997 9.879 9.29
23133 1658397616 0 1 -0.097
23134 1658397616 0 0 25.86 8.21 112.6 0.031 126.7 10.38 1.5 0.0 8.0 0.41 0.02 0.1
23135 1658397616 0 7 $GNGGA,100014.000,4424.77472,N,00855.21440,E,1,10,1.2,6.8,M,44.7,M,,*41
23136 1658397618 0 3 2.583 4.979
23137 1658397618 0 4 2.494 1.544
23138 1658397618 0 5 0.55
23139 1658397618 0 6 0.10
23140 1658397619 0 8 4.997 9.879 9.31
23141 1658397619 0 1 -0.022
23142 1658397619 0 0 25.87 8.23 110.5 0.030 126.7 10.38 1.1 0.0 3.8 0.41 0.02 0.1
23143 1658397619 0 7 $GNGGA,100017.000,4424.77481,N,00855.21460,E,1,10,1.2,6.8,M,44.7,M,,*4C
23144 1658397620 0 7 $GNGGA,100019.000,4424.77490,N,00855.21477,E,1,10,1.2,6.8,M,44.7,M,,*44
23145 1658397621 0 3 2.582 4.979
23146 1658397621 0 4 2.493 1.541
23147 1658397621 0 5 0.55
23148 1658397621 0 6 0.10
23149 1658397622 0 8 4.997 9.869 9.31
23150 1658397622 0 7 $GNGGA,100020.000,4424.77493,N,00855.21485,E,1,10,1.2,6.8,M,44.7,M,,*40
23151 1658397623 0 7 $GNGGA,100022.000,4424.77535,N,00855.21486,E,1,10,1.2,7.0,M,44.7,M,,*45
23152 1658397624 0 0 25.87 8.11 120.0 0.029 126.7 10.38 1.1 0.0 4.2 0.41 0.02 0.0
23153 1658397624 0 1 -0.969
23154 1658397624 0 3 2.583 4.979
23155 1658397624 0 4 2.494 1.551
23156 1658397625 0 5 0.55
23157 1658397625 0 6 0.10
23158 1658397625 0 8 4.997 9.869 9.31
23159 1658397625 0 1 1.729
23160 1658397625 0 0 25.85 8.00 127.4 0.027 126.7 10.39 1.1 0.0 4.8 0.41 0.02 0.0
23161 1658397625 0 7 $GNGGA,100023.000,4424.77539,N,00855.21496,E,1,10,1.2,7.0,M,44.7,M,,*49
23162 1658397627 0 3 2.583 4.979
23163 1658397627 0 4 2.492 1.551
23164 1658397627 0 5 0.55
23165 1658397627 0 6 0.10
23166 1658397628 0 8 4.997 9.879 9.31
23167 1658397628 0 1 0.343
23168 1658397628 0 7 $GNGGA,100026.000,4424.77619,N,00855.21552,E,1,10,1.2,6.1,M,44.7,M,,*44
23169 1658397628 0 0 25.83 7.94 132.1 0.026 126.7 10.39 1.3 0.0 5.6 0.41 0.02 0.0
23170 1658397629 0 7 $GNGGA,100028.000,4424.77699,N,00855.21568,E,1,10,1.2,5.8,M,44.7,M,,*41
23171 1658397630 0 3 2.583 4.979
23172 1658397630 0 4 2.492 1.534
23173 1658397630 0 5 0.55
23174 1658397631 0 6 0.10
23175 1658397631 0 8 4.997 9.879 9.31
23176 1658397631 0 1 0.786
23177 1658397631 0 0 25.83 7.92 133.5 0.026 126.7 10.39 1.5 0.0 6.0 0.41 0.02 0.0
23178 1658397631 0 7 $GNGGA,100029.000,4424.77742,N,00855.21590,E,1,10,1.2,5.7,M,44.7,M,,*4F
23179 1658397633 0 3 2.583 4.979
23180 1658397633 0 4 2.493 1.531
23181 1658397633 0 5 0.55
23182 1658397634 0 6 0.10
23183 1658397634 0 8 4.997 9.879 9.31
23184 1658397634 0 1 -1.307
23185 1658397634 0 0 25.83 7.88 135.9 0.025 126.7 10.39 1.3 0.0 5.1 0.41 0.02 0.0
23186 1658397634 0 7 $GNGGA,100032.000,4424.77789,N,00855.21651,E,1,10,1.2,5.7,M,44.7,M,,*4C
23187 1658397636 0 3 2.583 4.979
23188 1658397636 0 4 2.493 1.524
23189 1658397636 0 5 0.55
23190 1658397636 0 6 0.10
23191 1658397637 0 8 4.997 9.879 9.31
23192 1658397637 0 1 1.826
23193 1658397637 0 0 25.81 7.82 140.1 0.025 126.7 10.39 1.3 0.0 5.1 0.41 0.01 0.0
23194 1658397637 0 7 $GNGGA,100035.000,4424.77835,N,00855.21731,E,1,10,1.2,5.7,M,44.7,M,,*44
23195 1658397638 0 7 $GNGGA,100037.000,4424.77867,N,00855.21780,E,1,10,1.2,5.6,M,44.7,M,,*4A
23196 1658397639 0 3 2.583 4.979
23197 1658397639 0 4 2.492 1.514
23198 1658397639 0 5 0.55
23199 1658397639 0 6 0.10
23200 1658397640 0 8 4.997 9.869 9.29
23201 1658397640 0 1 2.830
23202 1658397640 0 7 $GNGGA,100038.000,4424.77888,N,00855.21765,E,1,10,1.2,5.8,M,44.7,M,,*41
23203 1658397640 0 0 25.80 7.88 137.1 0.024 126.7 10.39 0.9 0.0 3.5 0.41 0.01 0.0
23204 1658397641 0 7 $GNGGA,100040.000,4424.77937,N,00855.21689,E,1,10,1.2,5.8,M,44.7,M,,*48
23205 1658397642 0 3 2.583 4.979
23206 1658397642 0 4 2.492 1.514
23207 1658397642 0 5 0.55
23208 1658397642 0 6 0.10
23209 1658397643 0 8 4.997 9.879 9.31
23210 1658397643 0 1 1.957
23211 1658397643 0 0 25.79 7.87 139.3 0.024 126.7 10.40 1.3 0.0 3.9 0.41 0.01 0.0
23212 1658397643 0 7 $GNGGA,100041.000,4424.77969,N,00855.21652,E,1,10,1.2,5.5,M,44.7,M,,*49
23213 1658397644 0 7 $GNGGA,100043.000,4424.78041,N,00855.21597,E,1,10,1.2,5.0,M,44.7,M,,*48
23214 1658397645 0 3 2.583 4.979
23215 1658397645 0 4 2.494 1.514
23216 1658397645 0 5 0.55
23217 1658397645 0 6 0.10
23218 1658397646 0 8 4.997 9.869 9.31
23219 1658397646 0 0 25.80 7.84 141.0 0.024 126.7 10.39 1.2 0.0 4.3 0.41 0.01 0.0
23220 1658397646 0 7 $GNGGA,100044.000,4424.78072,N,00855.21573,E,1,10,1.2,4.9,M,44.7,M,,*4D
23221 1658397648 0 3 2.583 4.979
23222 1658397648 0 7 $GNGGA,100047.000,4424.78177,N,00855.21545,E,1,10,1.2,5.5,M,44.7,M,,*42
23223 1658397649 0 7 $GNGGA,100048.000,4424.78199,N,00855.21532,E,1,10,1.2,5.6,M,44.7,M,,*4E
23224 1658397649 0 0 25.81 7.81 142.9 0.024 126.7 10.39 1.0 0.0 1.4 0.41 0.01 0.0
23225 1658397650 0 7 $GNGGA,100049.000,4424.78239,N,00855.21527,E,1,10,1.2,5.7,M,44.7,M,,*43
23226 1658397651 0 3 2.583 4.979
23227 1658397651 0 4 2.494 1.496
23228 1658397651 0 5 0.56
23229 1658397651 0 6 0.10
23230 1658397652 0 8 4.997 9.879 9.31
23231 1658397652 0 7 $GNGGA,100050.000,4424.78264,N,00855.21500,E,1,10,1.2,5.8,M,44.7,M,,*49
23232 1658397653 0 7 $GNGGA,100052.000,4424.78285,N,00855.21514,E,1,10,1.2,5.8,M,44.7,M,,*41
23233 1658397654 0 0 25.77 7.95 135.5 0.024 126.6 10.39 0.3 0.0 2.9 0.41 0.01 0.0
23234 1658397654 0 3 2.583 4.979
23235 1658397654 0 4 2.494 1.496
23236 1658397655 0 5 0.56
23237 1658397655 0 6 0.10
23238 1658397655 0 8 4.997 9.869 9.31
23239 1658397655 0 1 1.985
23240 1658397655 0 0 25.75 7.70 150.2 0.024 126.6 10.39 0.9 0.0 4.3 0.41 0.01 0.0
23241 1658397656 0 7 $GNGGA,100053.000,4424.78292,N,00855.21520,E,1,10,1.2,5.8,M,44.7,M,,*41
23242 1658397657 0 3 2.583 4.979
23243 1658397657 0 4 2.494 1.496
23244 1658397657 0 5 0.56
23245 1658397658 0 6 0.10
23246 1658397658 0 8 4.997 9.879 9.31
23247 1658397658 0 1 0.873
23248 1658397658 0 7 $GNGGA,100056.000,4424.78294,N,00855.21391,E,1,10,1.2,6.1,M,44.7,M,,*44
23249 1658397658 0 0 25.77 7.71 152.3 0.024 126.5 10.39 1.2 0.0 4.2 0.41 0.01 0.0
23250 1658397659 0 7 $GNGGA,100058.000,4424.78307,N,00855.21411,E,1,10,1.2,6.0,M,44.7,M,,*4F
23251 1658397660 0 3 2.583 4.979
23252 1658397660 0 4 2.494 1.494
23253 1658397660 0 5 0.56
23254 1658397661 0 6 0.10
23255 1658397661 0 8 4.997 9.869 9.31
23256 1658397661 0 1 0.473
23257 1658397661 0 0 25.79 7.73 152.3 0.024 126.5 10.38 1.2 0.0 5.0 0.41 0.01 0.0
23258 1658397661 0 7 $GNGGA,100059.000,4424.78318,N,00855.21414,E,1,10,1.2,5.9,M,44.7,M,,*4F
23259 1658397662 0 7 $GNGGA,100101.000,4424.78325,N,00855.21367,E,1,10,1.2,5.8,M,44.7,M,,*4F
23260 1658397663 0 3 2.583 4.979
23261 1658397663 0 4 2.494 1.481
23262 1658397663 0 5 0.56
23263 1658397664 0 6 0.10
23264 1658397664 0 8 4.997 9.879 9.29
23265 1658397664 0 1 1.547
23266 1658397664 0 0 25.84 7.71 154.1 0.024 126.4 10.36 1.2 0.0 5.3 0.41 0.01 0.0
23267 1658397664 0 7 $GNGGA,100102.000,4424.78332,N,00855.21360,E,1,10,1.2,5.8,M,44.7,M,,*4D
23268 1658397665 0 7 $GNGGA,100104.000,4424.78346,N,00855.21361,E,1,10,1.2,5.6,M,44.7,M,,*47
23269 1658397666 0 3 2.583 4.979
23270 1658397666 0 4 2.494 1.491
23271 1658397666 0 5 0.56
23272 1658397667 0 6 0.10
23273 1658397667 0 8 4.997 9.879 9.31
23274 1658397667 0 1 1.980
23275 1658397667 0 0 25.88 7.71 154.7 0.024 126.3 10.35 1.3 0.0 5.1 0.41 0.01 0.0
23276 1658397667 0 7 $GNGGA,100105.000,4424.78356,N,00855.21331,E,1,10,1.2,5.5,M,44.7,M,,*41
23277 1658397668 0 7 $GNGGA,100107.000,4424.78373,N,00855.21332,E,1,10,1.2,5.3,M,44.7,M,,*41
23278 1658397669 0 3 2.583 4.979
23279 1658397669 0 4 2.495 1.489
23280 1658397669 0 5 0.56
23281 1658397670 0 6 0.10
23282 1658397670 0 8 4.997 9.869 9.31
23283 1658397670 0 1 1.950
23284 1658397670 0 7 $GNGGA,100108.000,4424.78381,N,00855.21334,E,1,10,1.2,5.2,M,44.7,M,,*44
23285 1658397670 0 0 25.92 7.65 158.5 0.024 126.3 10.34 1.2 0.0 4.8 0.41 0.01 0.0
23286 1658397671 0 7 $GNGGA,100110.000,4424.78397,N,00855.21334,E,1,10,1.2,4.9,M,44.7,M,,*40
23287 1658397672 0 3 2.583 4.979
23288 1658397672 0 4 2.493 1.484
23289 1658397672 0 5 0.56
23290 1658397673 0 6 0.10
23291 1658397673 0 8 4.997 9.869 9.29
23292 1658397673 0 1 2.034
23293 1658397673 0 7 $GNGGA,100111.000,4424.78399,N,00855.21336,E,1,10,1.2,4.9,M,44.7,M,,*4D
23294 1658397673 0 0 25.95 7.66 158.6 0.024 126.2 10.32 1.2 0.0 5.8 0.41 0.01 0.0
23295 1658397674 0 7 $GNGGA,100113.000,4424.78404,N,00855.21314,E,1,10,1.2,4.5,M,44.7,M,,*40
23296 1658397675 0 3 2.583 4.979
23297 1658397675 0 4 2.494 1.479
23298 1658397675 0 5 0.56
23299 1658397676 0 6 0.10
23300 1658397676 0 8 4.997 9.869 9.31
23301 1658397676 0 1 5.964
23302 1658397676 0 0 25.97 7.66 158.9 0.024 126.1 10.31 1.2 0.0 5.0 0.41 0.01 0.0
23303 1658397676 0 7 $GNGGA,100114.000,4424.78412,N,00855.21313,E,1,10,1.2,4.4,M,44.7,M,,*46
23304 1658397678 0 3 2.583 4.979
23305 1658397678 0 4 2.493 1.476
23306 1658397678 0 5 0.56
23307 1658397679 0 6 0.10
23308 1658397679 0 8 4.997 9.869 9.31
23309 1658397679 0 1 4.427
23310 1658397679 0 7 $GNGGA,100117.000,4424.78424,N,00855.21301,E,1,10,1.2,4.2,M,44.7,M,,*45
24222 1658397993 0 3 2.557 4.979
24223 1658397994 0 4 2.535 1.292
24224 1658397994 0 5 0.56
24225 1658397994 0 6 0.10
24226 1658397994 0 8 4.997 9.832 9.29
24227 1658397994 0 1 1.868
24228 1658397994 0 0 26.80 8.23 132.8 67.20 118.6 7.40 20.4 0.0 404.2 0.55 45.69 1.5
24229 1658397994 0 7 $GNGGA,100632.000,4424.64604,N,00855.11043,E,1,11,0.9,1.3,M,44.7,M,,*41
24230 1658397996 0 3 2.557 4.979
24231 1658397996 0 4 2.535 1.292
24232 1658397996 0 5 0.56
24233 1658397997 0 6 0.10
24234 1658397997 0 8 4.997 9.728 9.27
24235 1658397997 0 1 2.404
24236 1658397997 0 7 $GNGGA,100635.000,4424.64608,N,00855.11030,E,1,11,0.9,1.3,M,44.7,M,,*4E
24237 1658397997 0 0 26.78 8.21 132.2 67.30 119.7 7.46 20.1 0.0 408.6 0.56 45.77 1.4
24238 1658397999 0 3 2.558 4.979
24239 1658397999 0 4 2.534 1.295
24240 1658397999 0 5 0.56
24241 1658398000 0 6 0.10
24242 1658398000 0 8 4.997 9.728 9.29
24243 1658398000 0 1 2.061
24244 1658398000 0 0 26.77 8.20 131.9 67.41 120.8 7.53 19.9 0.0 407.7 0.53 45.85 1.4
24245 1658398000 0 7 $GNGGA,100638.000,4424.64610,N,00855.11011,E,1,11,0.9,1.4,M,44.7,M,,*4E
24246 1658398002 0 3 2.557 4.979
24247 1658398002 0 4 2.536 1.297
24248 1658398002 0 5 0.56
24249 1658398003 0 6 0.10
24250 1658398003 0 8 4.997 9.728 9.27
24251 1658398003 0 1 2.039
24252 1658398003 0 7 $GNGGA,100641.000,4424.64611,N,00855.10993,E,1,11,0.9,1.4,M,44.7,M,,*43
24253 1658398003 0 0 26.81 8.20 131.4 67.37 121.6 7.58 19.6 0.0 410.3 0.56 45.82 1.4
24254 1658398005 0 3 2.557 4.979
24255 1658398005 0 4 2.538 1.337
24257 1658398006 0 6 0.10
24258 1658398006 0 8 4.997 9.737 9.27
24259 1658398006 0 1 3.068
24260 1658398006 0 7 $GNGGA,100644.000,4424.64609,N,00855.10979,E,1,11,0.9,1.5,M,44.7,M,,*4A
24261 1658398006 0 0 26.79 8.20 131.1 67.45 121.1 7.54 19.4 0.0 413.7 0.57 45.88 1.3
24262 1658398008 0 3 2.559 4.979
24263 1658398008 0 4 2.542 1.332
24264 1658398008 0 5 0.56
24265 1658398009 0 6 0.10
24266 1658398009 0 8 4.997 9.737 9.29
24267 1658398009 0 1 1.734
24268 1658398009 0 7 $GNGGA,100647.000,4424.64610,N,00855.10964,E,1,11,0.9,1.5,M,44.7,M,,*4D
24269 1658398009 0 0 26.82 8.20 130.8 67.48 121.9 7.59 19.2 0.0 411.8 0.60 45.91 1.3
24270 1658398010 0 7 $GNGGA,100649.000,4424.64610,N,00855.10951,E,1,11,0.9,1.5,M,44.7,M,,*45
24271 1658398011 0 3 2.559 4.979
24272 1658398011 0 4 2.535 1.327
24273 1658398011 0 5 0.56
24274 1658398012 0 6 0.10
24275 1658398012 0 8 4.997 9.728 9.29
24276 1658398012 0 7 $GNGGA,100650.000,4424.64609,N,00855.10946,E,1,11,0.9,1.5,M,44.7,M,,*43
24277 1658398013 0 7 $GNGGA,100652.000,4424.64609,N,00855.10936,E,1,11,0.9,1.4,M,44.7,M,,*47
24278 1658398014 0 0 26.81 8.20 130.4 67.49 121.9 7.59 19.1 0.0 413.9 0.55 45.92 1.3
24279 1658398014 0 1 2.595
24280 1658398014 0 1 2.536
24281 1658398014 0 3 2.559 4.979
24282 1658398015 0 4 2.537 1.310
24283 1658398015 0 5 0.56
24284 1658398015 0 6 0.10
24285 1658398015 0 8 4.997 9.737 9.29
24286 1658398015 0 1 1.434
24287 1658398015 0 0 26.81 8.20 130.2 67.41 122.3 7.62 19.0 0.0 414.4 0.57 45.86 1.3
24288 1658398015 0 7 $GNGGA,100653.000,4424.64609,N,00855.10930,E,1,11,0.9,1.4,M,44.7,M,,*40
24289 1658398017 0 3 2.559 4.979
24290 1658398017 0 4 2.533 1.320
24291 1658398017 0 5 0.56
24292 1658398018 0 6 0.10
24293 1658398018 0 8 4.997 9.737 9.29
24294 1658398018 0 1 3.548
24295 1658398018 0 0 26.83 8.20 129.8 67.45 122.6 7.63 18.8 0.0 415.2 0.54 45.88 1.3
24296 1658398018 0 7 $GNGGA,100656.000,4424.64610,N,00855.10912,E,1,11,0.9,1.4,M,44.7,M,,*4D
24297 1658398020 0 3 2.559 4.979
24298 1658398020 0 4 2.535 1.320
24299 1658398020 0 5 0.57
24300 1658398021 0 6 0.10
24301 1658398021 0 8 4.997 9.737 9.29
24302 1658398021 0 1 2.063
24303 1658398021 0 7 $GNGGA,100659.000,4424.64600,N,00855.10921,E,1,11,0.9,1.1,M,44.7,M,,*46
24304 1658398021 0 0 26.83 8.20 129.5 67.51 122.8 7.64 18.7 0.0 415.5 0.55 45.93 1.3
24305 1658398023 0 3 2.559 4.979
24306 1658398023 0 4 2.538 1.320
24310 1658398024 0 1 1.818
24311 1658398024 0 7 $GNGGA,100702.000,4424.64597,N,00855.10909,E,1,11,0.9,1.2,M,44.7,M,,*4D
24312 1658398024 0 0 26.83 8.20 129.3 67.51 122.9 7.65 18.6 0.0 416.8 0.57 45.93 1.3
24313 1658398026 0 3 2.559 4.979
24314 1658398027 0 4 2.536 1.320
24320 1658398027 0 7 $GNGGA,100705.000,4424.64614,N,00855.10856,E,1,11,0.9,1.0,M,44.7,M,,*4B
24321 1658398029 0 3 2.559 4.979
24322 1658398029 0 4 2.536 1.320
24323 1658398029 0 5 0.57
24324 1658398030 0 6 0.10
24325 1658398030 0 8 4.997 9.737 9.27
24326 1658398030 0 1 1.991
24327 1658398030 0 7 $GNGGA,100708.000,4424.64618,N,00855.10777,E,1,11,0.9,1.0,M,44.7,M,,*46
24328 1658398030 0 0 26.84 8.20 128.7 67.51 123.2 7.66 18.5 0.0 419.7 0.55 45.93 1.3
24329 1658398032 0 3 2.559 4.979
24330 1658398032 0 4 2.536 1.320
24331 1658398032 0 5 0.57
24332 1658398033 0 6 0.10
24333 1658398033 0 8 4.997 9.728 9.29
24334 1658398033 0 1 2.811
24335 1658398033 0 0 26.86 8.20 128.6 67.46 123.4 7.67 18.4 0.0 420.1 0.56 45.89 1.3
24336 1658398033 0 7 $GNGGA,100711.000,4424.64608,N,00855.10750,E,1,11,0.9,1.0,M,44.7,M,,*4A
24337 1658398035 0 3 2.559 4.979
24338 1658398035 0 4 2.536 1.320
24339 1658398036 0 5 0.57
24340 1658398036 0 6 0.10
24341 1658398036 0 8 4.997 9.728 9.27
24342 1658398036 0 1 2.126
24343 1658398036 0 0 26.84 8.20 128.3 67.66 123.7 7.69 18.3 0.0 421.5 0.57 46.05 1.3
24344 1658398036 0 7 $GNGGA,100714.000,4424.64613,N,00855.10637,E,1,11,0.9,1.4,M,44.7,M,,*41
24345 1658398038 0 3 2.559 4.979
24346 1658398038 0 4 2.536 1.320
24347 1658398038 0 5 0.57
24348 1658398039 0 6 0.10
24349 1658398039 0 8 4.997 9.737 9.27
24350 1658398039 0 1 2.400
24351 1658398039 0 7 $GNGGA,100717.000,4424.64600,N,00855.10617,E,1,11,0.9,1.4,M,44.7,M,,*42
24352 1658398039 0 0 26.86 8.20 128.1 67.61 123.9 7.71 18.2 0.0 421.4 0.55 46.01 1.3
24353 1658398041 0 3 2.559 4.979
24354 1658398041 0 4 2.537 1.320
24355 1658398041 0 5 0.57
24356 1658398042 0 6 0.10
24357 1658398042 0 8 4.997 9.728 9.27
24358 1658398042 0 7 $GNGGA,100720.000,4424.64594,N,00855.10486,E,1,11,0.9,1.8,M,44.7,M,,*4E
24359 1658398044 0 0 26.86 8.20 127.9 67.48 124.2 7.72 18.2 0.0 420.8 0.56 45.91 1.3
24360 1658398044 0 1 2.352
24361 1658398044 0 3 2.559 4.979
24362 1658398045 0 4 2.536 1.320
24363 1658398045 0 5 0.57
24364 1658398045 0 6 0.10
24365 1658398045 0 8 4.997 9.737 9.29
24366 1658398045 0 1 2.290
24367 1658398045 0 0 26.88 8.20 127.7 67.58 124.4 7.73 18.1 0.0 421.6 0.56 45.98 1.3
24368 1658398045 0 7 $GNGGA,100723.000,4424.64581,N,00855.10467,E,1,11,0.9,1.8,M,44.7,M,,*46
24369 1658398047 0 3 2.559 4.979
24370 1658398047 0 4 2.535 1.322
24371 1658398047 0 5 0.57
24372 1658398048 0 6 0.10
24373 1658398048 0 8 4.997 9.728 9.29
24374 1658398048 0 1 2.012
24375 1658398048 0 7 $GNGGA,100726.000,4424.64566,N,00855.10432,E,1,11,0.9,1.6,M,44.7,M,,*44
24376 1658398048 0 0 26.88 8.20 127.4 67.51 124.5 7.74 18.1 0.0 422.0 0.55 45.93 1.3
24377 1658398050 0 3 2.559 4.979
24378 1658398050 0 4 2.537 1.327
24379 1658398050 0 5 0.57
24380 1658398051 0 6 0.10
24381 1658398051 0 8 4.997 9.728 9.29
24382 1658398051 0 1 2.227
24383 1658398051 0 0 26.88 8.20 127.3 67.50 124.7 7.75 18.0 0.0 423.2 0.56 45.92 1.3
24384 1658398051 0 7 $GNGGA,100729.000,4424.64557,N,00855.10413,E,1,11,0.9,1.6,M,44.7,M,,*4A
24385 1658398053 0 3 2.559 4.979
24386 1658398053 0 4 2.537 1.327
24387 1658398053 0 5 0.57
24388 1658398054 0 6 0.10
24389 1658398054 0 8 4.997 9.737 9.29
24390 1658398054 0 1 2.373
24391 1658398054 0 0 26.89 8.20 127.1 67.54 124.7 7.75 18.0 0.0 423.9 0.56 45.95 1.3
24392 1658398054 0 7 $GNGGA,100732.000,4424.64552,N,00855.10395,E,1,11,0.9,1.6,M,44.7,M,,*4C
24393 1658398056 0 3 2.559 4.979
24394 1658398056 0 4 2.530 1.337
24395 1658398056 0 5 0.57
24396 1658398057 0 6 0.10
24397 1658398057 0 8 4.997 9.728 9.29
24398 1658398057 0 7 $GNGGA,100735.000,4424.64546,N,00855.10370,E,1,11,0.9,1.7,M,44.7,M,,*44
24399 1658398057 0 0 26.89 8.20 126.9 67.54 124.9 7.76 17.9 0.0 424.3 0.53 45.95 1.2
24400 1658398058 0 7 $GNGGA,100737.000,4424.64543,N,00855.10352,E,1,11,0.9,1.7,M,44.7,M,,*43
24401 1658398059 0 3 2.559 4.979
24402 1658398059 0 4 2.532 1.417
24403 1658398059 0 5 0.58
24404 1658398060 0 6 0.10
24405 1658398060 0 8 4.997 9.737 9.29
24406 1658398060 0 0 26.87 8.20 126.7 67.59 125.1 7.78 17.9 0.0 425.7 0.53 45.99 1.3
24407 1658398060 0 7 $GNGGA,100738.000,4424.64545,N,00855.10335,E,1,11,0.9,1.7,M,44.7,M,,*4B
24408 1658398062 0 3 2.559 4.979
24409 1658398062 0 4 2.537 1.377
24410 1658398062 0 5 0.58
24411 1658398063 0 6 0.10
24412 1658398063 0 8 4.997 9.737 9.29
24413 1658398063 0 7 $GNGGA,100741.000,4424.64555,N,00855.10280,E,1,11,0.9,1.8,M,44.7,M,,*44
24414 1658398063 0 0 26.87 8.20 126.6 67.58 125.2 7.78 17.9 0.0 426.2 0.56 45.98 1.2
24415 1658398064 0 7 $GNGGA,100743.000,4424.64550,N,00855.10223,E,1,11,0.9,2.0,M,44.7,M,,*41
24416 1658398065 0 3 2.559 4.979
24417 1658398065 0 4 2.535 1.377
24418 1658398065 0 5 0.58
24419 1658398066 0 6 0.10
24420 1658398066 0 8 4.997 9.728 9.29
24421 1658398066 0 7 $GNGGA,100744.000,4424.64549,N,00855.10205,E,1,11,0.9,2.0,M,44.7,M,,*4A
24422 1658398066 0 0 26.87 8.20 126.4 67.59 125.2 7.78 17.8 0.0 425.3 0.56 46.00 1.2
24423 1658398067 0 7 $GNGGA,100746.000,4424.64550,N,00855.10179,E,1,11,0.9,2.0,M,44.7,M,,*48
24424 1658398067 0 1 1.766
24425 1658398068 0 3 2.559 4.979
24426 1658398068 0 4 2.537 1.379
24427 1658398068 0 5 0.58
24428 1658398069 0 6 0.10
24429 1658398069 0 8 4.997 9.728 9.27
24430 1658398069 0 1 2.059
24431 1658398069 0 7 $GNGGA,100747.000,4424.64550,N,00855.10171,E,1,11,0.9,2.0,M,44.7,M,,*41
24432 1658398069 0 0 26.83 8.20 126.2 67.57 125.3 7.80 17.8 0.0 428.1 0.57 45.98 1.2
24433 1658398071 0 3 2.559 4.979
24434 1658398071 0 4 2.538 1.379
24435 1658398071 0 5 0.58
24436 1658398072 0 6 0.10
24437 1658398072 0 8 4.997 9.737 9.29
24438 1658398072 0 7 $GNGGA,100750.000,4424.64555,N,00855.10137,E,1,11,0.9,2.1,M,44.7,M,,*41
24439 1658398073 0 7 $GNGGA,100752.000,4424.64557,N,00855.10113,E,1,11,0.9,2.1,M,44.7,M,,*47
24440 1658398074 0 0 26.85 8.20 126.0 67.56 125.6 7.81 17.8 0.0 426.8 0.58 45.97 1.2
24441 1658398074 0 1 2.681
24442 1658398074 0 1 2.309
24443 1658398074 0 3 2.559 4.979
24444 1658398074 0 4 2.536 1.382
24445 1658398075 0 5 0.58
24446 1658398075 0 6 0.10
24447 1658398075 0 8 4.997 9.728 9.29
24448 1658398075 0 1 1.946
24449 1658398075 0 0 26.87 8.20 125.9 67.57 125.7 7.81 17.7 0.0 426.3 0.57 45.97 1.2
24450 1658398076 0 7 $GNGGA,100753.000,4424.64556,N,00855.10105,E,1,11,0.9,2.1,M,44.7,M,,*40
24451 1658398077 0 3 2.559 4.979
24452 1658398077 0 4 2.533 1.384
24453 1658398077 0 5 0.58
24454 1658398078 0 6 0.10
24455 1658398078 0 8 4.997 9.728 9.29
24456 1658398078 0 1 3.103
24457 1658398078 0 0 26.87 8.20 125.7 67.61 125.9 7.83 17.7 0.0 426.7 0.54 46.01 1.2
24458 1658398078 0 7 $GNGGA,100756.000,4424.64558,N,00855.10058,E,1,11,0.9,2.1,M,44.7,M,,*42
24459 1658398080 0 3 2.559 4.979
24460 1658398080 0 4 2.539 1.382
24461 1658398080 0 5 0.58
24462 1658398081 0 6 0.10
24463 1658398081 0 8 4.997 9.737 9.27
24464 1658398081 0 1 2.556
24465 1658398081 0 0 26.84 8.20 125.6 67.59 126.1 7.84 17.7 0.0 426.6 0.57 45.99 1.2
24466 1658398081 0 7 $GNGGA,100759.000,4424.64561,N,00855.10004,E,1,11,0.9,2.2,M,44.7,M,,*4D
24467 1658398083 0 3 2.559 4.979
24468 1658398083 0 4 2.536 1.377
24469 1658398083 0 5 0.58
24470 1658398084 0 6 0.10
24471 1658398084 0 8 4.997 9.728 9.27
24472 1658398084 0 1 2.176
24473 1658398084 0 0 26.86 8.20 125.3 67.49 126.4 7.86 17.6 0.0 426.4 0.56 45.91 1.2
24474 1658398084 0 7 $GNGGA,100802.000,4424.64563,N,00855.09959,E,1,11,0.9,2.3,M,44.7,M,,*46
24475 1658398086 0 3 2.559 4.979
24476 1658398086 0 4 2.535 1.379
24477 1658398086 0 5 0.58
24478 1658398087 0 6 0.10
24479 1658398087 0 8 4.997 9.728 9.29
24480 1658398087 0 1 2.243
24481 1658398087 0 0 26.86 8.20 125.2 67.53 126.5 7.87 17.6 0.0 426.8 0.55 45.95 1.2
24482 1658398087 0 7 $GNGGA,100805.000,4424.64566,N,00855.09916,E,1,11,0.9,2.3,M,44.7,M,,*4F
24483 1658398089 0 3 2.559 4.979
24484 1658398089 0 4 2.535 1.382
24485 1658398089 0 5 0.58
24486 1658398090 0 6 0.10
24487 1658398090 0 8 4.997 9.728 9.27
24488 1658398090 0 1 2.102
24489 1658398090 0 0 26.86 8.20 125.0 67.52 126.8 7.88 17.5 0.0 426.1 0.55 45.94 1.2
24490 1658398090 0 7 $GNGGA,100808.000,4424.64569,N,00855.09880,E,1,11,0.9,2.3,M,44.7,M,,*43
24491 1658398092 0 3 2.559 4.979
24492 1658398092 0 4 2.535 1.384
24493 1658398093 0 5 0.58
24494 1658398093 0 6 0.10
24495 1658398093 0 8 4.997 9.728 9.29
24496 1658398093 0 1 2.104
24497 1658398093 0 0 26.87 8.20 124.9 67.54 127.0 7.89 17.5 0.0 424.2 0.54 45.95 1.2
24498 1658398093 0 7 $GNGGA,100811.000,4424.64574,N,00855.09843,E,1,11,0.9,2.3,M,44.7,M,,*48
24499 1658398095 0 3 2.559 4.979
24500 1658398095 0 4 2.535 1.387
24501 1658398095 0 5 0.58
24502 1658398096 0 6 0.10
24503 1658398096 0 8 4.997 9.728 9.27
24504 1658398096 0 1 2.474
24505 1658398096 0 0 26.89 8.20 124.8 67.62 127.0 7.89 17.5 0.0 425.0 0.55 46.02 1.2
24506 1658398096 0 7 $GNGGA,100814.000,4424.64572,N,00855.09780,E,1,11,0.9,2.6,M,44.7,M,,*4E
24507 1658398098 0 3 2.559 4.979
24508 1658398098 0 4 2.532 1.384
24509 1658398098 0 5 0.58
24510 1658398099 0 6 0.10
24511 1658398099 0 8 4.997 9.728 9.29
24512 1658398099 0 1 2.107
24513 1658398099 0 7 $GNGGA,100817.000,4424.64577,N,00855.09738,E,1,11,0.9,2.6,M,44.7,M,,*4B
24514 1658398099 0 0 26.89 8.20 124.6 67.48 127.2 7.91 17.5 0.0 423.5 0.54 45.91 1.2
24515 1658398101 0 3 2.560 4.979
24516 1658398101 0 4 2.574 1.387
24517 1658398101 0 5 0.58
24518 1658398102 0 6 0.10
24519 1658398102 0 8 4.997 9.719 9.29
24520 1658398102 0 7 $GNGGA,100820.000,4424.64566,N,00855.09648,E,1,11,0.9,2.9,M,44.7,M,,*46
24521 1658398103 0 7 $GNGGA,100822.000,4424.64566,N,00855.09611,E,1,11,0.9,3.0,M,44.7,M,,*40
24522 1658398104 0 0 26.89 8.20 124.4 67.48 127.2 7.91 17.5 0.0 425.8 0.76 45.90 1.2
24523 1658398104 0 1 2.191
24524 1658398104 0 1 2.077
24525 1658398104 0 3 2.664 4.979
24527 1658398105 0 5 0.58
24528 1658398105 0 6 0.10
24529 1658398105 0 8 4.997 9.728 9.27
24530 1658398105 0 1 2.914
24531 1658398105 0 0 26.82 8.20 124.3 67.53 127.2 7.91 17.4 0.0 432.6 1.55 45.95 1.2
24532 1658398105 0 7 $GNGGA,100823.000,4424.64567,N,00855.09600,E,1,11,0.9,3.0,M,44.7,M,,*40
24533 1658398107 0 3 2.759 4.979
24534 1658398107 0 4 2.677 1.492
24535 1658398107 0 5 0.58
24536 1658398108 0 6 0.10
24537 1658398108 0 8 4.997 9.728 9.27
24538 1658398108 0 1 3.240
24541 1658398110 0 3 2.763 4.979
24542 1658398110 0 4 2.680 1.459
24543 1658398110 0 5 0.58
24544 1658398111 0 6 0.10
24545 1658398111 0 8 4.997 9.728 9.29
24546 1658398111 0 1 4.056
24547 1658398111 0 0 25.78 8.21 124.0 67.37 127.7 8.09 17.8 0.0 469.2 3.11 45.86 1.2
24548 1658398111 0 7 $GNGGA,100829.000,4424.64571,N,00855.09514,E,1,11,0.9,3.1,M,44.7,M,,*4A
24549 1658398113 0 3 2.775 4.979
24550 1658398113 0 4 2.682 1.467
24551 1658398113 0 5 0.58
24552 1658398114 0 6 0.10
24553 1658398114 0 8 4.997 9.728 9.27
24554 1658398114 0 1 4.640
24555 1658398114 0 0 25.68 8.22 123.8 67.42 128.3 8.13 17.7 0.0 464.4 3.82 45.90 1.2
24556 1658398114 0 7 $GNGGA,100832.000,4424.64570,N,00855.09470,E,1,11,0.9,3.2,M,44.7,M,,*41
24557 1658398116 0 3 2.785 4.979
24565 1658398119 0 3 2.794 4.979
24566 1658398119 0 4 2.682 1.467
24567 1658398119 0 5 0.57
24568 1658398120 0 6 0.10
24569 1658398120 0 8 4.997 9.756 9.27
24570 1658398120 0 1 4.294
24571 1658398120 0 0 25.58 8.23 123.5 67.45 136.9 8.69 17.5 0.0 461.9 5.25 45.92 1.2
24572 1658398120 0 7 $GNGGA,100838.000,4424.64575,N,00855.09379,E,1,11,0.9,3.3,M,44.7,M,,*41
24573 1658398122 0 3 2.803 4.979
24574 1658398122 0 4 2.683 1.469
24575 1658398122 0 5 0.57
24576 1658398123 0 6 0.10
24577 1658398123 0 8 4.997 9.728 9.27
24578 1658398123 0 1 4.437
24579 1658398123 0 7 $GNGGA,100841.000,4424.64592,N,00855.09373,E,1,11,0.9,3.1,M,44.7,M,,*4E
24580 1658398123 0 0 25.49 8.22 123.4 67.47 140.2 8.92 17.5 0.0 461.6 5.96 45.94 1.2
24581 1658398125 0 3 2.787 4.979
24583 1658398126 0 5 0.57
24584 1658398126 0 6 0.10
24585 1658398126 0 8 4.997 9.766 9.27
24586 1658398126 0 1 5.470
24587 1658398126 0 0 25.35 8.22 123.4 67.53 143.6 9.15 17.6 0.0 465.1 6.61 45.99 1.1
24588 1658398126 0 7 $GNGGA,100844.000,4424.64596,N,00855.09330,E,1,11,0.9,3.2,M,44.7,M,,*4B
24589 1658398128 0 3 2.795 4.979
24590 1658398128 0 4 2.684 1.484
24591 1658398128 0 5 0.57
24592 1658398129 0 6 0.10
24593 1658398129 0 8 4.997 9.719 9.27
24594 1658398129 0 1 4.513
24595 1658398129 0 0 25.08 8.21 123.5 67.57 144.3 9.24 17.6 0.0 475.1 7.18 46.03 1.1
24596 1658398129 0 7 $GNGGA,100847.000,4424.64591,N,00855.09307,E,1,11,0.9,3.3,M,44.7,M,,*4A
24597 1658398131 0 3 2.798 4.979
24600 1658398132 0 6 0.10
24601 1658398132 0 8 4.997 9.719 9.27
24602 1658398132 0 7 $GNGGA,100850.000,4424.64580,N,00855.09298,E,1,11,0.9,3.4,M,44.7,M,,*4C
24603 1658398133 0 7 $GNGGA,100852.000,4424.64602,N,00855.09167,E,1,11,0.9,3.8,M,44.7,M,,*48
24604 1658398134 0 0 24.93 8.22 123.4 67.52 145.1 9.31 17.6 0.0 469.7 7.58 45.99 1.1
24605 1658398134 0 1 3.482
24606 1658398134 0 3 2.804 4.979
24607 1658398134 0 4 2.685 1.487
24608 1658398135 0 5 0.56
24610 1658398135 0 8 4.994 9.728 9.29
24611 1658398135 0 1 2.988
24612 1658398135 0 0 24.61 8.21 123.4 67.49 145.6 9.39 17.7 0.0 481.2 7.98 45.98 1.1
24613 1658398135 0 7 $GNGGA,100853.000,4424.64600,N,00855.09165,E,1,11,0.9,3.9,M,44.7,M,,*48
24614 1658398137 0 3 2.809 4.979
24615 1658398137 0 4 2.684 1.487
24616 1658398137 0 5 0.56
24617 1658398138 0 6 0.10
24618 1658398138 0 8 4.997 9.747 9.27
24619 1658398138 0 1 3.456
24620 1658398138 0 7 $GNGGA,100856.000,4424.64610,N,00855.09147,E,1,11,0.9,3.9,M,44.7,M,,*4C
24621 1658398138 0 0 24.37 8.23 123.3 67.46 146.2 9.47 17.6 0.0 477.9 8.30 45.96 1.1
24622 1658398140 0 3 2.789 4.979
24623 1658398140 0 4 2.684 1.489
24624 1658398140 0 5 0.55
24627 1658398141 0 1 3.357
24628 1658398141 0 7 $GNGGA,100859.000,4424.64613,N,00855.09145,E,1,11,0.9,3.8,M,44.7,M,,*43
24630 1658398143 0 3 2.794 4.979
24638 1658398146 0 3 2.798 4.979
24646 1658398149 0 3 2.803 4.979
24652 1658398150 0 7 $GNGGA,100908.000,4424.64615,N,00855.09062,E,1,10,0.9,3.5,M,44.7,M,,*48
24654 1658398152 0 3 2.809 4.979
24665 1658398156 0 6 0.09
24666 1658398156 0 8 4.997 9.737 9.27
24667 1658398156 0 1 3.036
24670 1658398158 0 3 2.815 4.979
24677 1658398159 0 0 24.75 8.22 123.3 67.06 150.6 9.71 17.0 0.0 410.0 7.40 45.64 1.1
24678 1658398161 0 3 2.819 4.979
24679 1658398161 0 4 2.682 1.489
24680 1658398161 0 5 0.52
24684 1658398164 0 0 25.03 8.22 123.2 67.06 151.3 9.71 16.8 0.0 396.7 6.95 45.63 1.1
24686 1658398164 0 1 4.912
24691 1658398165 0 8 4.997 9.766 9.29
24692 1658398165 0 1 5.739
24695 1658398167 0 3 2.798 4.979
24702 1658398168 0 7 $GNGGA,100926.000,4424.64598,N,00855.08919,E,1,11,0.9,3.4,M,44.7,M,,*46
24703 1658398170 0 3 2.803 4.979
24704 1658398170 0 4 2.681 1.489
24705 1658398170 0 5 0.51
24706 1658398171 0 6 0.09
24707 1658398171 0 8 4.997 9.775 9.27
24711 1658398173 0 3 2.803 4.979
24716 1658398174 0 1 4.587
24717 1658398174 0 7 $GNGGA,100932.000,4424.64597,N,00855.08909,E,1,11,0.9,3.4,M,44.7,M,,*4D
24718 1658398174 0 0 25.51 8.23 122.9 67.36 153.5 9.76 16.7 0.0 371.0 5.47 45.85 1.1
24720 1658398175 0 7 $GNGGA,100934.000,4424.64598,N,00855.08909,E,1,11,0.9,3.4,M,44.7,M,,*44
24721 1658398176 0 3 2.803 4.979
24729 1658398178 0 7 $GNGGA,100936.000,4424.64596,N,00855.08907,E,1,11,0.9,3.4,M,44.7,M,,*46
24730 1658398178 0 7 $GNGGA,100937.000,4424.64595,N,00855.08908,E,1,11,0.9,3.4,M,44.7,M,,*4B
24733 1658398179 0 5 0.51
24734 1658398180 0 6 0.09
24735 1658398180 0 8 4.997 9.719 9.27
24736 1658398180 0 1 4.684
24740 1658398182 0 3 2.803 4.979
24745 1658398183 0 1 4.853
24747 1658398183 0 7 $GNGGA,100941.000,4424.64596,N,00855.08905,E,1,11,0.9,3.4,M,44.7,M,,*44
24749 1658398185 0 3 2.803 4.979
24750 1658398185 0 4 2.680 1.492
24757 1658398187 0 7 $GNGGA,100945.000,4424.64601,N,00855.08873,E,1,11,0.9,3.3,M,44.7,M,,*4A
24766 1658398190 0 7 $GNGGA,100948.000,4424.64606,N,00855.08832,E,1,11,0.9,3.3,M,44.7,M,,*45
24767 1658398191 0 3 2.803 4.979
24773 1658398193 0 7 $GNGGA,100951.000,4424.64608,N,00855.08810,E,1,11,0.9,3.3,M,44.7,M,,*43
24774 1658398193 0 7 $GNGGA,100952.000,4424.64604,N,00855.08756,E,1,11,0.9,3.5,M,44.7,M,,*47
24775 1658398194 0 0 25.70 8.23 122.3 67.39 152.7 9.68 16.6 0.0 353.8 3.81 45.87 1.1
24776 1658398194 0 1 4.858
24779 1658398194 0 4 2.679 1.494
24780 1658398195 0 5 0.51
24785 1658398196 0 7 $GNGGA,100953.000,4424.64598,N,00855.08702,E,1,11,0.9,3.8,M,44.7,M,,*4C
24786 1658398197 0 3 2.802 4.979
24791 1658398198 0 1 4.709
24792 1658398198 0 7 $GNGGA,100956.000,4424.64589,N,00855.08679,E,1,11,0.9,3.9,M,44.7,M,,*45
24793 1658398198 0 0 25.72 8.23 122.2 67.43 151.7 9.61 16.5 0.0 350.4 3.55 45.90 1.1
24795 1658398200 0 3 2.802 4.979
24803 1658398202 0 7 $GNGGA,101000.000,4424.64579,N,00855.08639,E,1,11,0.9,4.0,M,44.7,M,,*4B
24806 1658398203 0 5 0.51
24807 1658398204 0 6 0.09
24808 1658398204 0 8 4.997 9.700 9.27
24809 1658398204 0 1 3.678
24813 1658398206 0 3 2.784 4.979
24816 1658398207 0 6 0.09
24819 1658398207 0 7 $GNGGA,101005.000,4424.64575,N,00855.08461,E,1,12,0.8,5.2,M,44.7,M,,*4C
24820 1658398207 0 0 25.92 8.22 122.1 67.33 149.8 9.47 16.4 0.0 341.2 2.10 45.82 1.1
24821 1658398208 0 7 $GNGGA,101006.000,4424.64576,N,00855.08445,E,1,12,0.8,5.2,M,44.7,M,,*4A
24822 1658398209 0 3 2.690 4.979
24830 1658398211 0 7 $GNGGA,101009.000,4424.64580,N,00855.08390,E,1,12,0.8,5.3,M,44.7,M,,*42
24831 1658398212 0 3 2.625 4.979
24832 1658398212 0 4 2.619 1.519
24833 1658398212 0 5 0.51
24834 1658398213 0 6 0.09
24835 1658398213 0 8 4.997 9.671 9.27
24837 1658398213 0 7 $GNGGA,101011.000,4424.64579,N,00855.08347,E,1,12,0.8,5.1,M,44.7,M,,*45
24838 1658398213 0 0 26.63 8.21 121.9 67.19 148.5 9.28 16.3 0.0 324.5 1.12 45.69 1.1
24839 1658398215 0 3 2.600 4.979
24842 1658398216 0 6 0.09
24843 1658398216 0 8 4.994 9.671 9.27
24844 1658398216 0 1 3.086
24847 1658398217 0 7 $GNGGA,101015.000,4424.64574,N,00855.08302,E,1,12,0.8,5.3,M,44.7,M,,*4F
24848 1658398218 0 3 2.591 4.979
24849 1658398218 0 4 2.552 1.511
24850 1658398218 0 5 0.51
24851 1658398219 0 6 0.09
24852 1658398219 0 8 4.997 9.681 9.25
24853 1658398219 0 1 2.659
24854 1658398219 0 7 $GNGGA,101017.000,4424.64569,N,00855.08287,E,1,12,0.8,5.4,M,44.7,M,,*4A
24855 1658398219 0 0 26.78 8.21 121.8 67.52 146.9 9.14 16.2 0.0 322.8 0.65 45.94 1.1
24856 1658398220 0 7 $GNGGA,101018.000,4424.64587,N,00855.08306,E,1,12,0.8,5.1,M,44.7,M,,*48
24857 1658398221 0 3 2.591 4.979
24858 1658398221 0 4 2.555 1.514
24859 1658398221 0 5 0.51
24860 1658398222 0 6 0.09
24861 1658398222 0 8 4.997 9.671 9.27
24862 1658398222 0 7 $GNGGA,101020.000,4424.64590,N,00855.08279,E,1,12,0.8,5.1,M,44.7,M,,*4C
