/home/danielacabiddu/Devel/src/MATRAC/test/tuttomatrac/data/porto_grid.mesh
8591 1658408259 0 7 $GNGGA,125738.000,4423.64489,N,00855.59979,E,1,14,0.8,1.9,M,44.7,M,,*4F
8592 1658408260 0 3 2.610 4.978
8593 1658408260 0 4 2.583 1.643
8594 1658408260 0 1 0.246
8595 1658408260 0 5 0.31
8596 1658408260 0 6 0.10
8597 1658408260 0 8 4.997 11.947 11.89
8598 1658408261 0 0 28.12 8.21 130.1 67.81 136.6 8.31 15.5 0.0 249.2 1.05 46.12 1.2
8599 1658408261 0 7 $GNGGA,125739.000,4423.64497,N,00855.59992,E,1,14,0.8,1.9,M,44.7,M,,*44
8600 1658408261 0 7 $GNGGA,125740.000,4423.64505,N,00855.60003,E,1,14,0.8,1.9,M,44.7,M,,*4B
8601 1658408262 0 7 $GNGGA,125741.000,4423.64511,N,00855.60011,E,1,14,0.8,1.9,M,44.7,M,,*4C
8602 1658408263 0 3 2.611 4.978
8603 1658408263 0 1 0.200
8604 1658408263 0 4 2.584 1.646
8605 1658408263 0 5 0.31
8606 1658408263 0 6 0.10
8607 1658408263 0 8 4.997 11.929 11.89
8608 1658408264 0 0 28.16 8.21 130.1 67.85 136.4 8.30 15.5 0.0 248.9 1.03 46.15 1.2
8609 1658408264 0 7 $GNGGA,125742.000,4423.64518,N,00855.60020,E,1,14,0.8,1.9,M,44.7,M,,*44
8610 1658408264 0 7 $GNGGA,125743.000,4423.64525,N,00855.60028,E,1,14,0.8,1.9,M,44.7,M,,*43
8611 1658408265 0 7 $GNGGA,125744.000,4423.64533,N,00855.60035,E,1,14,0.8,1.9,M,44.7,M,,*4F
8612 1658408266 0 3 2.612 4.978
8613 1658408266 0 4 2.584 1.641
8614 1658408266 0 1 0.213
8615 1658408266 0 5 0.32
8616 1658408266 0 6 0.10
8617 1658408266 0 8 4.997 11.938 11.89
8618 1658408267 0 0 28.16 8.21 130.0 67.87 136.0 8.27 15.6 0.0 252.3 0.97 46.17 1.2
8619 1658408267 0 7 $GNGGA,125745.000,4423.64541,N,00855.60044,E,1,14,0.8,1.9,M,44.7,M,,*4D
8620 1658408267 0 7 $GNGGA,125746.000,4423.64549,N,00855.60052,E,1,14,0.8,1.9,M,44.7,M,,*41
8621 1658408268 0 7 $GNGGA,125747.000,4423.64556,N,00855.60061,E,1,14,0.8,1.9,M,44.7,M,,*4E
8622 1658408269 0 3 2.611 4.978
8623 1658408269 0 1 0.158
8624 1658408269 0 4 2.583 1.636
8625 1658408269 0 5 0.32
8626 1658408269 0 6 0.10
8627 1658408269 0 8 4.997 12.304 11.91
8628 1658408270 0 0 28.18 8.21 129.9 67.79 135.5 8.24 15.6 0.0 253.7 1.00 46.10 1.2
8629 1658408270 0 7 $GNGGA,125748.000,4423.64562,N,00855.60066,E,1,14,0.8,1.9,M,44.7,M,,*41
8630 1658408270 0 7 $GNGGA,125749.000,4423.64568,N,00855.60070,E,1,14,0.8,1.9,M,44.7,M,,*4D
8631 1658408271 0 7 $GNGGA,125750.000,4423.64571,N,00855.60074,E,1,14,0.8,1.8,M,44.7,M,,*48
8632 1658408272 0 3 2.581 4.978
8633 1658408272 0 4 2.504 1.641
8634 1658408272 0 1 0.250
8635 1658408272 0 5 0.33
8636 1658408272 0 6 0.10
8637 1658408272 0 8 4.997 12.173 11.91
8638 1658408273 0 0 28.32 8.21 129.9 67.78 135.2 8.20 15.6 0.0 250.3 0.91 46.09 1.2
8639 1658408273 0 7 $GNGGA,125751.000,4423.64576,N,00855.60078,E,1,14,0.8,1.8,M,44.7,M,,*42
8640 1658408273 0 7 $GNGGA,125752.000,4423.64581,N,00855.60083,E,1,14,0.8,1.8,M,44.7,M,,*4D
8641 1658408274 0 7 $GNGGA,125753.000,4423.64586,N,00855.60086,E,1,14,0.8,1.8,M,44.7,M,,*4E
8642 1658408275 0 3 2.560 4.978
8643 1658408275 0 1 5.806
8644 1658408275 0 4 2.479 1.633
8645 1658408275 0 5 0.35
8646 1658408275 0 6 0.11
8647 1658408275 0 8 4.997 11.910 11.89
8648 1658408276 0 0 28.30 8.21 129.9 24.25 134.7 9.74 21.5 0.0 244.3 0.40 14.65 1.7
8649 1658408276 0 7 $GNGGA,125754.000,4423.64590,N,00855.60088,E,1,14,0.8,1.8,M,44.7,M,,*40
8650 1658408276 0 7 $GNGGA,125755.000,4423.64595,N,00855.60092,E,1,14,0.8,1.8,M,44.7,M,,*4F
8651 1658408277 0 7 $GNGGA,125756.000,4423.64598,N,00855.60096,E,1,14,0.8,1.7,M,44.7,M,,*4A
8652 1658408278 0 3 2.560 4.978
8653 1658408278 0 4 2.479 1.638
8654 1658408278 0 1 2.452
8655 1658408278 0 5 0.34
8656 1658408278 0 6 0.11
8657 1658408279 0 8 4.997 11.891 11.89
8658 1658408279 0 0 28.14 8.32 120.9 0.090 134.1 10.55 6.5 0.0 28.8 0.41 0.04 0.9
8659 1658408279 0 7 $GNGGA,125757.000,4423.64600,N,00855.60101,E,1,14,0.8,1.7,M,44.7,M,,*46
8660 1658408279 0 7 $GNGGA,125758.000,4423.64602,N,00855.60107,E,1,14,0.8,1.7,M,44.7,M,,*4D
8661 1658408280 0 7 $GNGGA,125759.000,4423.64604,N,00855.60110,E,1,14,0.8,1.7,M,44.7,M,,*4C
8662 1658408281 0 3 2.559 4.977
8663 1658408281 0 1 2.764
8664 1658408281 0 4 2.480 1.633
8665 1658408281 0 5 0.36
8666 1658408281 0 6 0.12
8667 1658408281 0 8 4.997 11.882 11.89
8668 1658408282 0 0 28.04 8.32 122.0 0.065 133.5 10.52 6.0 0.0 25.9 0.41 0.03 0.8
8669 1658408282 0 7 $GNGGA,125800.000,4423.64605,N,00855.60112,E,1,14,0.8,1.7,M,44.7,M,,*4C
8670 1658408282 0 7 $GNGGA,125801.000,4423.64608,N,00855.60113,E,1,14,0.8,1.7,M,44.7,M,,*41
8671 1658408283 0 7 $GNGGA,125802.000,4423.64610,N,00855.60113,E,1,14,0.8,1.7,M,44.7,M,,*4B
8672 1658408284 0 3 2.559 4.978
8673 1658408284 0 1 0.109
8674 1658408284 0 4 2.479 1.618
8675 1658408284 0 5 0.36
8676 1658408284 0 6 0.12
8677 1658408284 0 8 4.997 11.853 11.89
8678 1658408285 0 0 27.95 8.30 123.8 0.057 132.8 10.48 4.9 0.0 19.0 0.41 0.03 0.6
8679 1658408285 0 7 $GNGGA,125803.000,4423.64613,N,00855.60113,E,1,14,0.8,1.7,M,44.7,M,,*49
8680 1658408285 0 7 $GNGGA,125804.000,4423.64616,N,00855.60113,E,1,14,0.8,1.7,M,44.7,M,,*4B
8681 1658408286 0 7 $GNGGA,125805.000,4423.64618,N,00855.60115,E,1,14,0.8,1.7,M,44.7,M,,*42
8682 1658408287 0 3 2.559 4.978
8683 1658408287 0 4 2.478 1.601
8684 1658408287 0 1 0.430
8685 1658408287 0 5 0.37
8686 1658408287 0 6 0.13
8687 1658408287 0 8 4.997 11.863 11.89
8688 1658408288 0 0 27.85 8.24 128.5 0.048 132.2 10.45 5.0 0.0 18.4 0.41 0.02 0.6
8689 1658408288 0 7 $GNGGA,125806.000,4423.64622,N,00855.60114,E,1,14,0.8,1.7,M,44.7,M,,*49
8690 1658408288 0 7 $GNGGA,125807.000,4423.64625,N,00855.60112,E,1,14,0.8,1.6,M,44.7,M,,*48
8691 1658408289 0 2 0.06300001 4.43620014 1.54739999 0.03410000 2.73399996 0.00480000 0.06510000 0.27900002 1.00000000 86.08499908
8692 1658408289 0 7 $GNGGA,125808.000,4423.64629,N,00855.60110,E,1,14,0.8,1.6,M,44.7,M,,*49
8693 1658408290 0 3 2.559 4.978
8694 1658408290 0 1 0.405
8695 1658408290 0 4 2.479 1.573
8696 1658408290 0 5 0.37
8697 1658408290 0 6 0.13
8698 1658408290 0 8 4.997 11.910 11.89
8699 1658408291 0 0 27.76 8.24 129.4 0.042 131.5 10.41 4.4 0.0 16.2 0.41 0.02 0.5
8700 1658408291 0 7 $GNGGA,125809.000,4423.64633,N,00855.60107,E,1,14,0.8,1.6,M,44.7,M,,*45
8701 1658408291 0 7 $GNGGA,125810.000,4423.64635,N,00855.60109,E,1,14,0.8,1.6,M,44.7,M,,*45
8702 1658408292 0 7 $GNGGA,125811.000,4423.64638,N,00855.60108,E,1,14,0.8,1.6,M,44.7,M,,*48
8703 1658408293 0 3 2.559 4.977
8704 1658408293 0 4 2.480 1.585
8705 1658408293 0 1 0.765
8706 1658408293 0 5 0.39
8707 1658408293 0 6 0.14
8708 1658408293 0 8 4.997 11.919 11.89
8709 1658408294 0 0 27.65 8.22 131.6 0.039 130.9 10.39 4.1 0.0 14.3 0.41 0.02 0.4
8710 1658408294 0 7 $GNGGA,125812.000,4423.64640,N,00855.60110,E,1,14,0.8,1.6,M,44.7,M,,*4D
8711 1658408294 0 7 $GNGGA,125813.000,4423.64642,N,00855.60112,E,1,14,0.8,1.6,M,44.7,M,,*4C
8712 1658408295 0 7 $GNGGA,125814.000,4423.64662,N,00855.60133,E,1,14,0.8,2.0,M,44.7,M,,*4F
8713 1658408296 0 3 2.559 4.978
8714 1658408296 0 1 0.429
8715 1658408296 0 4 2.479 1.481
8716 1658408296 0 5 0.39
8717 1658408297 0 6 0.15
8718 1658408297 0 8 4.997 11.929 11.89
8719 1658408297 0 0 27.57 8.22 132.9 0.037 130.5 10.37 4.3 0.0 14.0 0.41 0.02 0.4
8720 1658408297 0 7 $GNGGA,125815.000,4423.64680,N,00855.60157,E,1,14,0.8,2.2,M,44.7,M,,*42
8721 1658408297 0 7 $GNGGA,125816.000,4423.64682,N,00855.60160,E,1,14,0.8,2.2,M,44.7,M,,*47
8722 1658408298 0 7 $GNGGA,125817.000,4423.64685,N,00855.60163,E,1,14,0.8,2.2,M,44.7,M,,*42
8723 1658408299 0 4 2.479 1.511
8724 1658408299 0 1 0.242
8725 1658408299 0 5 0.39
8726 1658408299 0 6 0.15
8727 1658408299 0 8 4.997 11.938 11.89
8728 1658408299 0 0 27.48 8.19 135.0 0.035 130.1 10.35 4.0 0.0 14.0 0.41 0.02 0.4
8729 1658408300 0 7 $GNGGA,125818.000,4423.64687,N,00855.60167,E,1,14,0.8,2.2,M,44.7,M,,*4B
8730 1658408300 0 7 $GNGGA,125819.000,4423.64712,N,00855.60208,E,1,14,0.8,2.4,M,44.7,M,,*4B
8731 1658408301 0 7 $GNGGA,125820.000,4423.64735,N,00855.60258,E,1,14,0.8,2.6,M,44.7,M,,*43
8732 1658408302 0 3 2.559 4.978
8733 1658408302 0 1 0.201
8734 1658408302 0 4 2.479 1.513
8735 1658408302 0 5 0.39
8736 1658408303 0 6 0.14
8737 1658408303 0 8 4.997 11.910 11.89
8738 1658408303 0 0 27.38 8.12 139.5 0.033 129.7 10.34 4.0 0.0 12.8 0.41 0.02 0.3
8739 1658408303 0 7 $GNGGA,125821.000,4423.64759,N,00855.60312,E,1,14,0.8,2.6,M,44.7,M,,*47
8740 1658408303 0 7 $GNGGA,125822.000,4423.64780,N,00855.60364,E,1,14,0.8,2.5,M,44.7,M,,*42
8741 1658408304 0 7 $GNGGA,125823.000,4423.64793,N,00855.60427,E,1,14,0.8,2.5,M,44.7,M,,*41
8742 1658408305 0 3 2.560 4.978
8743 1658408305 0 4 2.479 1.503
8744 1658408305 0 1 0.451
8745 1658408305 0 5 0.39
8746 1658408305 0 6 0.14
8747 1658408305 0 8 4.997 11.919 11.89
8748 1658408306 0 0 27.30 8.03 145.5 0.032 129.3 10.32 4.1 0.0 13.3 0.41 0.02 0.2
8749 1658408306 0 7 $GNGGA,125824.000,4423.64804,N,00855.60487,E,1,14,0.8,2.4,M,44.7,M,,*4C
8750 1658408306 0 7 $GNGGA,125825.000,4423.64819,N,00855.60541,E,1,14,0.8,2.5,M,44.7,M,,*4B
8751 1658408307 0 7 $GNGGA,125826.000,4423.64830,N,00855.60598,E,1,14,0.8,2.6,M,44.7,M,,*44
8752 1658408308 0 3 2.560 4.978
8753 1658408308 0 4 2.479 1.508
8754 1658408308 0 5 0.39
8755 1658408308 0 6 0.14
8756 1658408309 0 8 4.997 11.929 11.89
8757 1658408309 0 0 27.22 7.99 148.2 0.031 128.9 10.31 3.9 0.0 11.9 0.41 0.02 0.2
8758 1658408309 0 7 $GNGGA,125827.000,4423.64842,N,00855.60657,E,1,14,0.8,2.7,M,44.7,M,,*41
8759 1658408309 0 7 $GNGGA,125828.000,4423.64850,N,00855.60721,E,1,14,0.8,2.7,M,44.7,M,,*4D
8760 1658408310 0 7 $GNGGA,125829.000,4423.64856,N,00855.60782,E,1,14,0.8,2.8,M,44.7,M,,*4C
8761 1658408311 0 3 2.560 4.978
8762 1658408311 0 1 0.176
8763 1658408311 0 4 2.479 1.513
8764 1658408311 0 5 0.39
8765 1658408311 0 6 0.15
8766 1658408311 0 8 4.997 11.947 11.89
8767 1658408312 0 0 27.13 7.91 153.3 0.031 128.6 10.30 3.5 0.0 9.0 0.41 0.02 0.1
8768 1658408312 0 7 $GNGGA,125830.000,4423.64863,N,00855.60851,E,1,14,0.8,2.7,M,44.7,M,,*4C
8769 1658408312 0 7 $GNGGA,125831.000,4423.64869,N,00855.60924,E,1,14,0.8,2.9,M,44.7,M,,*4A
8770 1658408313 0 7 $GNGGA,125832.000,4423.64864,N,00855.61002,E,1,14,0.8,3.0,M,44.7,M,,*40
8771 1658408314 0 3 2.560 4.978
8772 1658408314 0 4 2.479 1.508
8773 1658408314 0 1 0.268
8774 1658408314 0 5 0.39
8775 1658408314 0 6 0.15
8776 1658408315 0 8 4.997 11.919 11.89
8777 1658408315 0 0 27.01 7.81 160.1 0.030 128.4 10.30 3.4 0.0 8.6 0.41 0.02 0.1
8778 1658408315 0 7 $GNGGA,125833.000,4423.64862,N,00855.61079,E,1,14,0.8,3.0,M,44.7,M,,*4B
8779 1658408316 0 7 $GNGGA,125835.000,4423.64854,N,00855.61228,E,1,14,0.8,3.0,M,44.7,M,,*4E
8780 1658408317 0 3 2.560 4.978
8781 1658408317 0 1 0.447
8782 1658408317 0 4 2.479 1.506
8783 1658408317 0 5 0.39
8784 1658408317 0 6 0.15
8785 1658408317 0 8 4.997 11.957 11.89
8786 1658408318 0 0 26.91 7.78 162.0 0.029 128.1 10.30 3.1 0.0 7.3 0.41 0.02 0.1
8787 1658408318 0 7 $GNGGA,125836.000,4423.64848,N,00855.61304,E,1,14,0.8,3.0,M,44.7,M,,*4F
8788 1658408318 0 7 $GNGGA,125837.000,4423.64833,N,00855.61393,E,1,14,0.8,2.9,M,44.7,M,,*44
8789 1658408319 0 7 $GNGGA,125838.000,4423.64808,N,00855.61479,E,1,14,0.8,2.8,M,44.7,M,,*41
8790 1658408320 0 3 2.560 4.978
8791 1658408320 0 4 2.479 1.506
8792 1658408320 0 1 2.343
8793 1658408320 0 5 0.39
8794 1658408320 0 6 0.15
8795 1658408321 0 8 4.997 11.957 11.89
8796 1658408321 0 0 26.88 7.76 161.7 0.028 127.8 10.28 3.2 0.0 8.3 0.41 0.02 0.1
8797 1658408321 0 7 $GNGGA,125839.000,4423.64794,N,00855.61570,E,1,14,0.8,2.8,M,44.7,M,,*42
8798 1658408321 0 7 $GNGGA,125840.000,4423.64780,N,00855.61658,E,1,14,0.8,2.8,M,44.7,M,,*40
8799 1658408322 0 7 $GNGGA,125841.000,4423.64758,N,00855.61749,E,1,14,0.8,2.8,M,44.7,M,,*45
8800 1658408323 0 3 2.560 4.978
8801 1658408323 0 1 0.601
8802 1658408323 0 4 2.479 1.506
8803 1658408323 0 5 0.39
8804 1658408323 0 6 0.15
8805 1658408323 0 8 4.997 11.957 11.89
8806 1658408324 0 0 26.84 7.75 165.3 0.028 127.6 10.28 3.1 0.0 7.3 0.41 0.02 0.1
8807 1658408324 0 7 $GNGGA,125842.000,4423.64757,N,00855.61838,E,1,14,0.8,2.6,M,44.7,M,,*4E
8808 1658408324 0 7 $GNGGA,125843.000,4423.64740,N,00855.61927,E,1,14,0.8,2.3,M,44.7,M,,*43
8809 1658408325 0 7 $GNGGA,125844.000,4423.64724,N,00855.62023,E,1,14,0.8,2.1,M,44.7,M,,*4A
8810 1658408326 0 3 2.560 4.978
8811 1658408326 0 4 2.479 1.478
8812 1658408326 0 1 0.180
8813 1658408326 0 5 0.39
8814 1658408326 0 6 0.15
8815 1658408327 0 8 4.997 11.966 11.89
8816 1658408327 0 0 26.78 7.71 168.0 0.027 127.4 10.26 3.3 0.0 8.3 0.41 0.02 0.1
8817 1658408327 0 7 $GNGGA,125845.000,4423.64697,N,00855.62105,E,1,14,0.8,2.3,M,44.7,M,,*45
8818 1658408328 0 7 $GNGGA,125847.000,4423.64630,N,00855.62291,E,1,14,0.8,2.4,M,44.7,M,,*43
8819 1658408329 0 3 2.560 4.978
8820 1658408329 0 1 2.223
8821 1658408329 0 4 2.479 1.483
8822 1658408329 0 5 0.39
8823 1658408329 0 6 0.15
8824 1658408329 0 8 4.997 11.966 11.89
8825 1658408330 0 0 26.79 7.68 170.8 0.027 127.1 10.24 3.6 0.0 9.7 0.41 0.02 0.1
8826 1658408330 0 7 $GNGGA,125848.000,4423.64593,N,00855.62396,E,1,14,0.8,2.6,M,44.7,M,,*42
8827 1658408330 0 7 $GNGGA,125849.000,4423.64556,N,00855.62509,E,1,14,0.8,2.9,M,44.7,M,,*45
8828 1658408331 0 7 $GNGGA,125850.000,4423.64515,N,00855.62621,E,1,14,0.8,3.0,M,44.7,M,,*4B
8829 1658408332 0 3 2.560 4.978
8830 1658408332 0 4 2.479 1.481
8831 1658408332 0 1 0.844
8832 1658408332 0 5 0.40
8833 1658408332 0 6 0.16
8834 1658408333 0 8 4.997 11.966 11.89
8835 1658408333 0 0 26.79 7.67 172.6 0.026 126.8 10.22 3.3 0.0 8.3 0.41 0.02 0.0
8836 1658408333 0 7 $GNGGA,125851.000,4423.64464,N,00855.62725,E,1,14,0.8,3.2,M,44.7,M,,*4A
8837 1658408333 0 7 $GNGGA,125852.000,4423.64421,N,00855.62840,E,1,14,0.8,3.3,M,44.7,M,,*45
8838 1658408334 0 7 $GNGGA,125853.000,4423.64389,N,00855.62953,E,1,14,0.8,3.4,M,44.7,M,,*45
8839 1658408335 0 3 2.560 4.978
8840 1658408335 0 1 0.248
8841 1658408335 0 4 2.479 1.478
8842 1658408335 0 5 0.40
8843 1658408335 0 6 0.16
8844 1658408336 0 8 4.997 11.957 11.89
8845 1658408336 0 0 26.79 7.66 174.4 0.026 126.6 10.20 3.4 0.0 8.4 0.41 0.02 0.1
8846 1658408336 0 7 $GNGGA,125854.000,4423.64347,N,00855.63070,E,1,14,0.8,3.4,M,44.7,M,,*49
8847 1658408336 0 7 $GNGGA,125855.000,4423.64304,N,00855.63182,E,1,14,0.8,3.4,M,44.7,M,,*43
8848 1658408337 0 7 $GNGGA,125856.000,4423.64257,N,00855.63295,E,1,14,0.8,3.4,M,44.7,M,,*42
8849 1658408338 0 3 2.560 4.978
8850 1658408338 0 4 2.479 1.478
8851 1658408338 0 1 1.155
8852 1658408338 0 5 0.40
8853 1658408338 0 6 0.16
8854 1658408338 0 8 4.997 11.929 11.89
8855 1658408339 0 0 26.77 7.60 177.3 0.026 126.5 10.19 3.1 0.0 7.1 0.41 0.02 0.0
8856 1658408339 0 7 $GNGGA,125857.000,4423.64211,N,00855.63414,E,1,14,0.8,3.3,M,44.7,M,,*49
8857 1658408339 0 7 $GNGGA,125858.000,4423.64160,N,00855.63527,E,1,14,0.8,3.3,M,44.7,M,,*42
8858 1658408340 0 7 $GNGGA,125859.000,4423.64126,N,00855.63643,E,1,14,0.8,3.2,M,44.7,M,,*41
8859 1658408341 0 3 2.560 4.978
8860 1658408341 0 4 2.479 1.478
8861 1658408341 0 1 0.393
8862 1658408341 0 5 0.40
8863 1658408341 0 6 0.16
11094 1658409020 0 7 $GNGGA,131018.000,4423.26210,N,00856.57349,E,1,15,0.7,-3.5,M,44.7,M,,*66
11095 1658409021 0 7 $GNGGA,131020.000,4423.26217,N,00856.57360,E,1,15,0.7,-3.5,M,44.7,M,,*61
11096 1658409022 0 3 2.602 4.978
11097 1658409022 0 4 2.569 1.414
11098 1658409022 0 1 0.166
11099 1658409022 0 5 0.02
11100 1658409022 0 6 0.12
11101 1658409022 0 8 4.997 12.266 11.91
11102 1658409023 0 0 28.51 8.20 138.9 67.96 124.0 7.50 17.4 0.0 337.3 1.12 46.23 1.4
11103 1658409023 0 7 $GNGGA,131021.000,4423.26215,N,00856.57366,E,1,15,0.7,-3.4,M,44.7,M,,*65
11104 1658409023 0 7 $GNGGA,131022.000,4423.26212,N,00856.57369,E,1,15,0.7,-3.4,M,44.7,M,,*6E
11105 1658409024 0 7 $GNGGA,131023.000,4423.26211,N,00856.57374,E,1,15,0.7,-3.4,M,44.7,M,,*60
11106 1658409025 0 3 2.602 4.978
11107 1658409025 0 1 0.313
11108 1658409025 0 4 2.571 1.409
11109 1658409025 0 5 0.02
11110 1658409025 0 6 0.12
11111 1658409026 0 8 4.997 12.266 11.89
11112 1658409026 0 0 28.52 8.20 138.8 67.96 124.0 7.49 17.3 0.0 337.4 1.11 46.22 1.4
11113 1658409026 0 7 $GNGGA,131024.000,4423.26208,N,00856.57380,E,1,15,0.7,-3.4,M,44.7,M,,*64
11114 1658409027 0 7 $GNGGA,131026.000,4423.26208,N,00856.57392,E,1,15,0.7,-3.4,M,44.7,M,,*65
11115 1658409028 0 3 2.606 4.978
11116 1658409028 0 4 2.573 1.409
11117 1658409028 0 1 0.148
11118 1658409028 0 5 0.02
11119 1658409028 0 6 0.12
11120 1658409028 0 8 4.997 12.257 11.89
11121 1658409029 0 0 28.50 8.20 138.7 67.90 124.1 7.51 17.3 0.0 338.1 0.94 46.17 1.4
11122 1658409029 0 7 $GNGGA,131027.000,4423.26212,N,00856.57395,E,1,15,0.7,-3.4,M,44.7,M,,*68
11123 1658409029 0 7 $GNGGA,131028.000,4423.26214,N,00856.57400,E,1,15,0.7,-3.4,M,44.7,M,,*6A
11124 1658409030 0 7 $GNGGA,131029.000,4423.26215,N,00856.57403,E,1,15,0.7,-3.4,M,44.7,M,,*69
11125 1658409031 0 3 2.659 4.978
11126 1658409031 0 1 0.813
11127 1658409031 0 4 2.582 1.414
11128 1658409031 0 5 0.02
11129 1658409031 0 6 0.12
11130 1658409031 0 8 4.997 12.295 11.89
11131 1658409032 0 0 28.48 8.20 138.6 67.89 124.1 7.51 17.3 0.0 340.7 1.21 46.17 1.4
11132 1658409032 0 7 $GNGGA,131030.000,4423.26217,N,00856.57410,E,1,15,0.7,-3.4,M,44.7,M,,*61
11133 1658409033 0 7 $GNGGA,131032.000,4423.26108,N,00856.57608,E,1,15,0.7,-4.2,M,44.7,M,,*64
11134 1658409034 0 3 2.782 4.978
11135 1658409034 0 1 0.207
11136 1658409034 0 4 2.587 1.411
11137 1658409034 0 5 0.02
11138 1658409034 0 6 0.12
11139 1658409034 0 8 4.997 12.295 11.91
11140 1658409035 0 0 28.30 8.20 138.6 67.85 124.2 7.54 17.4 0.0 346.9 2.52 46.14 1.4
11141 1658409035 0 7 $GNGGA,131033.000,4423.26069,N,00856.57719,E,1,15,0.7,-4.7,M,44.7,M,,*67
11142 1658409035 0 7 $GNGGA,131034.000,4423.26071,N,00856.57731,E,1,15,0.7,-4.8,M,44.7,M,,*6C
11143 1658409036 0 7 $GNGGA,131035.000,4423.26078,N,00856.57749,E,1,15,0.7,-4.8,M,44.7,M,,*6B
11144 1658409037 0 3 2.788 4.978
11145 1658409037 0 4 2.589 1.416
11146 1658409037 0 1 0.267
11147 1658409037 0 5 0.02
11148 1658409037 0 6 0.12
11149 1658409038 0 8 4.997 12.295 11.89
11150 1658409038 0 0 28.13 8.21 138.5 67.79 124.2 7.56 17.5 0.0 350.1 3.32 46.10 1.4
11151 1658409038 0 7 $GNGGA,131036.000,4423.26081,N,00856.57765,E,1,15,0.7,-4.8,M,44.7,M,,*60
11152 1658409039 0 2 0.07120000 5.15080022 1.62010002 0.03960000 2.76430010 0.00510000 0.07200000 0.31529998 1.00000000 84.71800231
11153 1658409039 0 7 $GNGGA,131038.000,4423.26089,N,00856.57790,E,1,15,0.7,-4.9,M,44.7,M,,*6D
11154 1658409040 0 3 2.789 4.978
11155 1658409040 0 1 0.265
11156 1658409040 0 4 2.589 1.446
11157 1658409040 0 5 0.02
11158 1658409040 0 6 0.12
11159 1658409041 0 8 4.997 12.295 11.89
11160 1658409041 0 0 28.07 8.20 138.4 67.83 124.2 7.56 17.4 0.0 350.0 4.00 46.14 1.3
11161 1658409041 0 7 $GNGGA,131039.000,4423.26095,N,00856.57795,E,1,15,0.7,-4.9,M,44.7,M,,*64
11162 1658409041 0 7 $GNGGA,131040.000,4423.26097,N,00856.57801,E,1,15,0.7,-4.9,M,44.7,M,,*6A
11163 1658409042 0 7 $GNGGA,131041.000,4423.26099,N,00856.57815,E,1,15,0.7,-5.0,M,44.7,M,,*68
11164 1658409043 0 3 2.790 4.978
11165 1658409043 0 4 2.591 1.451
11166 1658409043 0 1 0.306
11167 1658409043 0 5 0.02
11168 1658409043 0 6 0.12
11169 1658409044 0 8 4.997 12.304 11.89
11170 1658409044 0 0 27.97 8.21 138.3 67.83 123.9 7.56 17.4 0.0 355.2 4.93 46.14 1.3
11171 1658409044 0 7 $GNGGA,131042.000,4423.26102,N,00856.57826,E,1,15,0.7,-5.0,M,44.7,M,,*68
11172 1658409045 0 7 $GNGGA,131044.000,4423.26105,N,00856.57843,E,1,15,0.7,-5.1,M,44.7,M,,*6B
11173 1658409046 0 3 2.792 4.978
11174 1658409046 0 1 0.285
11175 1658409046 0 4 2.591 1.446
11176 1658409046 0 5 0.02
11177 1658409046 0 6 0.12
11178 1658409047 0 8 4.997 12.295 11.89
11179 1658409047 0 0 27.70 8.21 138.2 67.73 123.7 7.58 17.5 0.0 363.0 5.90 46.07 1.3
11180 1658409047 0 7 $GNGGA,131045.000,4423.26106,N,00856.57850,E,1,15,0.7,-5.2,M,44.7,M,,*68
11181 1658409047 0 7 $GNGGA,131046.000,4423.26106,N,00856.57860,E,1,15,0.7,-5.2,M,44.7,M,,*68
11182 1658409048 0 7 $GNGGA,131047.000,4423.26103,N,00856.57869,E,1,15,0.7,-5.2,M,44.7,M,,*65
11183 1658409049 0 3 2.792 4.978
11184 1658409049 0 4 2.593 1.441
11185 1658409049 0 1 0.439
11186 1658409049 0 5 0.02
11187 1658409049 0 6 0.12
11188 1658409050 0 8 4.997 12.295 11.89
11189 1658409050 0 0 27.45 8.21 138.2 67.74 123.6 7.60 17.6 0.0 364.0 6.58 46.09 1.3
11190 1658409050 0 7 $GNGGA,131048.000,4423.26106,N,00856.57880,E,1,15,0.7,-5.2,M,44.7,M,,*68
11191 1658409051 0 7 $GNGGA,131050.000,4423.26116,N,00856.57893,E,1,15,0.7,-5.2,M,44.7,M,,*62
11192 1658409052 0 3 2.795 4.978
11193 1658409052 0 1 0.576
11194 1658409052 0 4 2.593 1.439
11195 1658409052 0 5 0.02
11196 1658409052 0 6 0.12
11197 1658409053 0 8 4.997 12.295 11.89
11198 1658409053 0 0 27.26 8.21 138.2 67.71 123.5 7.62 17.6 0.0 378.1 7.36 46.07 1.3
11199 1658409053 0 7 $GNGGA,131051.000,4423.26120,N,00856.57897,E,1,15,0.7,-5.2,M,44.7,M,,*62
11200 1658409053 0 7 $GNGGA,131052.000,4423.26124,N,00856.57905,E,1,15,0.7,-5.1,M,44.7,M,,*6C
11201 1658409054 0 7 $GNGGA,131053.000,4423.26126,N,00856.57915,E,1,15,0.7,-5.1,M,44.7,M,,*6E
11202 1658409055 0 3 2.795 4.978
11203 1658409055 0 4 2.593 1.446
11204 1658409055 0 1 0.445
11205 1658409055 0 5 0.02
11206 1658409055 0 6 0.12
11207 1658409056 0 8 4.997 12.304 11.89
11208 1658409056 0 0 26.84 8.21 138.2 67.51 123.3 7.67 17.7 0.0 388.7 8.11 45.93 1.3
11209 1658409056 0 7 $GNGGA,131054.000,4423.26128,N,00856.57930,E,1,15,0.7,-5.0,M,44.7,M,,*61
11210 1658409057 0 7 $GNGGA,131056.000,4423.26132,N,00856.57954,E,1,15,0.7,-5.0,M,44.7,M,,*6A
11211 1658409058 0 3 2.795 4.978
11212 1658409058 0 1 0.835
11213 1658409058 0 4 2.593 1.446
11214 1658409058 0 5 0.02
11215 1658409058 0 6 0.12
11216 1658409059 0 8 4.997 12.295 11.89
11217 1658409059 0 0 26.22 8.22 138.2 67.72 123.2 7.73 17.8 0.0 427.3 8.87 46.12 1.2
11218 1658409059 0 7 $GNGGA,131057.000,4423.26134,N,00856.57963,E,1,15,0.7,-5.0,M,44.7,M,,*69
11219 1658409059 0 7 $GNGGA,131058.000,4423.26136,N,00856.57973,E,1,15,0.7,-5.0,M,44.7,M,,*65
11220 1658409060 0 7 $GNGGA,131059.000,4423.26138,N,00856.57984,E,1,15,0.7,-5.0,M,44.7,M,,*62
11221 1658409061 0 3 2.795 4.978
11222 1658409061 0 1 0.168
11223 1658409061 0 4 2.593 1.446
11224 1658409061 0 5 0.02
11225 1658409061 0 6 0.12
11226 1658409062 0 8 4.997 12.304 11.89
11227 1658409062 0 0 25.36 8.22 138.3 67.57 122.9 7.83 18.1 0.0 420.0 9.59 46.02 1.2
11228 1658409062 0 7 $GNGGA,131100.000,4423.26141,N,00856.57994,E,1,15,0.7,-4.9,M,44.7,M,,*68
11229 1658409063 0 7 $GNGGA,131102.000,4423.26144,N,00856.58012,E,1,15,0.7,-4.9,M,44.7,M,,*67
11230 1658409064 0 3 2.795 4.978
11231 1658409064 0 4 2.593 1.446
11232 1658409064 0 1 0.308
11233 1658409064 0 5 0.02
11234 1658409064 0 6 0.12
11235 1658409065 0 8 4.997 12.304 11.89
11236 1658409065 0 0 25.07 8.22 138.3 67.50 122.7 7.85 18.0 0.0 429.4 10.40 45.98 1.2
11237 1658409065 0 7 $GNGGA,131103.000,4423.26145,N,00856.58019,E,1,15,0.7,-4.9,M,44.7,M,,*6C
11238 1658409065 0 7 $GNGGA,131104.000,4423.26146,N,00856.58027,E,1,15,0.7,-4.9,M,44.7,M,,*65
11239 1658409066 0 7 $GNGGA,131105.000,4423.26148,N,00856.58033,E,1,15,0.7,-4.9,M,44.7,M,,*6F
11240 1658409067 0 3 2.795 4.978
11241 1658409067 0 1 0.318
11242 1658409067 0 4 2.593 1.446
11243 1658409067 0 5 0.02
11244 1658409067 0 6 0.12
11245 1658409068 0 8 4.997 12.304 11.89
11246 1658409068 0 0 24.70 8.23 138.4 67.32 122.3 7.89 18.0 0.0 407.9 11.09 45.84 1.1
11247 1658409068 0 7 $GNGGA,131106.000,4423.26147,N,00856.58040,E,1,15,0.7,-4.9,M,44.7,M,,*67
11248 1658409069 0 7 $GNGGA,131108.000,4423.26149,N,00856.58055,E,1,15,0.7,-4.9,M,44.7,M,,*63
11249 1658409070 0 3 2.795 4.978
11250 1658409070 0 4 2.593 1.446
11251 1658409070 0 1 0.294
11252 1658409070 0 5 0.02
11253 1658409070 0 6 0.12
11254 1658409071 0 8 4.997 12.304 11.89
11255 1658409071 0 0 24.80 8.22 138.3 67.40 122.1 7.85 17.9 0.0 405.0 10.98 45.90 1.1
11256 1658409071 0 7 $GNGGA,131109.000,4423.26151,N,00856.58062,E,1,15,0.7,-4.9,M,44.7,M,,*6F
11257 1658409071 0 7 $GNGGA,131110.000,4423.26154,N,00856.58069,E,1,15,0.7,-4.9,M,44.7,M,,*69
11258 1658409072 0 7 $GNGGA,131111.000,4423.26155,N,00856.58076,E,1,15,0.7,-4.9,M,44.7,M,,*67
11259 1658409073 0 3 2.793 4.978
11260 1658409073 0 1 0.241
11261 1658409073 0 4 2.591 1.446
11262 1658409073 0 5 0.02
11263 1658409073 0 6 0.11
11264 1658409074 0 8 4.997 12.304 11.89
11265 1658409074 0 0 24.71 8.23 138.4 67.31 121.9 7.86 17.8 0.0 392.9 11.01 45.83 1.1
11266 1658409074 0 7 $GNGGA,131112.000,4423.26155,N,00856.58082,E,1,15,0.7,-4.8,M,44.7,M,,*6E
11267 1658409075 0 7 $GNGGA,131114.000,4423.26162,N,00856.58092,E,1,15,0.7,-4.8,M,44.7,M,,*6D
11268 1658409076 0 3 2.792 4.978
11269 1658409076 0 4 2.592 1.444
11270 1658409076 0 1 0.354
11271 1658409076 0 5 0.02
11272 1658409076 0 6 0.11
11273 1658409077 0 8 4.997 12.304 11.89
11274 1658409077 0 0 24.56 8.23 138.3 67.26 122.0 7.88 17.7 0.0 387.7 11.04 45.80 1.1
11275 1658409077 0 7 $GNGGA,131115.000,4423.26164,N,00856.58099,E,1,15,0.7,-4.8,M,44.7,M,,*61
11276 1658409077 0 7 $GNGGA,131116.000,4423.26167,N,00856.58105,E,1,15,0.7,-4.8,M,44.7,M,,*65
11277 1658409078 0 7 $GNGGA,131117.000,4423.26171,N,00856.58110,E,1,15,0.7,-4.7,M,44.7,M,,*68
11278 1658409079 0 3 2.790 4.978
11279 1658409079 0 1 0.673
11280 1658409079 0 4 2.589 1.446
11281 1658409079 0 5 0.02
11282 1658409079 0 6 0.11
11283 1658409080 0 8 4.997 12.313 11.89
11284 1658409080 0 0 24.77 8.23 138.2 67.28 122.2 7.87 17.6 0.0 369.9 9.62 45.81 1.1
11285 1658409080 0 7 $GNGGA,131118.000,4423.26173,N,00856.58115,E,1,15,0.7,-4.7,M,44.7,M,,*60
11286 1658409081 0 7 $GNGGA,131120.000,4423.26178,N,00856.58127,E,1,15,0.7,-4.7,M,44.7,M,,*61
11287 1658409082 0 3 2.789 4.978
11288 1658409082 0 4 2.589 1.449
11289 1658409082 0 1 0.246
11290 1658409082 0 5 0.02
11291 1658409082 0 6 0.11
11292 1658409083 0 8 4.997 12.313 11.89
11293 1658409083 0 0 25.44 8.22 138.2 66.98 122.5 7.82 17.2 0.0 322.8 7.79 45.56 1.1
11294 1658409083 0 7 $GNGGA,131121.000,4423.26180,N,00856.58131,E,1,15,0.7,-4.7,M,44.7,M,,*60
11295 1658409084 0 7 $GNGGA,131123.000,4423.26187,N,00856.58144,E,1,15,0.7,-4.8,M,44.7,M,,*68
11296 1658409085 0 3 2.787 4.978
11297 1658409085 0 1 1.159
11298 1658409085 0 4 2.588 1.449
11299 1658409085 0 5 0.02
11300 1658409085 0 6 0.11
11301 1658409086 0 8 4.997 12.313 11.89
11302 1658409086 0 0 26.32 8.22 138.0 67.39 122.5 7.69 16.9 0.0 292.0 6.57 45.85 1.2
11303 1658409086 0 7 $GNGGA,131124.000,4423.26192,N,00856.58150,E,1,15,0.7,-4.7,M,44.7,M,,*61
11304 1658409087 0 7 $GNGGA,131126.000,4423.26196,N,00856.58160,E,1,15,0.7,-4.7,M,44.7,M,,*64
11305 1658409088 0 3 2.785 4.978
11306 1658409088 0 1 0.379
11307 1658409088 0 4 2.586 1.446
11308 1658409088 0 5 0.02
11309 1658409088 0 6 0.11
11310 1658409089 0 8 4.997 12.304 11.89
11311 1658409089 0 0 27.08 8.21 137.8 67.39 123.7 7.67 16.5 0.0 284.9 5.05 45.83 1.2
11312 1658409089 0 7 $GNGGA,131127.000,4423.26200,N,00856.58163,E,1,15,0.7,-4.7,M,44.7,M,,*6A
11313 1658409090 0 7 $GNGGA,131129.000,4423.26204,N,00856.58169,E,1,15,0.7,-4.7,M,44.7,M,,*6A
11314 1658409091 0 3 2.782 4.978
11315 1658409091 0 4 2.584 1.449
11316 1658409091 0 1 0.307
11317 1658409091 0 5 0.02
11318 1658409091 0 6 0.10
11319 1658409092 0 8 4.997 12.304 11.89
11320 1658409092 0 0 27.80 8.21 137.7 67.42 124.8 7.65 16.4 0.0 274.5 3.56 45.83 1.2
11321 1658409092 0 7 $GNGGA,131130.000,4423.26207,N,00856.58173,E,1,15,0.7,-4.7,M,44.7,M,,*6A
11322 1658409093 0 7 $GNGGA,131132.000,4423.26210,N,00856.58180,E,1,15,0.7,-4.6,M,44.7,M,,*63
11323 1658409094 0 3 2.779 4.978
11324 1658409094 0 1 0.205
11325 1658409094 0 4 2.583 1.449
11326 1658409094 0 5 0.02
11327 1658409094 0 6 0.10
11328 1658409095 0 8 4.997 12.304 11.89
11329 1658409095 0 0 28.13 8.21 137.4 67.51 125.9 7.67 16.3 0.0 270.8 2.79 45.89 1.3
11330 1658409095 0 7 $GNGGA,131133.000,4423.26212,N,00856.58184,E,1,15,0.7,-4.6,M,44.7,M,,*64
11331 1658409096 0 7 $GNGGA,131135.000,4423.26214,N,00856.58191,E,1,15,0.7,-4.6,M,44.7,M,,*60
11332 1658409097 0 3 2.760 4.978
11333 1658409097 0 4 2.582 1.451
11334 1658409097 0 1 0.232
11335 1658409097 0 5 0.02
11336 1658409097 0 6 0.10
11337 1658409098 0 8 4.997 12.295 11.91
11338 1658409098 0 0 28.22 8.21 137.3 67.70 127.0 7.73 16.4 0.0 270.6 2.11 46.03 1.3
11339 1658409098 0 7 $GNGGA,131136.000,4423.26217,N,00856.58193,E,1,15,0.7,-4.6,M,44.7,M,,*62
11340 1658409099 0 7 $GNGGA,131138.000,4423.26221,N,00856.58192,E,1,15,0.7,-4.6,M,44.7,M,,*68
11341 1658409100 0 3 2.642 4.978
11342 1658409100 0 1 0.115
11343 1658409100 0 4 2.576 1.454
11344 1658409100 0 5 0.02
11345 1658409100 0 6 0.10
11346 1658409101 0 8 4.997 11.853 11.89
11347 1658409101 0 0 28.33 8.21 137.2 67.71 128.0 7.77 16.4 0.0 267.6 1.53 46.03 1.3
11348 1658409101 0 7 $GNGGA,131139.000,4423.26222,N,00856.58192,E,1,15,0.7,-4.5,M,44.7,M,,*69
11349 1658409102 0 7 $GNGGA,131141.000,4423.26224,N,00856.58191,E,1,15,0.7,-4.4,M,44.7,M,,*62
11350 1658409103 0 3 2.602 4.978
11351 1658409103 0 4 2.563 1.456
11352 1658409103 0 1 0.162
11353 1658409103 0 5 0.02
11354 1658409103 0 6 0.10
11355 1658409104 0 8 4.997 12.079 11.89
11356 1658409104 0 0 28.42 8.21 137.0 67.93 129.0 7.81 16.4 0.0 265.9 0.99 46.20 1.3
11357 1658409104 0 7 $GNGGA,131142.000,4423.26225,N,00856.58192,E,1,15,0.7,-4.4,M,44.7,M,,*63
11358 1658409105 0 7 $GNGGA,131144.000,4423.26229,N,00856.58197,E,1,15,0.7,-4.4,M,44.7,M,,*6C
11359 1658409106 0 3 2.601 4.978
11360 1658409106 0 1 0.474
11361 1658409106 0 4 2.567 1.471
11362 1658409106 0 5 0.02
11363 1658409107 0 6 0.10
11364 1658409107 0 8 4.997 12.276 11.91
11365 1658409107 0 0 28.46 8.21 136.9 67.79 129.7 7.85 16.5 0.0 266.0 0.73 46.09 1.3
11366 1658409107 0 7 $GNGGA,131145.000,4423.26232,N,00856.58200,E,1,15,0.7,-4.4,M,44.7,M,,*6A
11367 1658409108 0 7 $GNGGA,131147.000,4423.26237,N,00856.58206,E,1,15,0.7,-4.4,M,44.7,M,,*6B
11368 1658409109 0 3 2.599 4.978
11369 1658409109 0 4 2.563 1.479
11370 1658409109 0 1 0.152
11371 1658409109 0 5 0.02
11372 1658409109 0 6 0.10
11373 1658409110 0 8 4.997 12.069 11.87
11374 1658409110 0 0 28.47 8.20 136.8 67.90 130.2 7.88 16.5 0.0 268.0 0.82 46.18 1.3
11375 1658409110 0 7 $GNGGA,131148.000,4423.26237,N,00856.58207,E,1,16,0.7,-4.4,M,44.7,M,,*66
11376 1658409111 0 7 $GNGGA,131150.000,4423.26241,N,00856.58212,E,1,16,0.7,-4.4,M,44.7,M,,*6A
