/home/danielacabiddu/Devel/src/MATRAC/test/tuttomatrac/data/porto_grid.mesh
7361 1658392483 0 7 $GNGGA,083442.000,4424.41722,N,00855.12486,E,1,09,1.2,-0.9,M,44.7,M,,*67
7362 1658392484 0 7 $GNGGA,083443.000,4424.41723,N,00855.12475,E,1,09,1.2,-0.9,M,44.7,M,,*6B
7363 1658392484 0 3 2.606 4.979
7364 1658392484 0 4 2.576 1.651
7365 1658392485 0 5 0.91
7366 1658392485 0 6 0.09
7367 1658392485 0 8 4.997 9.813 9.58
7368 1658392485 0 1 1.314
7369 1658392485 0 0 26.70 8.21 135.7 67.55 136.6 8.52 17.6 0.0 229.2 0.59 45.97 1.2
7370 1658392485 0 7 $GNGGA,083444.000,4424.41760,N,00855.12416,E,1,09,1.2,-0.6,M,44.7,M,,*61
7371 1658392486 0 7 $GNGGA,083445.000,4424.41787,N,00855.12374,E,1,09,1.2,-0.5,M,44.7,M,,*69
7372 1658392487 0 7 $GNGGA,083446.000,4424.41814,N,00855.12340,E,1,09,1.2,-0.4,M,44.7,M,,*69
7373 1658392487 0 3 2.607 4.979
7374 1658392487 0 4 2.572 1.624
7375 1658392488 0 5 0.91
7376 1658392488 0 6 0.09
7377 1658392488 0 8 4.994 9.803 9.58
7378 1658392488 0 1 1.368
7379 1658392488 0 0 26.73 8.21 135.6 67.52 136.6 8.51 17.6 0.0 230.7 0.60 45.95 1.2
7380 1658392488 0 7 $GNGGA,083447.000,4424.41838,N,00855.12296,E,1,09,1.2,-0.5,M,44.7,M,,*6D
7381 1658392489 0 7 $GNGGA,083448.000,4424.41867,N,00855.12254,E,1,09,1.2,-1.0,M,44.7,M,,*62
7382 1658392490 0 7 $GNGGA,083449.000,4424.41888,N,00855.12208,E,1,09,1.2,-1.8,M,44.7,M,,*63
7383 1658392490 0 3 2.607 4.979
7384 1658392490 0 4 2.574 1.586
7385 1658392491 0 5 0.92
7386 1658392491 0 6 0.09
7387 1658392491 0 8 4.994 9.813 9.58
7388 1658392491 0 1 1.446
7389 1658392491 0 2 0.03430000 8.18270015 2.23489999 0.06290000 2.72720003 0.00400000 0.10760000 0.15199999 1.00000000 78.04699707
7390 1658392491 0 7 $GNGGA,083450.000,4424.41903,N,00855.12154,E,1,09,1.2,-2.8,M,44.7,M,,*60
7391 1658392492 0 7 $GNGGA,083451.000,4424.41918,N,00855.12121,E,1,09,1.2,-3.5,M,44.7,M,,*65
7392 1658392493 0 7 $GNGGA,083452.000,4424.41936,N,00855.12096,E,1,09,1.2,-4.0,M,44.7,M,,*65
7393 1658392493 0 3 2.607 4.979
7394 1658392493 0 4 2.570 1.581
7395 1658392494 0 5 0.92
7396 1658392494 0 6 0.09
7397 1658392494 0 8 4.994 9.813 9.58
7398 1658392494 0 1 1.475
7399 1658392494 0 0 26.72 8.20 135.3 67.51 136.5 8.51 17.6 0.0 234.9 0.60 45.94 1.2
7400 1658392494 0 7 $GNGGA,083453.000,4424.41957,N,00855.12069,E,1,10,1.0,-4.5,M,44.7,M,,*6C
7401 1658392496 0 7 $GNGGA,083455.000,4424.41990,N,00855.12056,E,1,10,1.0,-4.4,M,44.7,M,,*6C
7402 1658392496 0 3 2.607 4.979
7403 1658392496 0 4 2.570 1.586
7404 1658392497 0 5 0.93
7405 1658392497 0 6 0.09
7407 1658392497 0 1 2.218
7408 1658392497 0 0 26.72 8.21 135.2 67.61 136.4 8.50 17.7 0.0 237.4 0.60 46.01 1.2
7409 1658392497 0 7 $GNGGA,083456.000,4424.42008,N,00855.12049,E,1,10,1.0,-4.5,M,44.7,M,,*6B
7410 1658392498 0 7 $GNGGA,083457.000,4424.42019,N,00855.12049,E,1,10,1.0,-4.5,M,44.7,M,,*6A
7412 1658392499 0 3 2.607 4.979
7413 1658392499 0 4 2.516 1.594
7414 1658392500 0 5 0.94
7415 1658392500 0 6 0.10
7416 1658392500 0 8 4.994 9.813 9.58
7417 1658392500 0 1 5.398
7418 1658392500 0 0 26.69 8.08 142.0 46.50 136.3 9.29 18.1 0.0 74.6 0.40 30.14 0.9
7419 1658392500 0 7 $GNGGA,083459.000,4424.42055,N,00855.12053,E,1,10,1.0,-5.0,M,44.7,M,,*63
7420 1658392501 0 7 $GNGGA,083500.000,4424.42059,N,00855.12045,E,1,10,1.0,-5.0,M,44.7,M,,*65
7421 1658392502 0 7 $GNGGA,083501.000,4424.42070,N,00855.12039,E,1,10,1.0,-4.9,M,44.7,M,,*6C
7422 1658392502 0 3 2.607 4.979
7423 1658392502 0 4 2.513 1.586
7424 1658392503 0 5 0.95
7425 1658392503 0 6 0.10
7426 1658392503 0 8 4.994 9.813 9.58
7427 1658392503 0 1 1.051
7428 1658392503 0 0 26.57 8.15 132.7 0.222 136.3 11.02 5.5 0.0 30.8 0.41 0.10 0.4
7429 1658392503 0 7 $GNGGA,083502.000,4424.42076,N,00855.12034,E,1,10,1.0,-4.9,M,44.7,M,,*64
7430 1658392504 0 7 $GNGGA,083503.000,4424.42081,N,00855.12027,E,1,10,1.0,-4.9,M,44.7,M,,*6F
7431 1658392505 0 7 $GNGGA,083504.000,4424.42086,N,00855.12022,E,1,10,1.0,-4.9,M,44.7,M,,*6A
7432 1658392505 0 3 2.607 4.979
7433 1658392505 0 4 2.512 1.594
7434 1658392506 0 5 0.95
7435 1658392506 0 6 0.10
7436 1658392506 0 8 4.994 9.803 9.58
7437 1658392506 0 1 0.980
7438 1658392506 0 0 26.48 8.08 134.7 0.067 136.2 11.04 4.8 0.0 25.7 0.41 0.03 0.3
7439 1658392506 0 7 $GNGGA,083505.000,4424.42090,N,00855.12017,E,1,10,1.0,-5.0,M,44.7,M,,*62
7440 1658392507 0 7 $GNGGA,083506.000,4424.42094,N,00855.12012,E,1,10,1.0,-5.1,M,44.7,M,,*61
7441 1658392508 0 7 $GNGGA,083507.000,4424.42101,N,00855.12009,E,1,10,1.0,-5.2,M,44.7,M,,*64
7442 1658392508 0 3 2.606 4.979
7443 1658392508 0 4 2.509 1.589
7444 1658392509 0 5 0.96
7445 1658392509 0 6 0.11
7446 1658392509 0 8 4.994 9.813 9.58
7447 1658392509 0 1 0.825
7448 1658392509 0 0 26.36 7.95 138.2 0.055 136.2 11.06 4.1 0.0 20.0 0.41 0.03 0.2
7449 1658392509 0 7 $GNGGA,083508.000,4424.42122,N,00855.11992,E,1,10,1.0,-5.3,M,44.7,M,,*63
7450 1658392510 0 7 $GNGGA,083509.000,4424.42142,N,00855.11972,E,1,10,1.0,-5.5,M,44.7,M,,*6C
7451 1658392511 0 7 $GNGGA,083510.000,4424.42158,N,00855.11965,E,1,10,1.0,-5.6,M,44.7,M,,*6A
7452 1658392511 0 3 2.607 4.979
7453 1658392511 0 4 2.505 1.589
7454 1658392512 0 5 0.96
7455 1658392512 0 6 0.11
7456 1658392512 0 8 4.994 9.803 9.58
7457 1658392512 0 1 1.240
7458 1658392512 0 0 26.28 7.84 144.7 0.050 136.1 11.07 3.7 0.0 19.3 0.41 0.03 0.1
7459 1658392512 0 7 $GNGGA,083511.000,4424.42169,N,00855.11960,E,1,10,1.0,-5.7,M,44.7,M,,*6D
7460 1658392513 0 7 $GNGGA,083512.000,4424.42178,N,00855.11953,E,1,10,1.0,-5.8,M,44.7,M,,*61
7461 1658392514 0 7 $GNGGA,083513.000,4424.42188,N,00855.11948,E,1,10,1.0,-5.9,M,44.7,M,,*64
7462 1658392514 0 3 2.606 4.979
7463 1658392514 0 4 2.504 1.589
7464 1658392515 0 5 0.97
7465 1658392515 0 6 0.12
7466 1658392515 0 8 4.994 9.813 9.58
7467 1658392515 0 1 2.261
7468 1658392515 0 0 26.21 7.79 147.1 0.045 136.1 11.08 3.3 0.0 18.0 0.41 0.02 0.1
7469 1658392515 0 7 $GNGGA,083514.000,4424.42199,N,00855.11942,E,1,10,1.0,-6.0,M,44.7,M,,*63
7470 1658392516 0 7 $GNGGA,083515.000,4424.42214,N,00855.11934,E,1,10,1.0,-6.1,M,44.7,M,,*64
7471 1658392517 0 7 $GNGGA,083516.000,4424.42225,N,00855.11931,E,1,10,1.0,-6.2,M,44.7,M,,*63
7472 1658392517 0 3 2.606 4.979
7473 1658392517 0 4 2.503 1.589
7474 1658392518 0 5 0.97
7475 1658392518 0 6 0.12
7476 1658392518 0 8 4.994 9.813 9.58
7477 1658392518 0 1 1.234
7478 1658392518 0 0 26.13 7.72 152.2 0.043 136.0 11.09 2.6 0.0 11.5 0.41 0.02 0.0
7479 1658392518 0 7 $GNGGA,083517.000,4424.42234,N,00855.11929,E,1,10,1.0,-6.2,M,44.7,M,,*6B
7480 1658392519 0 7 $GNGGA,083518.000,4424.42240,N,00855.11927,E,1,10,1.0,-6.3,M,44.7,M,,*68
7481 1658392520 0 7 $GNGGA,083519.000,4424.42248,N,00855.11924,E,1,10,1.0,-6.3,M,44.7,M,,*62
7482 1658392520 0 3 2.606 4.979
7488 1658392521 0 0 26.06 7.59 162.0 0.042 135.9 11.10 2.7 0.0 10.7 0.41 0.02 0.0
7490 1658392522 0 7 $GNGGA,083521.000,4424.42262,N,00855.11914,E,1,10,1.0,-6.5,M,44.7,M,,*64
7491 1658392523 0 7 $GNGGA,083522.000,4424.42268,N,00855.11906,E,1,10,1.0,-6.5,M,44.7,M,,*6E
7493 1658392523 0 4 2.503 1.584
7494 1658392524 0 5 0.98
7498 1658392524 0 0 26.04 7.48 170.0 0.041 135.7 11.09 2.9 0.0 15.3 0.41 0.02 0.0
7500 1658392525 0 7 $GNGGA,083524.000,4424.42281,N,00855.11901,E,1,10,1.0,-6.6,M,44.7,M,,*6B
7502 1658392526 0 3 2.606 4.979
7503 1658392526 0 4 2.503 1.581
7504 1658392527 0 5 0.97
7505 1658392527 0 6 0.11
7506 1658392527 0 8 4.997 9.888 9.58
7510 1658392528 0 7 $GNGGA,083527.000,4424.42307,N,00855.11864,E,1,10,1.0,-7.0,M,44.7,M,,*62
7511 1658392529 0 7 $GNGGA,083528.000,4424.42315,N,00855.11858,E,1,10,1.0,-7.1,M,44.7,M,,*60
7512 1658392529 0 3 2.607 4.979
7516 1658392530 0 8 4.994 9.898 9.58
7517 1658392530 0 1 0.052
7518 1658392530 0 0 26.04 7.46 175.0 0.038 135.4 11.06 2.9 0.0 9.5 0.41 0.02 0.0
7520 1658392531 0 7 $GNGGA,083530.000,4424.42329,N,00855.11845,E,1,10,1.0,-7.2,M,44.7,M,,*69
7521 1658392532 0 7 $GNGGA,083531.000,4424.42337,N,00855.11839,E,1,10,1.0,-7.3,M,44.7,M,,*6D
7523 1658392532 0 4 2.503 1.544
7528 1658392533 0 0 26.03 7.43 176.4 0.037 135.2 11.04 2.3 0.0 7.6 0.41 0.02 0.0
7529 1658392533 0 7 $GNGGA,083532.000,4424.42344,N,00855.11831,E,1,10,1.0,-7.3,M,44.7,M,,*62
7531 1658392535 0 7 $GNGGA,083534.000,4424.42354,N,00855.11815,E,1,10,1.0,-7.5,M,44.7,M,,*65
7532 1658392535 0 3 2.606 4.979
7534 1658392536 0 5 0.99
7535 1658392536 0 6 0.12
7536 1658392536 0 8 4.994 9.879 9.58
7537 1658392536 0 1 0.094
7541 1658392538 0 7 $GNGGA,083537.000,4424.42372,N,00855.11796,E,1,10,1.0,-7.6,M,44.7,M,,*65
7542 1658392538 0 3 2.607 4.979
7546 1658392539 0 8 4.994 9.888 9.56
7547 1658392539 0 1 0.075
7548 1658392539 0 0 25.98 7.28 186.1 0.035 134.8 11.02 2.3 0.0 10.0 0.41 0.02 0.0
7551 1658392541 0 7 $GNGGA,083540.000,4424.42412,N,00855.11765,E,1,10,1.0,-7.6,M,44.7,M,,*68
7553 1658392541 0 4 2.503 1.499
7554 1658392542 0 5 0.99
7555 1658392542 0 6 0.12
7556 1658392542 0 8 4.997 9.888 9.58
7557 1658392542 0 1 0.087
7558 1658392542 0 0 25.98 7.25 189.4 0.034 134.4 10.99 2.5 0.0 9.0 0.41 0.02 0.0
7559 1658392542 0 7 $GNGGA,083541.000,4424.42419,N,00855.11758,E,1,10,1.0,-7.6,M,44.7,M,,*6C
7560 1658392543 0 7 $GNGGA,083542.000,4424.42428,N,00855.11752,E,1,10,1.0,-7.7,M,44.7,M,,*66
7561 1658392544 0 7 $GNGGA,083543.000,4424.42432,N,00855.11741,E,1,10,1.0,-7.7,M,44.7,M,,*6E
7562 1658392544 0 3 2.606 4.979
7563 1658392544 0 4 2.503 1.499
7564 1658392545 0 5 0.99
7565 1658392545 0 6 0.12
7568 1658392545 0 0 25.99 7.34 185.3 0.034 134.1 10.96 1.7 0.0 5.1 0.41 0.02 0.0
7569 1658392545 0 7 $GNGGA,083544.000,4424.42440,N,00855.11733,E,1,10,1.0,-7.7,M,44.7,M,,*69
7570 1658392546 0 7 $GNGGA,083545.000,4424.42446,N,00855.11729,E,1,10,1.0,-7.7,M,44.7,M,,*65
7571 1658392547 0 7 $GNGGA,083546.000,4424.42451,N,00855.11726,E,1,10,1.0,-7.8,M,44.7,M,,*60
7572 1658392547 0 3 2.607 4.979
7574 1658392548 0 5 0.99
7575 1658392548 0 6 0.12
7576 1658392548 0 8 4.997 9.888 9.58
7577 1658392548 0 1 0.059
7581 1658392550 0 7 $GNGGA,083549.000,4424.42472,N,00855.11720,E,1,10,1.0,-7.8,M,44.7,M,,*68
7582 1658392550 0 3 2.607 4.979
7583 1658392551 0 4 2.503 1.462
7584 1658392551 0 5 1.00
7586 1658392551 0 8 4.997 9.888 9.58
7587 1658392551 0 1 0.755
7588 1658392551 0 0 26.02 7.28 189.1 0.033 133.2 10.89 1.6 0.0 6.0 0.41 0.02 0.0
7591 1658392553 0 7 $GNGGA,083552.000,4424.42503,N,00855.11695,E,1,10,1.0,-8.0,M,44.7,M,,*6D
7593 1658392553 0 4 2.504 1.472
7594 1658392554 0 5 1.00
7595 1658392554 0 6 0.13
7598 1658392554 0 0 26.02 7.34 187.2 0.032 132.9 10.86 1.8 0.0 6.1 0.41 0.02 0.0
7599 1658392554 0 7 $GNGGA,083553.000,4424.42510,N,00855.11691,E,1,10,1.0,-8.0,M,44.7,M,,*6A
7600 1658392555 0 7 $GNGGA,083554.000,4424.42516,N,00855.11683,E,1,10,1.0,-8.0,M,44.7,M,,*68
7601 1658392556 0 7 $GNGGA,083555.000,4424.42523,N,00855.11675,E,1,10,1.0,-8.1,M,44.7,M,,*67
7602 1658392556 0 3 2.603 4.979
7604 1658392557 0 5 1.00
7605 1658392557 0 6 0.12
7606 1658392557 0 8 4.997 9.898 9.58
7607 1658392557 0 1 0.035
7610 1658392558 0 7 $GNGGA,083557.000,4424.42536,N,00855.11663,E,1,10,1.0,-8.1,M,44.7,M,,*66
7611 1658392559 0 7 $GNGGA,083558.000,4424.42541,N,00855.11651,E,1,10,1.0,-8.1,M,44.7,M,,*68
7612 1658392559 0 3 2.602 4.979
7613 1658392560 0 4 2.503 1.476
7614 1658392560 0 5 1.00
7615 1658392560 0 6 0.12
7616 1658392560 0 8 4.997 9.879 9.54
7617 1658392560 0 1 0.079
7618 1658392560 0 0 26.02 7.28 192.1 0.032 132.1 10.79 1.7 0.0 6.7 0.41 0.02 0.0
7621 1658392562 0 7 $GNGGA,083601.000,4424.42578,N,00855.11594,E,1,10,1.0,-8.2,M,44.7,M,,*64
7622 1658392562 0 3 2.591 4.979
7625 1658392563 0 6 0.12
7626 1658392563 0 8 4.994 9.596 9.54
7627 1658392563 0 1 0.184
7628 1658392563 0 0 26.05 7.19 197.6 0.031 131.7 10.76 1.9 0.0 8.0 0.41 0.02 0.0
7630 1658392564 0 7 $GNGGA,083603.000,4424.42641,N,00855.11524,E,1,10,1.0,-8.1,M,44.7,M,,*67
7631 1658392565 0 7 $GNGGA,083604.000,4424.42676,N,00855.11464,E,1,10,1.0,-8.3,M,44.7,M,,*63
7632 1658392565 0 3 2.592 4.979
7633 1658392566 0 4 2.502 1.476
7634 1658392566 0 5 1.01
7638 1658392566 0 0 26.08 7.21 198.0 0.031 131.4 10.72 1.8 0.0 6.5 0.41 0.02 0.0
7639 1658392566 0 7 $GNGGA,083605.000,4424.42708,N,00855.11402,E,1,10,1.0,-8.8,M,44.7,M,,*61
7640 1658392567 0 7 $GNGGA,083606.000,4424.42747,N,00855.11338,E,1,10,1.0,-9.1,M,44.7,M,,*6F
7642 1658392568 0 3 2.591 4.979
7643 1658392569 0 4 2.502 1.442
7644 1658392569 0 5 1.01
7645 1658392569 0 6 0.13
7646 1658392569 0 8 4.994 9.615 9.54
7649 1658392569 0 7 $GNGGA,083608.000,4424.42820,N,00855.11182,E,1,10,1.0,-9.7,M,44.7,M,,*6A
7651 1658392571 0 7 $GNGGA,083610.000,4424.42894,N,00855.11045,E,1,10,1.0,-9.9,M,44.7,M,,*68
7652 1658392571 0 3 2.591 4.979
7655 1658392572 0 6 0.13
7656 1658392572 0 8 4.994 9.596 9.58
7657 1658392572 0 1 0.178
7658 1658392572 0 0 26.10 7.15 202.0 0.031 130.7 10.66 1.5 0.0 5.4 0.41 0.02 0.0
7661 1658392574 0 7 $GNGGA,083613.000,4424.43004,N,00855.10860,E,1,10,1.0,-9.5,M,44.7,M,,*69
7663 1658392575 0 4 2.502 1.471
7664 1658392575 0 5 1.02
7668 1658392575 0 0 26.13 7.25 198.2 0.030 130.4 10.63 1.9 0.0 7.4 0.40 0.02 0.0
7669 1658392575 0 7 $GNGGA,083614.000,4424.43048,N,00855.10775,E,1,10,1.0,-9.4,M,44.7,M,,*6C
7671 1658392577 0 7 $GNGGA,083616.000,4424.43138,N,00855.10634,E,1,10,1.0,-9.2,M,44.7,M,,*6A
7672 1658392577 0 3 2.592 4.979
7673 1658392578 0 4 2.503 1.471
7674 1658392578 0 5 1.03
7675 1658392578 0 6 0.15
7676 1658392578 0 8 4.997 9.879 9.58
7679 1658392578 0 7 $GNGGA,083617.000,4424.43171,N,00855.10573,E,1,10,1.0,-8.8,M,44.7,M,,*6D
7681 1658392580 0 7 $GNGGA,083619.000,4424.43215,N,00855.10490,E,1,10,1.0,-8.1,M,44.7,M,,*67
7682 1658392580 0 3 2.591 4.979
7686 1658392581 0 8 4.997 9.879 9.58
7687 1658392581 0 1 0.047
7688 1658392581 0 0 26.32 7.34 195.5 0.030 129.7 10.54 2.1 0.0 9.1 0.40 0.02 0.0
7690 1658392582 0 7 $GNGGA,083621.000,4424.43292,N,00855.10312,E,1,10,1.0,-7.7,M,44.7,M,,*67
7691 1658392583 0 7 $GNGGA,083622.000,4424.43339,N,00855.10234,E,1,10,1.0,-7.7,M,44.7,M,,*61
7693 1658392584 0 4 2.502 1.469
7694 1658392584 0 5 1.03
7698 1658392584 0 7 $GNGGA,083623.000,4424.43393,N,00855.10173,E,1,10,1.0,-7.7,M,44.7,M,,*60
7700 1658392586 0 7 $GNGGA,083625.000,4424.43502,N,00855.10016,E,1,10,1.0,-7.6,M,44.7,M,,*6B
7701 1658392586 0 3 2.590 4.979
7702 1658392587 0 4 2.502 1.469
7703 1658392587 0 5 1.02
7704 1658392587 0 6 0.14
7705 1658392587 0 8 4.997 9.935 9.58
7708 1658392588 0 7 $GNGGA,083627.000,4424.43619,N,00855.09915,E,1,10,1.0,-7.4,M,44.7,M,,*60
7709 1658392589 0 7 $GNGGA,083628.000,4424.43681,N,00855.09900,E,1,10,1.0,-7.1,M,44.7,M,,*6F
7710 1658392589 0 3 2.592 4.979
7714 1658392590 0 8 4.997 9.935 9.58
7715 1658392590 0 0 26.60 7.45 192.4 0.029 129.0 10.43 2.0 0.0 8.5 0.40 0.02 0.0
7716 1658392590 0 7 $GNGGA,083629.000,4424.43741,N,00855.09887,E,1,10,1.0,-6.9,M,44.7,M,,*64
7717 1658392591 0 7 $GNGGA,083630.000,4424.43804,N,00855.09856,E,1,10,1.0,-6.4,M,44.7,M,,*63
7718 1658392592 0 7 $GNGGA,083631.000,4424.43863,N,00855.09787,E,1,10,1.0,-6.4,M,44.7,M,,*60
7719 1658392592 0 3 2.591 4.979
7720 1658392593 0 4 2.502 1.469
7724 1658392593 0 0 26.63 7.47 191.9 0.029 128.9 10.41 2.1 0.0 10.1 0.40 0.02 0.0
7725 1658392593 0 7 $GNGGA,083632.000,4424.43912,N,00855.09724,E,1,10,1.0,-6.3,M,44.7,M,,*6A
7729 1658392595 0 3 2.593 4.979
8371 1658392790 0 7 $GNGGA,083949.000,4424.50558,N,00855.13911,E,1,11,0.9,5.4,M,44.7,M,,*4A
8372 1658392790 0 3 2.578 4.979
8373 1658392791 0 4 2.534 1.325
8374 1658392791 0 5 1.03
8375 1658392791 0 6 0.12
8376 1658392791 0 8 4.997 9.794 9.56
8377 1658392791 0 1 2.998
8378 1658392791 0 0 26.50 8.19 143.4 67.30 130.5 8.17 17.9 0.0 435.8 0.51 45.78 1.2
8379 1658392791 0 7 $GNGGA,083950.000,4424.50569,N,00855.13929,E,1,11,0.9,5.4,M,44.7,M,,*4B
8380 1658392793 0 7 $GNGGA,083952.000,4424.50588,N,00855.13951,E,1,11,0.9,5.4,M,44.7,M,,*49
8381 1658392793 0 3 2.579 4.979
8382 1658392794 0 4 2.530 1.340
8383 1658392794 0 5 1.03
8384 1658392794 0 6 0.12
8385 1658392794 0 8 4.997 9.492 9.51
8386 1658392794 0 1 2.362
8387 1658392794 0 0 26.49 8.19 143.1 67.40 129.3 8.09 17.9 0.0 432.9 0.52 45.85 1.2
8388 1658392794 0 7 $GNGGA,083953.000,4424.50602,N,00855.13959,E,1,11,0.9,5.5,M,44.7,M,,*40
8389 1658392795 0 7 $GNGGA,083954.000,4424.50614,N,00855.13969,E,1,11,0.9,5.4,M,44.7,M,,*42
8390 1658392796 0 7 $GNGGA,083955.000,4424.50630,N,00855.13984,E,1,11,0.9,5.4,M,44.7,M,,*46
8391 1658392796 0 3 2.579 4.979
8392 1658392797 0 4 2.535 1.350
8393 1658392797 0 5 1.03
8394 1658392797 0 6 0.12
8395 1658392797 0 8 4.997 9.794 9.56
8396 1658392797 0 1 2.386
8397 1658392798 0 0 26.52 8.19 142.7 67.36 128.8 8.06 17.8 0.0 433.5 0.46 45.82 1.2
8398 1658392798 0 7 $GNGGA,083956.000,4424.50644,N,00855.13999,E,1,11,0.9,5.4,M,44.7,M,,*4A
8399 1658392799 0 7 $GNGGA,083958.000,4424.50671,N,00855.14008,E,1,11,0.9,5.5,M,44.7,M,,*45
8400 1658392799 0 3 2.579 4.979
8401 1658392800 0 4 2.532 1.384
8402 1658392800 0 5 1.03
8403 1658392800 0 6 0.12
8404 1658392800 0 8 4.997 9.766 9.56
8405 1658392800 0 1 2.389
8406 1658392800 0 0 26.51 8.19 142.4 67.40 129.4 8.10 17.8 0.0 432.3 0.50 45.85 1.2
8407 1658392800 0 7 $GNGGA,083959.000,4424.50685,N,00855.14013,E,1,11,0.9,5.5,M,44.7,M,,*45
8408 1658392801 0 7 $GNGGA,084000.000,4424.50691,N,00855.14016,E,1,11,0.9,5.5,M,44.7,M,,*47
8409 1658392802 0 7 $GNGGA,084001.000,4424.50703,N,00855.14022,E,1,11,0.9,5.5,M,44.7,M,,*4B
8410 1658392802 0 3 2.578 4.979
8411 1658392803 0 4 2.535 1.375
8412 1658392803 0 5 1.03
8413 1658392803 0 6 0.12
8414 1658392803 0 8 4.997 9.473 9.54
8415 1658392803 0 1 2.415
8416 1658392803 0 0 26.52 8.19 142.2 67.44 129.8 8.12 17.8 0.0 431.5 0.50 45.89 1.2
8417 1658392804 0 7 $GNGGA,084002.000,4424.50737,N,00855.14032,E,1,11,0.9,5.1,M,44.7,M,,*4A
8418 1658392805 0 7 $GNGGA,084004.000,4424.50767,N,00855.14044,E,1,11,0.9,5.1,M,44.7,M,,*48
8419 1658392805 0 3 2.579 4.979
8420 1658392806 0 4 2.536 1.372
8421 1658392806 0 5 1.03
8422 1658392806 0 6 0.12
8423 1658392806 0 8 4.997 9.794 9.54
8424 1658392806 0 1 2.268
8425 1658392806 0 0 26.54 8.19 141.8 67.35 130.0 8.13 17.8 0.0 428.2 0.48 45.81 1.2
8426 1658392806 0 7 $GNGGA,084005.000,4424.50785,N,00855.14054,E,1,11,0.9,5.1,M,44.7,M,,*44
8427 1658392807 0 7 $GNGGA,084006.000,4424.50806,N,00855.14091,E,1,11,0.9,5.2,M,44.7,M,,*49
8428 1658392808 0 7 $GNGGA,084007.000,4424.50822,N,00855.14097,E,1,11,0.9,5.2,M,44.7,M,,*48
8429 1658392808 0 3 2.579 4.979
8430 1658392809 0 4 2.533 1.369
8431 1658392809 0 5 1.03
8432 1658392809 0 6 0.12
8433 1658392809 0 8 4.997 9.775 9.54
8434 1658392809 0 1 2.383
8435 1658392809 0 0 26.56 8.19 141.6 67.40 130.5 8.16 17.8 0.0 427.2 0.50 45.86 1.2
8436 1658392810 0 7 $GNGGA,084008.000,4424.50836,N,00855.14103,E,1,11,0.9,5.2,M,44.7,M,,*4E
8437 1658392811 0 7 $GNGGA,084010.000,4424.50861,N,00855.14111,E,1,11,0.9,5.2,M,44.7,M,,*46
8438 1658392811 0 3 2.579 4.979
8439 1658392812 0 4 2.532 1.372
8440 1658392812 0 5 1.03
8441 1658392812 0 6 0.12
8442 1658392812 0 8 4.997 9.464 9.51
8443 1658392812 0 1 2.531
8444 1658392812 0 0 26.54 8.19 141.4 67.42 130.7 8.17 17.8 0.0 425.7 0.51 45.87 1.2
8445 1658392812 0 7 $GNGGA,084011.000,4424.50872,N,00855.14116,E,1,11,0.9,5.2,M,44.7,M,,*42
8446 1658392813 0 7 $GNGGA,084012.000,4424.50882,N,00855.14122,E,1,11,0.9,5.2,M,44.7,M,,*49
8447 1658392814 0 7 $GNGGA,084013.000,4424.50891,N,00855.14124,E,1,11,0.9,5.2,M,44.7,M,,*4C
8448 1658392814 0 3 2.578 4.979
8449 1658392815 0 4 2.535 1.369
8450 1658392815 0 5 1.03
8451 1658392815 0 6 0.12
8452 1658392815 0 8 4.997 9.747 9.56
8453 1658392815 0 1 2.379
8454 1658392815 0 0 26.55 8.19 141.1 67.46 130.9 8.18 17.8 0.0 422.5 0.50 45.90 1.2
8455 1658392816 0 7 $GNGGA,084014.000,4424.50901,N,00855.14129,E,1,11,0.9,5.2,M,44.7,M,,*4E
8456 1658392817 0 7 $GNGGA,084016.000,4424.50907,N,00855.14132,E,1,11,0.9,5.2,M,44.7,M,,*40
8457 1658392817 0 3 2.579 4.979
8458 1658392818 0 4 2.533 1.369
8459 1658392818 0 5 1.02
8460 1658392818 0 6 0.12
8461 1658392818 0 8 4.997 9.766 9.56
8462 1658392818 0 1 3.020
8463 1658392818 0 0 26.54 8.19 140.9 67.47 131.1 8.20 17.8 0.0 420.5 0.52 45.91 1.2
8464 1658392818 0 7 $GNGGA,084017.000,4424.50911,N,00855.14134,E,1,11,0.9,5.3,M,44.7,M,,*41
8465 1658392819 0 7 $GNGGA,084018.000,4424.50917,N,00855.14141,E,1,11,0.9,5.3,M,44.7,M,,*4A
8466 1658392820 0 7 $GNGGA,084019.000,4424.50920,N,00855.14143,E,1,11,0.9,5.3,M,44.7,M,,*4D
8467 1658392820 0 3 2.579 4.979
8468 1658392821 0 4 2.535 1.372
8469 1658392821 0 5 1.02
8470 1658392821 0 6 0.11
8471 1658392821 0 8 4.997 9.766 9.54
8472 1658392821 0 1 2.381
8473 1658392821 0 0 26.55 8.19 140.7 67.43 131.2 8.20 17.8 0.0 418.6 0.50 45.87 1.2
8474 1658392822 0 7 $GNGGA,084020.000,4424.50923,N,00855.14150,E,1,11,0.9,5.3,M,44.7,M,,*46
8475 1658392823 0 7 $GNGGA,084022.000,4424.50930,N,00855.14160,E,1,11,0.9,5.3,M,44.7,M,,*45
8476 1658392823 0 3 2.579 4.979
8477 1658392824 0 4 2.564 1.367
8478 1658392824 0 5 1.01
8479 1658392824 0 6 0.11
8480 1658392824 0 8 4.997 9.850 9.56
8481 1658392824 0 0 26.55 8.19 140.4 67.49 131.3 8.21 17.8 0.0 416.4 0.50 45.93 1.2
8482 1658392824 0 7 $GNGGA,084023.000,4424.50935,N,00855.14165,E,1,11,0.9,5.4,M,44.7,M,,*43
8483 1658392825 0 7 $GNGGA,084024.000,4424.50940,N,00855.14172,E,1,11,0.9,5.4,M,44.7,M,,*40
8484 1658392826 0 7 $GNGGA,084025.000,4424.50945,N,00855.14175,E,1,11,0.9,5.5,M,44.7,M,,*42
8485 1658392826 0 3 2.610 4.979
8486 1658392827 0 4 2.639 1.422
8487 1658392827 0 5 1.01
8488 1658392827 0 6 0.11
8489 1658392827 0 8 4.997 9.813 9.56
8490 1658392827 0 0 26.28 8.19 140.1 67.59 131.4 8.24 17.9 0.0 428.0 1.06 46.01 1.2
8491 1658392827 0 7 $GNGGA,084026.000,4424.50952,N,00855.14184,E,1,11,0.9,5.5,M,44.7,M,,*49
8492 1658392828 0 7 $GNGGA,084027.000,4424.50958,N,00855.14190,E,1,11,0.9,5.6,M,44.7,M,,*44
8493 1658392829 0 7 $GNGGA,084028.000,4424.50962,N,00855.14199,E,1,11,0.9,5.7,M,44.7,M,,*4A
8494 1658392829 0 3 2.653 4.979
8495 1658392830 0 4 2.700 1.442
8496 1658392830 0 5 1.01
8497 1658392830 0 6 0.11
8498 1658392830 0 8 4.997 9.860 9.56
8499 1658392830 0 0 26.14 8.20 139.9 67.58 131.5 8.27 18.0 0.0 424.7 1.40 46.01 1.2
8500 1658392830 0 7 $GNGGA,084029.000,4424.50965,N,00855.14203,E,1,11,0.9,5.7,M,44.7,M,,*4C
8501 1658392831 0 7 $GNGGA,084030.000,4424.50967,N,00855.14207,E,1,11,0.9,5.7,M,44.7,M,,*42
8502 1658392832 0 7 $GNGGA,084031.000,4424.50971,N,00855.14217,E,1,11,0.9,5.8,M,44.7,M,,*4A
8503 1658392832 0 3 2.784 4.979
8504 1658392833 0 4 2.721 1.454
8505 1658392833 0 5 1.01
8506 1658392833 0 6 0.11
8507 1658392833 0 8 4.997 9.869 9.56
8508 1658392833 0 0 26.10 8.20 139.6 67.49 131.6 8.29 17.9 0.0 422.0 2.02 45.94 1.2
8509 1658392833 0 1 3.305
8510 1658392834 0 7 $GNGGA,084032.000,4424.50974,N,00855.14223,E,1,11,0.9,5.8,M,44.7,M,,*4B
8511 1658392835 0 7 $GNGGA,084034.000,4424.50982,N,00855.14240,E,1,11,0.9,5.9,M,44.7,M,,*40
8512 1658392835 0 3 2.789 4.979
8513 1658392836 0 4 2.725 1.457
8514 1658392836 0 5 1.01
8515 1658392836 0 6 0.11
8516 1658392836 0 8 4.997 9.784 9.56
8517 1658392836 0 1 3.563
8518 1658392836 0 0 25.92 8.20 139.5 67.52 131.8 8.32 18.0 0.0 426.6 2.68 45.97 1.2
8519 1658392836 0 7 $GNGGA,084035.000,4424.51011,N,00855.14267,E,1,11,0.9,6.5,M,44.7,M,,*49
8520 1658392837 0 7 $GNGGA,084036.000,4424.51039,N,00855.14289,E,1,11,0.9,7.0,M,44.7,M,,*44
8521 1658392838 0 7 $GNGGA,084037.000,4424.51059,N,00855.14309,E,1,11,0.9,7.4,M,44.7,M,,*4E
8522 1658392838 0 3 2.793 4.979
8523 1658392839 0 4 2.725 1.457
8524 1658392839 0 5 1.00
8525 1658392839 0 6 0.11
8526 1658392839 0 8 4.997 9.766 9.54
8527 1658392839 0 1 5.369
8528 1658392839 0 0 25.65 8.20 139.5 67.50 131.8 8.36 18.0 0.0 432.7 3.23 45.96 1.1
8529 1658392840 0 7 $GNGGA,084038.000,4424.51066,N,00855.14315,E,1,11,0.9,7.4,M,44.7,M,,*40
8530 1658392841 0 7 $GNGGA,084040.000,4424.51082,N,00855.14336,E,1,11,0.9,7.4,M,44.7,M,,*44
8531 1658392841 0 3 2.796 4.979
8532 1658392842 0 4 2.725 1.464
8533 1658392842 0 5 1.00
8534 1658392842 0 6 0.11
8535 1658392842 0 8 4.997 9.766 9.54
8536 1658392842 0 1 4.723
8537 1658392842 0 0 25.54 8.20 139.3 67.40 131.8 8.38 18.0 0.0 427.6 3.79 45.88 1.2
8538 1658392842 0 7 $GNGGA,084041.000,4424.51089,N,00855.14346,E,1,11,0.9,7.5,M,44.7,M,,*48
8539 1658392843 0 7 $GNGGA,084042.000,4424.51099,N,00855.14357,E,1,11,0.9,7.5,M,44.7,M,,*4A
8540 1658392844 0 7 $GNGGA,084043.000,4424.51107,N,00855.14364,E,1,11,0.9,7.6,M,44.7,M,,*4E
8541 1658392844 0 3 2.798 4.979
8542 1658392845 0 4 2.726 1.504
8543 1658392845 0 5 1.00
8544 1658392845 0 6 0.11
8545 1658392845 0 8 4.997 9.775 9.54
8546 1658392845 0 1 5.267
8547 1658392845 0 0 25.48 8.21 139.2 67.38 131.8 8.39 18.0 0.0 422.7 4.15 45.87 1.2
8548 1658392845 0 7 $GNGGA,084044.000,4424.51112,N,00855.14369,E,1,11,0.9,7.6,M,44.7,M,,*40
8549 1658392846 0 7 $GNGGA,084045.000,4424.51120,N,00855.14374,E,1,11,0.9,7.6,M,44.7,M,,*4C
8550 1658392847 0 7 $GNGGA,084046.000,4424.51130,N,00855.14380,E,1,11,0.9,7.7,M,44.7,M,,*44
8551 1658392847 0 3 2.799 4.979
8552 1658392848 0 4 2.725 1.509
8553 1658392848 0 5 0.99
8554 1658392848 0 6 0.11
8555 1658392848 0 8 4.997 9.775 9.54
8556 1658392848 0 1 3.988
8557 1658392848 0 0 25.43 8.21 139.0 67.42 131.7 8.38 18.0 0.0 420.3 4.43 45.90 1.2
8558 1658392848 0 7 $GNGGA,084047.000,4424.51140,N,00855.14387,E,1,11,0.9,7.7,M,44.7,M,,*45
8559 1658392849 0 7 $GNGGA,084048.000,4424.51173,N,00855.14409,E,1,11,0.9,7.8,M,44.7,M,,*44
8560 1658392850 0 7 $GNGGA,084049.000,4424.51215,N,00855.14435,E,1,11,0.9,8.0,M,44.7,M,,*4E
8561 1658392850 0 3 2.800 4.979
8562 1658392851 0 4 2.726 1.537
8563 1658392851 0 5 0.99
8564 1658392851 0 6 0.11
8565 1658392851 0 8 4.997 9.784 9.54
8568 1658392852 0 7 $GNGGA,084051.000,4424.51303,N,00855.14514,E,1,11,0.9,8.5,M,44.7,M,,*46
8569 1658392853 0 7 $GNGGA,084052.000,4424.51319,N,00855.14534,E,1,11,0.9,8.4,M,44.7,M,,*4D
8570 1658392853 0 3 2.803 4.979
8571 1658392854 0 4 2.726 1.544
8572 1658392854 0 5 0.98
8573 1658392854 0 6 0.10
8574 1658392854 0 8 4.997 9.794 9.54
8575 1658392854 0 1 3.958
8576 1658392854 0 0 25.33 8.21 138.8 67.44 131.6 8.39 17.9 0.0 411.2 5.06 45.92 1.1
8577 1658392854 0 7 $GNGGA,084053.000,4424.51332,N,00855.14546,E,1,11,0.9,8.4,M,44.7,M,,*40
8578 1658392855 0 7 $GNGGA,084054.000,4424.51332,N,00855.14551,E,1,11,0.9,8.4,M,44.7,M,,*41
8579 1658392856 0 7 $GNGGA,084055.000,4424.51341,N,00855.14564,E,1,11,0.9,8.4,M,44.7,M,,*42
8580 1658392856 0 3 2.804 4.979
8583 1658392857 0 6 0.10
8584 1658392857 0 8 4.997 9.794 9.54
8585 1658392857 0 1 4.014
8588 1658392858 0 7 $GNGGA,084057.000,4424.51349,N,00855.14581,E,1,11,0.9,8.5,M,44.7,M,,*42
8589 1658392859 0 7 $GNGGA,084058.000,4424.51361,N,00855.14601,E,1,11,0.9,8.5,M,44.7,M,,*4C
8590 1658392859 0 3 2.806 4.979
8591 1658392860 0 4 2.727 1.544
8592 1658392860 0 5 0.98
8593 1658392860 0 6 0.10
8594 1658392860 0 8 4.997 9.766 9.54
8595 1658392860 0 1 3.862
8596 1658392860 0 0 25.29 8.21 138.5 67.41 131.7 8.41 17.9 0.0 400.9 6.15 45.89 1.1
8597 1658392860 0 7 $GNGGA,084059.000,4424.51370,N,00855.14617,E,1,11,0.9,8.5,M,44.7,M,,*4A
8598 1658392861 0 7 $GNGGA,084100.000,4424.51375,N,00855.14627,E,1,11,0.9,8.6,M,44.7,M,,*42
8599 1658392862 0 7 $GNGGA,084101.000,4424.51389,N,00855.14646,E,1,12,0.8,8.6,M,44.7,M,,*45
8600 1658392862 0 3 2.808 4.979
8604 1658392863 0 8 4.997 9.794 9.54
8605 1658392863 0 1 3.782
8606 1658392863 0 0 25.23 8.21 138.4 67.41 131.9 8.42 17.8 0.0 397.6 6.73 45.90 1.1
8608 1658392864 0 7 $GNGGA,084103.000,4424.51402,N,00855.14661,E,1,12,0.8,8.7,M,44.7,M,,*47
8609 1658392865 0 7 $GNGGA,084104.000,4424.51409,N,00855.14670,E,1,12,0.8,8.7,M,44.7,M,,*4B
8611 1658392866 0 4 2.727 1.547
8612 1658392866 0 5 0.97
8616 1658392866 0 0 25.08 8.21 138.3 67.48 132.7 8.50 17.9 0.0 398.7 7.21 45.96 1.1
8617 1658392866 0 7 $GNGGA,084105.000,4424.51418,N,00855.14680,E,1,12,0.8,8.7,M,44.7,M,,*45
8619 1658392868 0 7 $GNGGA,084107.000,4424.51428,N,00855.14690,E,1,12,0.8,8.8,M,44.7,M,,*4A
8620 1658392868 0 3 2.810 4.979
8621 1658392869 0 4 2.727 1.544
8622 1658392869 0 5 0.97
8623 1658392869 0 6 0.10
8624 1658392869 0 8 4.997 9.803 9.54
8625 1658392869 0 1 3.460
8628 1658392870 0 7 $GNGGA,084109.000,4424.51452,N,00855.14714,E,1,12,0.8,8.9,M,44.7,M,,*45
8629 1658392871 0 7 $GNGGA,084110.000,4424.51460,N,00855.14723,E,1,12,0.8,9.0,M,44.7,M,,*40
8630 1658392871 0 3 2.813 4.979
8634 1658392872 0 8 4.997 9.803 9.54
8635 1658392872 0 1 3.999
8636 1658392872 0 0 24.46 8.22 138.4 67.31 132.7 8.59 18.0 0.0 408.0 8.13 45.84 1.1
8637 1658392872 0 7 $GNGGA,084111.000,4424.51465,N,00855.14727,E,1,12,0.8,9.0,M,44.7,M,,*40
8638 1658392873 0 7 $GNGGA,084112.000,4424.51473,N,00855.14731,E,1,12,0.8,9.0,M,44.7,M,,*43
8639 1658392874 0 7 $GNGGA,084113.000,4424.51475,N,00855.14731,E,1,12,0.8,9.0,M,44.7,M,,*44
8640 1658392874 0 3 2.815 4.979
8641 1658392875 0 4 2.727 1.544
8644 1658392875 0 8 4.994 9.803 9.54
8645 1658392875 0 1 3.293
8646 1658392875 0 0 24.37 8.22 138.3 67.28 132.8 8.61 18.0 0.0 401.0 8.59 45.81 1.1
8647 1658392875 0 7 $GNGGA,084114.000,4424.51481,N,00855.14734,E,1,12,0.8,9.0,M,44.7,M,,*4D
8648 1658392876 0 7 $GNGGA,084115.000,4424.51487,N,00855.14737,E,1,12,0.8,9.1,M,44.7,M,,*48
8649 1658392877 0 7 $GNGGA,084116.000,4424.51494,N,00855.14740,E,1,12,0.8,9.1,M,44.7,M,,*49
8650 1658392877 0 3 2.812 4.979
8656 1658392878 0 0 24.50 8.21 138.3 67.37 132.8 8.59 17.8 0.0 387.3 8.65 45.88 1.1
8657 1658392878 0 7 $GNGGA,084117.000,4424.51499,N,00855.14747,E,1,12,0.8,9.1,M,44.7,M,,*42
8659 1658392880 0 7 $GNGGA,084119.000,4424.51514,N,00855.14757,E,1,12,0.8,9.2,M,44.7,M,,*4A
8662 1658392881 0 5 0.95
8663 1658392881 0 6 0.10
8664 1658392881 0 8 4.997 9.822 9.56
8665 1658392881 0 1 3.705
8669 1658392883 0 7 $GNGGA,084122.000,4424.51529,N,00855.14772,E,1,12,0.8,9.4,M,44.7,M,,*4D
8670 1658392883 0 3 2.813 4.979
8671 1658392884 0 4 2.727 1.544
8674 1658392884 0 8 4.994 9.822 9.56
8675 1658392884 0 1 3.730
8676 1658392884 0 0 24.65 8.21 138.2 67.28 133.0 8.58 17.7 0.0 372.5 8.65 45.81 1.1
8677 1658392884 0 7 $GNGGA,084123.000,4424.51536,N,00855.14779,E,1,12,0.8,9.4,M,44.7,M,,*49
8680 1658392886 0 3 2.814 4.979
8681 1658392887 0 4 2.727 1.561
8682 1658392887 0 5 0.93
8683 1658392887 0 6 0.10
8686 1658392887 0 0 24.67 8.21 138.2 67.33 133.2 8.59 17.7 0.0 367.4 8.65 45.85 1.1
8687 1658392887 0 7 $GNGGA,084126.000,4424.51557,N,00855.14803,E,1,12,0.8,9.6,M,44.7,M,,*4B
8689 1658392889 0 7 $GNGGA,084128.000,4424.51566,N,00855.14814,E,1,12,0.8,9.6,M,44.7,M,,*41
8690 1658392889 0 3 2.813 4.979
8691 1658392890 0 4 2.727 1.556
8692 1658392890 0 5 0.93
8693 1658392890 0 6 0.10
8694 1658392890 0 8 4.997 9.794 9.54
8695 1658392890 0 1 3.179
8696 1658392890 0 0 24.43 8.21 138.2 67.44 133.3 8.63 17.8 0.0 373.2 8.51 45.94 1.1
8697 1658392890 0 7 $GNGGA,084129.000,4424.51571,N,00855.14819,E,1,12,0.8,9.7,M,44.7,M,,*4A
8699 1658392892 0 7 $GNGGA,084131.000,4424.51579,N,00855.14829,E,1,12,0.8,9.8,M,44.7,M,,*47
8700 1658392892 0 3 2.811 4.979
8701 1658392893 0 4 2.727 1.554
8702 1658392893 0 5 0.92
8703 1658392893 0 6 0.09
8704 1658392893 0 8 4.997 9.832 9.54
8707 1658392893 0 7 $GNGGA,084132.000,4424.51583,N,00855.14836,E,1,12,0.8,9.9,M,44.7,M,,*4E
8708 1658392894 0 7 $GNGGA,084133.000,4424.51585,N,00855.14842,E,1,12,0.8,10.0,M,44.7,M,,*7B
8709 1658392895 0 7 $GNGGA,084134.000,4424.51592,N,00855.14851,E,1,12,0.8,10.0,M,44.7,M,,*78
8710 1658392895 0 3 2.811 4.979
8713 1658392896 0 6 0.09
8714 1658392896 0 8 4.997 9.784 9.54
8715 1658392896 0 1 2.953
8716 1658392896 0 0 24.32 8.22 138.0 67.31 133.6 8.66 17.7 0.0 358.7 8.27 45.85 1.1
8718 1658392897 0 7 $GNGGA,084136.000,4424.51605,N,00855.14865,E,1,12,0.8,10.1,M,44.7,M,,*71
8719 1658392898 0 7 $GNGGA,084137.000,4424.51609,N,00855.14870,E,1,12,0.8,10.2,M,44.7,M,,*7B
8720 1658392898 0 3 2.811 4.979
8722 1658392899 0 5 0.91
8723 1658392899 0 6 0.09
8726 1658392899 0 0 24.34 8.22 138.0 67.23 133.8 8.68 17.7 0.0 351.8 8.21 45.78 1.1
8727 1658392899 0 7 $GNGGA,084138.000,4424.51617,N,00855.14879,E,1,12,0.8,10.2,M,44.7,M,,*72
8729 1658392901 0 7 $GNGGA,084140.000,4424.51628,N,00855.14890,E,1,12,0.8,10.3,M,44.7,M,,*77
8730 1658392901 0 3 2.811 4.979
8731 1658392902 0 4 2.727 1.559
8732 1658392902 0 5 0.91
8733 1658392902 0 6 0.09
8734 1658392902 0 8 4.997 9.822 9.54
8737 1658392902 0 7 $GNGGA,084141.000,4424.51632,N,00855.14895,E,1,12,0.8,10.3,M,44.7,M,,*78
8738 1658392903 0 7 $GNGGA,084142.000,4424.51636,N,00855.14901,E,1,12,0.8,10.4,M,44.7,M,,*74
8739 1658392904 0 7 $GNGGA,084143.000,4424.51642,N,00855.14909,E,1,12,0.8,10.4,M,44.7,M,,*7E
8740 1658392904 0 3 2.811 4.979
8744 1658392905 0 8 4.997 9.813 9.54
8745 1658392905 0 1 3.445
8746 1658392905 0 0 24.44 8.22 137.9 67.26 134.0 8.68 17.5 0.0 336.9 7.70 45.80 1.1
8747 1658392905 0 7 $GNGGA,084144.000,4424.51644,N,00855.14908,E,1,12,0.8,10.4,M,44.7,M,,*7E
8748 1658392906 0 7 $GNGGA,084145.000,4424.51652,N,00855.14917,E,1,12,0.8,10.4,M,44.7,M,,*76
8749 1658392907 0 7 $GNGGA,084146.000,4424.51654,N,00855.14921,E,1,12,0.8,10.4,M,44.7,M,,*76
8751 1658392908 0 4 2.725 1.571
8752 1658392908 0 5 0.90
8756 1658392908 0 0 24.75 8.21 137.8 67.10 134.2 8.65 17.4 0.0 321.1 7.40 45.67 1.1
8757 1658392908 0 7 $GNGGA,084147.000,4424.51661,N,00855.14927,E,1,12,0.8,10.4,M,44.7,M,,*77
8759 1658392910 0 7 $GNGGA,084149.000,4424.51669,N,00855.14935,E,1,12,0.8,10.5,M,44.7,M,,*73
8760 1658392910 0 3 2.812 4.979
8761 1658392911 0 4 2.725 1.574
8762 1658392911 0 5 0.90
8763 1658392911 0 6 0.09
8764 1658392911 0 8 4.994 9.813 9.54
8765 1658392911 0 1 4.099
8767 1658392911 0 7 $GNGGA,084150.000,4424.51671,N,00855.14936,E,1,12,0.8,10.5,M,44.7,M,,*71
8768 1658392913 0 7 $GNGGA,084152.000,4424.51675,N,00855.14944,E,1,12,0.8,10.5,M,44.7,M,,*72
8769 1658392913 0 3 2.811 4.979
8773 1658392914 0 8 4.994 9.521 9.51
8774 1658392914 0 1 4.501
8775 1658392914 0 0 25.13 8.21 137.5 67.18 134.6 8.62 17.2 0.0 305.8 5.89 45.72 1.1
8777 1658392915 0 7 $GNGGA,084154.000,4424.51678,N,00855.14950,E,1,12,0.8,10.5,M,44.7,M,,*7C
8778 1658392916 0 7 $GNGGA,084155.000,4424.51679,N,00855.14953,E,1,12,0.8,10.6,M,44.7,M,,*7C
8779 1658392916 0 3 2.810 4.979
8780 1658392917 0 4 2.723 1.577
8781 1658392917 0 5 0.90
8782 1658392917 0 6 0.09
8783 1658392917 0 8 4.997 9.784 9.56
8784 1658392917 0 1 4.240
8787 1658392918 0 7 $GNGGA,084157.000,4424.51682,N,00855.14959,E,1,12,0.8,10.6,M,44.7,M,,*70
8788 1658392919 0 7 $GNGGA,084158.000,4424.51682,N,00855.14959,E,1,12,0.8,10.6,M,44.7,M,,*7F
8789 1658392919 0 3 2.810 4.979
8790 1658392920 0 4 2.722 1.577
8794 1658392920 0 1 4.129
8795 1658392920 0 0 25.21 8.21 137.3 67.32 134.8 8.62 17.3 0.0 298.8 4.49 45.83 1.1
8796 1658392920 0 7 $GNGGA,084159.000,4424.51688,N,00855.14968,E,1,12,0.8,10.6,M,44.7,M,,*76
8798 1658392922 0 7 $GNGGA,084201.000,4424.51694,N,00855.14982,E,1,12,0.8,10.5,M,44.7,M,,*72
8799 1658392922 0 3 2.810 4.979
8800 1658392923 0 4 2.722 1.577
8801 1658392923 0 5 0.90
8802 1658392923 0 6 0.09
8806 1658392923 0 7 $GNGGA,084202.000,4424.51696,N,00855.14985,E,1,12,0.8,10.5,M,44.7,M,,*74
8807 1658392924 0 7 $GNGGA,084203.000,4424.51702,N,00855.14995,E,1,12,0.8,10.5,M,44.7,M,,*78
8808 1658392925 0 7 $GNGGA,084204.000,4424.51703,N,00855.14996,E,1,12,0.8,10.5,M,44.7,M,,*7D
8809 1658392925 0 3 2.808 4.979
8811 1658392926 0 5 0.90
8812 1658392926 0 6 0.09
8813 1658392926 0 8 4.994 9.784 9.54
8814 1658392926 0 1 4.966
8817 1658392927 0 7 $GNGGA,084206.000,4424.51710,N,00855.15008,E,1,12,0.8,10.5,M,44.7,M,,*72
8818 1658392928 0 7 $GNGGA,084207.000,4424.51714,N,00855.15018,E,1,12,0.8,10.5,M,44.7,M,,*76
8819 1658392928 0 3 2.807 4.979
8820 1658392929 0 4 2.720 1.579
8821 1658392929 0 5 0.90
8824 1658392929 0 1 4.994
8829 1658392931 0 3 2.798 4.979
8830 1658392932 0 4 2.717 1.579
8831 1658392932 0 5 0.90
8832 1658392932 0 6 0.09
8833 1658392932 0 8 4.994 9.483 9.51
8836 1658392932 0 7 $GNGGA,084211.000,4424.51733,N,00855.15073,E,1,12,0.8,10.3,M,44.7,M,,*7F
8837 1658392933 0 7 $GNGGA,084212.000,4424.51736,N,00855.15080,E,1,12,0.8,10.2,M,44.7,M,,*74
8838 1658392934 0 7 $GNGGA,084213.000,4424.51738,N,00855.15086,E,1,12,0.8,10.2,M,44.7,M,,*7D
8840 1658392935 0 4 2.712 1.581
8841 1658392935 0 5 0.90
8842 1658392935 0 6 0.09
8843 1658392935 0 8 4.994 9.766 9.54
8844 1658392935 0 1 3.286
8847 1658392936 0 7 $GNGGA,084215.000,4424.51754,N,00855.15107,E,1,12,0.8,10.1,M,44.7,M,,*7A
8848 1658392937 0 7 $GNGGA,084216.000,4424.51760,N,00855.15111,E,1,12,0.8,10.0,M,44.7,M,,*78
8849 1658392937 0 3 2.658 4.979
8850 1658392938 0 4 2.661 1.601
8858 1658392940 0 7 $GNGGA,084219.000,4424.51780,N,00855.15126,E,1,12,0.8,9.8,M,44.7,M,,*4D
8863 1658392941 0 8 4.997 9.784 9.54
8864 1658392941 0 1 2.783
8867 1658392943 0 7 $GNGGA,084222.000,4424.51799,N,00855.15140,E,1,12,0.8,9.7,M,44.7,M,,*42
8871 1658392944 0 6 0.09
8872 1658392944 0 8 4.997 9.784 9.54
8876 1658392946 0 7 $GNGGA,084225.000,4424.51819,N,00855.15157,E,1,12,0.8,9.6,M,44.7,M,,*45
