/home/danielacabiddu/Devel/src/MATRAC/test/tuttomatrac/data/porto_grid.mesh
14761 1658410275 0 7 $GNGGA,133115.000,4423.54276,N,00856.53816,E,1,16,0.7,2.5,M,44.7,M,,*47
14762 1658410276 0 4 2.571 1.518
14763 1658410276 0 1 0.664
14764 1658410276 0 5 0.02
14765 1658410277 0 6 0.12
14766 1658410277 0 8 4.997 12.201 11.91
14767 1658410277 0 0 29.20 8.19 134.2 67.01 130.9 7.86 15.9 0.0 294.4 1.25 45.46 1.3
14768 1658410277 0 7 $GNGGA,133116.000,4423.54274,N,00856.53812,E,1,16,0.7,2.5,M,44.7,M,,*42
14769 1658410278 0 7 $GNGGA,133118.000,4423.54271,N,00856.53804,E,1,16,0.7,2.5,M,44.7,M,,*4E
14770 1658410279 0 3 2.629 4.978
14771 1658410279 0 1 0.696
14772 1658410279 0 4 2.569 1.516
14773 1658410279 0 5 0.02
14774 1658410280 0 6 0.12
14775 1658410280 0 8 4.997 12.220 11.89
14776 1658410280 0 0 29.25 8.19 134.0 66.90 130.6 7.84 15.9 0.0 295.0 1.12 45.37 1.3
14777 1658410280 0 7 $GNGGA,133119.000,4423.54269,N,00856.53800,E,1,16,0.7,2.5,M,44.7,M,,*42
14778 1658410281 0 7 $GNGGA,133120.000,4423.54267,N,00856.53797,E,1,16,0.7,2.6,M,44.7,M,,*44
14779 1658410281 0 7 $GNGGA,133121.000,4423.54264,N,00856.53794,E,1,16,0.7,2.5,M,44.7,M,,*46
14780 1658410282 0 3 2.576 4.978
14781 1658410282 0 4 2.504 1.531
14782 1658410282 0 1 1.620
14783 1658410283 0 5 0.02
14784 1658410283 0 6 0.12
14785 1658410283 0 8 4.997 12.220 11.89
14786 1658410283 0 0 29.19 8.19 134.0 67.05 130.3 7.83 16.0 0.0 299.0 0.62 45.49 1.3
14787 1658410283 0 7 $GNGGA,133122.000,4423.54260,N,00856.53792,E,1,16,0.7,2.5,M,44.7,M,,*47
14788 1658410285 0 7 $GNGGA,133124.000,4423.54257,N,00856.53786,E,1,16,0.7,2.5,M,44.7,M,,*40
14789 1658410285 0 3 2.572 4.977
14790 1658410285 0 1 8.011
14791 1658410285 0 4 2.477 1.553
14792 1658410285 0 5 0.03
14793 1658410286 0 6 0.13
14794 1658410286 0 8 4.997 12.210 11.91
14795 1658410286 0 0 29.04 8.19 133.9 46.25 130.1 8.54 15.8 0.0 306.5 0.40 29.90 1.2
14796 1658410286 0 7 $GNGGA,133125.000,4423.54254,N,00856.53782,E,1,16,0.7,2.5,M,44.7,M,,*46
14797 1658410288 0 7 $GNGGA,133127.000,4423.54249,N,00856.53777,E,1,16,0.7,2.5,M,44.7,M,,*42
14798 1658410288 0 3 2.572 4.978
14799 1658410288 0 1 0.105
14800 1658410288 0 4 2.477 1.576
14801 1658410288 0 5 0.02
14802 1658410289 0 6 0.13
14803 1658410289 0 8 4.997 12.220 11.91
14804 1658410289 0 0 28.66 8.32 123.6 0.222 129.8 10.11 2.4 0.0 8.9 0.41 0.10 0.3
14805 1658410289 0 7 $GNGGA,133128.000,4423.54248,N,00856.53773,E,1,16,0.7,2.5,M,44.7,M,,*48
14806 1658410290 0 7 $GNGGA,133129.000,4423.54247,N,00856.53771,E,1,16,0.7,2.5,M,44.7,M,,*44
14807 1658410291 0 7 $GNGGA,133130.000,4423.54246,N,00856.53770,E,1,16,0.7,2.5,M,44.7,M,,*4C
14808 1658410291 0 3 2.573 4.977
14809 1658410291 0 4 2.476 1.581
14810 1658410291 0 1 -2.222
14811 1658410291 0 5 0.02
14812 1658410292 0 6 0.14
14813 1658410292 0 8 4.997 12.220 11.89
14814 1658410292 0 0 28.30 8.18 128.7 0.067 129.4 10.15 1.8 0.0 7.3 0.41 0.03 0.1
14815 1658410292 0 7 $GNGGA,133131.000,4423.54245,N,00856.53768,E,1,16,0.7,2.5,M,44.7,M,,*47
14816 1658410294 0 7 $GNGGA,133133.000,4423.54242,N,00856.53762,E,1,16,0.7,2.5,M,44.7,M,,*48
14817 1658410294 0 3 2.570 4.978
14818 1658410294 0 1 0.211
14819 1658410294 0 4 2.476 1.523
14820 1658410294 0 5 0.03
14821 1658410295 0 6 0.13
14822 1658410295 0 8 4.997 12.210 11.89
14823 1658410295 0 0 28.08 8.11 131.5 0.057 129.1 10.17 1.0 0.0 1.5 0.41 0.03 0.0
14824 1658410295 0 7 $GNGGA,133134.000,4423.54240,N,00856.53759,E,1,16,0.7,2.5,M,44.7,M,,*45
14825 1658410296 0 7 $GNGGA,133136.000,4423.54237,N,00856.53756,E,1,16,0.7,2.5,M,44.7,M,,*48
14826 1658410297 0 3 2.573 4.978
14827 1658410297 0 4 2.476 1.541
14828 1658410297 0 1 5.677
14829 1658410297 0 5 0.02
14830 1658410298 0 6 0.14
14831 1658410298 0 8 4.997 12.220 11.91
14832 1658410298 0 0 27.77 8.04 136.7 0.052 128.7 10.19 0.7 0.0 1.6 0.41 0.03 0.0
14833 1658410298 0 7 $GNGGA,133137.000,4423.54238,N,00856.53753,E,1,16,0.7,2.5,M,44.7,M,,*43
14834 1658410300 0 7 $GNGGA,133139.000,4423.54279,N,00856.53674,E,1,16,0.7,2.9,M,44.7,M,,*40
14835 1658410300 0 3 2.571 4.978
14836 1658410300 0 1 0.074
14837 1658410300 0 4 2.476 1.538
14838 1658410300 0 5 0.03
14839 1658410301 0 6 0.14
14840 1658410301 0 8 4.997 12.022 11.89
14841 1658410301 0 0 27.53 8.04 135.9 0.048 128.4 10.21 0.3 0.0 0.5 0.41 0.02 0.0
14842 1658410301 0 7 $GNGGA,133140.000,4423.54276,N,00856.53662,E,1,16,0.7,2.9,M,44.7,M,,*46
14843 1658410303 0 7 $GNGGA,133142.000,4423.54270,N,00856.53644,E,1,16,0.7,2.9,M,44.7,M,,*46
14844 1658410303 0 3 2.570 4.977
14845 1658410303 0 4 2.476 1.536
14846 1658410303 0 1 -0.018
14847 1658410303 0 5 0.03
14848 1658410304 0 6 0.15
14849 1658410304 0 8 4.997 12.022 11.91
14850 1658410304 0 0 27.32 7.89 146.8 0.044 128.0 10.22 0.3 0.0 0.5 0.41 0.02 0.0
14851 1658410304 0 7 $GNGGA,133143.000,4423.54269,N,00856.53636,E,1,16,0.7,2.9,M,44.7,M,,*4A
14852 1658410305 0 7 $GNGGA,133145.000,4423.54263,N,00856.53624,E,1,16,0.7,2.9,M,44.7,M,,*45
14853 1658410306 0 3 2.571 4.978
14854 1658410306 0 1 -0.188
14855 1658410306 0 4 2.476 1.533
14856 1658410306 0 5 0.03
14857 1658410306 0 6 0.14
14858 1658410307 0 8 4.997 12.210 11.91
14859 1658410307 0 0 27.17 7.77 157.9 0.041 127.7 10.22 0.5 0.0 0.9 0.41 0.02 0.0
14860 1658410307 0 7 $GNGGA,133146.000,4423.54262,N,00856.53620,E,1,16,0.7,2.9,M,44.7,M,,*43
14861 1658410309 0 7 $GNGGA,133148.000,4423.54263,N,00856.53611,E,1,16,0.7,2.9,M,44.7,M,,*4E
14862 1658410309 0 3 2.571 4.978
14863 1658410309 0 4 2.476 1.531
14864 1658410309 0 1 -0.066
14865 1658410309 0 5 0.03
14866 1658410310 0 6 0.14
14867 1658410310 0 8 4.997 12.032 11.89
14868 1658410310 0 0 27.05 7.60 169.1 0.039 127.3 10.21 0.6 0.0 0.9 0.41 0.02 0.0
14869 1658410310 0 7 $GNGGA,133149.000,4423.54262,N,00856.53602,E,1,16,0.7,2.9,M,44.7,M,,*4C
14870 1658410311 0 7 $GNGGA,133151.000,4423.54262,N,00856.53583,E,1,16,0.7,2.9,M,44.7,M,,*4F
14871 1658410312 0 3 2.571 4.978
14872 1658410312 0 1 -0.650
14873 1658410312 0 4 2.475 1.530
14874 1658410312 0 5 0.03
14875 1658410313 0 6 0.14
14876 1658410313 0 8 4.997 12.304 11.91
14877 1658410313 0 0 26.99 7.51 176.3 0.037 127.0 10.20 0.8 0.0 1.1 0.41 0.02 0.0
14878 1658410313 0 7 $GNGGA,133152.000,4423.54262,N,00856.53569,E,1,16,0.7,2.9,M,44.7,M,,*48
14879 1658410314 0 7 $GNGGA,133154.000,4423.54262,N,00856.53553,E,1,16,0.7,3.0,M,44.7,M,,*4F
14880 1658410315 0 3 2.570 4.978
14881 1658410315 0 1 -0.089
14882 1658410315 0 4 2.475 1.528
14883 1658410315 0 5 0.03
14884 1658410316 0 6 0.14
14885 1658410316 0 8 4.997 12.285 11.87
14886 1658410316 0 0 26.94 7.69 166.0 0.036 126.6 10.18 0.3 0.0 0.4 0.41 0.02 0.0
14887 1658410316 0 7 $GNGGA,133155.000,4423.54262,N,00856.53548,E,1,16,0.7,3.0,M,44.7,M,,*44
14888 1658410317 0 7 $GNGGA,133157.000,4423.54263,N,00856.53534,E,1,16,0.7,3.0,M,44.7,M,,*4C
14889 1658410318 0 3 2.571 4.978
14890 1658410318 0 4 2.476 1.523
14891 1658410318 0 1 -0.047
14892 1658410318 0 5 0.03
14893 1658410319 0 6 0.14
14894 1658410319 0 8 4.997 12.079 11.89
14895 1658410319 0 0 26.90 7.81 158.6 0.035 126.4 10.16 0.2 0.0 0.1 0.41 0.02 0.0
14896 1658410319 0 7 $GNGGA,133158.000,4423.54263,N,00856.53526,E,1,16,0.7,3.1,M,44.7,M,,*41
14897 1658410320 0 7 $GNGGA,133200.000,4423.54260,N,00856.53511,E,1,16,0.7,3.1,M,44.7,M,,*48
14898 1658410321 0 3 2.570 4.978
14899 1658410321 0 1 -0.088
14900 1658410321 0 4 2.475 1.523
14901 1658410321 0 5 0.03
14902 1658410322 0 6 0.14
14903 1658410322 0 8 4.997 12.295 11.91
14904 1658410322 0 0 26.84 7.75 164.1 0.034 126.1 10.15 0.2 0.0 0.1 0.41 0.02 0.0
14905 1658410322 0 7 $GNGGA,133201.000,4423.54249,N,00856.53461,E,1,16,0.7,2.8,M,44.7,M,,*4C
14906 1658410323 0 7 $GNGGA,133202.000,4423.54248,N,00856.53444,E,1,16,0.7,2.8,M,44.7,M,,*49
14907 1658410323 0 7 $GNGGA,133203.000,4423.54248,N,00856.53429,E,1,16,0.7,2.8,M,44.7,M,,*43
14908 1658410324 0 3 2.570 4.978
14909 1658410324 0 4 2.476 1.523
14910 1658410324 0 1 -0.069
14911 1658410324 0 5 0.03
14912 1658410325 0 6 0.14
14913 1658410325 0 8 4.997 12.276 11.91
14914 1658410325 0 0 26.79 7.69 169.9 0.033 125.9 10.15 0.3 0.0 0.3 0.41 0.02 0.0
14915 1658410325 0 7 $GNGGA,133204.000,4423.54247,N,00856.53410,E,1,16,0.7,2.8,M,44.7,M,,*41
14916 1658410326 0 7 $GNGGA,133205.000,4423.54237,N,00856.53352,E,1,16,0.7,2.4,M,44.7,M,,*4A
14917 1658410327 0 7 $GNGGA,133206.000,4423.54209,N,00856.53285,E,1,16,0.7,2.1,M,44.7,M,,*4A
14918 1658410327 0 3 2.571 4.978
14919 1658410327 0 1 -0.154
14920 1658410327 0 4 2.475 1.513
14921 1658410327 0 5 0.03
14922 1658410327 0 6 0.14
14923 1658410328 0 8 4.997 12.276 11.91
14924 1658410328 0 0 26.75 7.76 166.6 0.033 125.7 10.14 0.1 0.0 0.2 0.41 0.02 0.0
14925 1658410328 0 7 $GNGGA,133207.000,4423.54181,N,00856.53221,E,1,16,0.7,1.9,M,44.7,M,,*4D
14926 1658410329 0 7 $GNGGA,133209.000,4423.54145,N,00856.53065,E,1,16,0.7,1.6,M,44.7,M,,*46
14927 1658410330 0 4 2.475 1.513
14928 1658410330 0 5 0.03
14929 1658410330 0 6 0.14
14930 1658410330 0 8 4.997 12.304 11.91
14931 1658410330 0 0 26.73 7.72 170.1 0.032 125.5 10.13 0.2 0.0 0.1 0.41 0.02 0.0
14932 1658410331 0 7 $GNGGA,133210.000,4423.54126,N,00856.52984,E,1,16,0.7,1.5,M,44.7,M,,*4F
14933 1658410332 0 7 $GNGGA,133211.000,4423.54111,N,00856.52891,E,1,16,0.7,1.3,M,44.7,M,,*49
14934 1658410333 0 7 $GNGGA,133212.000,4423.54085,N,00856.52791,E,1,16,0.7,1.2,M,44.7,M,,*48
14935 1658410333 0 3 2.571 4.978
14936 1658410333 0 1 -0.092
14937 1658410333 0 4 2.475 1.488
14938 1658410333 0 5 0.03
14939 1658410333 0 6 0.14
14940 1658410334 0 8 4.997 12.276 11.89
14941 1658410334 0 0 26.74 7.66 175.5 0.031 125.3 10.11 0.3 0.0 0.1 0.41 0.02 0.0
14942 1658410334 0 7 $GNGGA,133213.000,4423.54059,N,00856.52703,E,1,16,0.7,1.2,M,44.7,M,,*43
14943 1658410336 0 7 $GNGGA,133215.000,4423.54018,N,00856.52547,E,1,16,0.7,1.2,M,44.7,M,,*42
14944 1658410336 0 3 2.571 4.978
14945 1658410336 0 4 2.475 1.483
14946 1658410336 0 1 -0.037
14947 1658410337 0 5 0.03
14948 1658410337 0 6 0.14
14949 1658410337 0 8 4.997 12.276 11.89
14950 1658410337 0 0 26.71 7.65 176.0 0.030 125.1 10.10 0.2 0.0 0.1 0.41 0.02 0.0
14951 1658410337 0 7 $GNGGA,133216.000,4423.54015,N,00856.52462,E,1,16,0.7,1.1,M,44.7,M,,*49
14952 1658410339 0 7 $GNGGA,133218.000,4423.53976,N,00856.52282,E,1,16,0.7,1.1,M,44.7,M,,*44
14953 1658410339 0 3 2.571 4.978
14954 1658410339 0 1 -0.672
14955 1658410339 0 4 2.475 1.486
14956 1658410339 0 5 0.03
14957 1658410339 0 6 0.14
14958 1658410340 0 8 4.997 12.295 11.91
14959 1658410340 0 0 26.71 7.59 181.3 0.030 125.0 10.08 0.3 0.0 0.2 0.41 0.02 0.0
14960 1658410340 0 7 $GNGGA,133219.000,4423.53968,N,00856.52205,E,1,16,0.7,1.1,M,44.7,M,,*45
14961 1658410342 0 7 $GNGGA,133221.000,4423.53953,N,00856.52011,E,1,16,0.7,0.9,M,44.7,M,,*48
14962 1658410342 0 3 2.571 4.978
14963 1658410342 0 1 -0.110
14964 1658410342 0 4 2.475 1.481
14965 1658410342 0 5 0.03
14966 1658410342 0 6 0.14
14967 1658410343 0 8 4.997 12.285 11.91
14968 1658410343 0 0 26.71 7.60 181.2 0.029 124.8 10.07 0.2 0.0 0.3 0.41 0.02 0.0
14969 1658410343 0 7 $GNGGA,133222.000,4423.53940,N,00856.51912,E,1,16,0.7,1.0,M,44.7,M,,*48
14970 1658410345 0 7 $GNGGA,133224.000,4423.53896,N,00856.51754,E,1,16,0.7,0.9,M,44.7,M,,*40
14971 1658410345 0 3 2.570 4.978
14972 1658410345 0 4 2.475 1.481
14973 1658410345 0 1 -0.731
14974 1658410345 0 5 0.03
14975 1658410345 0 6 0.14
14976 1658410346 0 8 4.997 12.295 11.89
14977 1658410346 0 0 26.72 7.67 177.3 0.028 124.7 10.06 0.2 0.0 0.3 0.41 0.02 0.0
14978 1658410346 0 7 $GNGGA,133225.000,4423.53877,N,00856.51670,E,1,16,0.7,0.9,M,44.7,M,,*49
14979 1658410348 0 7 $GNGGA,133227.000,4423.53803,N,00856.51528,E,1,16,0.7,1.1,M,44.7,M,,*4F
14980 1658410348 0 3 2.570 4.978
14981 1658410348 0 1 -1.629
14982 1658410348 0 4 2.475 1.481
14983 1658410348 0 5 0.03
14984 1658410348 0 6 0.13
14985 1658410349 0 8 4.997 12.285 11.89
14986 1658410349 0 0 26.76 7.63 182.8 0.028 124.5 10.04 0.4 0.0 0.5 0.41 0.02 0.0
14987 1658410349 0 7 $GNGGA,133228.000,4423.53765,N,00856.51462,E,1,16,0.7,1.0,M,44.7,M,,*41
14988 1658410351 0 7 $GNGGA,133230.000,4423.53694,N,00856.51326,E,1,16,0.7,1.0,M,44.7,M,,*40
14989 1658410351 0 3 2.570 4.978
14990 1658410351 0 4 2.475 1.478
14991 1658410351 0 1 -0.032
14992 1658410351 0 5 0.03
14993 1658410351 0 6 0.13
14994 1658410352 0 8 4.997 12.285 11.89
14995 1658410352 0 0 26.75 7.65 179.6 0.028 124.3 10.03 0.2 0.0 0.1 0.41 0.02 0.0
14996 1658410352 0 7 $GNGGA,133231.000,4423.53660,N,00856.51269,E,1,16,0.7,1.1,M,44.7,M,,*41
14997 1658410354 0 7 $GNGGA,133233.000,4423.53586,N,00856.51145,E,1,16,0.7,0.9,M,44.7,M,,*4C
14998 1658410354 0 3 2.571 4.978
14999 1658410354 0 1 -0.158
15000 1658410354 0 4 2.475 1.476
15001 1658410354 0 5 0.03
15002 1658410354 0 6 0.15
15003 1658410355 0 8 4.997 12.295 11.91
15004 1658410355 0 0 26.74 7.66 179.1 0.026 124.2 10.02 0.2 0.0 0.1 0.41 0.02 0.0
15005 1658410355 0 7 $GNGGA,133234.000,4423.53528,N,00856.51085,E,1,16,0.7,0.7,M,44.7,M,,*4C
15006 1658410356 0 7 $GNGGA,133236.000,4423.53450,N,00856.50977,E,1,16,0.7,1.0,M,44.7,M,,*43
15007 1658410357 0 3 2.570 4.978
15008 1658410357 0 4 2.474 1.481
15009 1658410357 0 1 -1.449
15010 1658410358 0 5 0.03
15011 1658410358 0 6 0.14
15012 1658410358 0 8 4.997 12.295 11.89
15013 1658410358 0 0 26.72 7.67 178.2 0.026 124.0 10.01 0.2 0.0 0.2 0.41 0.02 0.0
15014 1658410358 0 2 nan 16.15399932 1.11849999 0.12430001 0.14429999 0.00300000 0.14659999 nan 1.00000000 71.34600067
15015 1658410359 0 7 $GNGGA,133237.000,4423.53407,N,00856.50909,E,1,16,0.7,0.8,M,44.7,M,,*40
15016 1658410360 0 7 $GNGGA,133239.000,4423.53325,N,00856.50772,E,1,16,0.7,0.4,M,44.7,M,,*47
15017 1658410360 0 3 2.571 4.978
15018 1658410360 0 1 1.436
15019 1658410360 0 4 2.476 1.478
15020 1658410360 0 5 0.03
15021 1658410361 0 6 0.14
15022 1658410361 0 8 4.997 12.295 11.89
15023 1658410361 0 0 26.70 7.68 178.6 0.025 123.9 10.00 0.2 0.0 0.2 0.41 0.02 0.0
15024 1658410361 0 7 $GNGGA,133240.000,4423.53283,N,00856.50698,E,1,16,0.7,0.2,M,44.7,M,,*47
15025 1658410363 0 7 $GNGGA,133242.000,4423.53172,N,00856.50547,E,1,16,0.7,-0.1,M,44.7,M,,*67
15026 1658410363 0 3 2.570 4.978
15027 1658410363 0 4 2.475 1.474
15028 1658410363 0 1 3.227
15029 1658410364 0 5 0.03
15030 1658410364 0 6 0.14
15031 1658410364 0 8 4.997 12.285 11.91
15032 1658410364 0 0 26.73 7.57 186.8 0.025 123.8 9.98 0.3 0.0 0.4 0.41 0.02 0.0
15033 1658410364 0 7 $GNGGA,133243.000,4423.53124,N,00856.50490,E,1,16,0.7,-0.1,M,44.7,M,,*6E
15034 1658410365 0 7 $GNGGA,133245.000,4423.53026,N,00856.50347,E,1,16,0.7,-0.2,M,44.7,M,,*65
15035 1658410366 0 3 2.571 4.978
15036 1658410366 0 1 -0.758
15037 1658410366 0 4 2.474 1.446
15038 1658410366 0 5 0.03
16283 1658410759 0 4 2.535 1.421
16284 1658410759 0 5 0.04
16285 1658410760 0 6 0.11
16286 1658410760 0 8 4.997 12.210 11.89
16287 1658410760 0 0 28.82 8.20 136.9 67.45 119.2 7.19 15.5 0.0 351.3 0.87 45.82 1.2
16288 1658410760 0 7 $GNGGA,133919.000,4423.58418,N,00856.05903,E,1,16,0.7,5.8,M,44.7,M,,*4D
16289 1658410761 0 7 $GNGGA,133920.000,4423.58449,N,00856.05853,E,1,16,0.7,5.9,M,44.7,M,,*46
16290 1658410762 0 7 $GNGGA,133921.000,4423.58482,N,00856.05802,E,1,16,0.7,5.9,M,44.7,M,,*44
16291 1658410762 0 3 2.584 4.978
16292 1658410762 0 4 2.543 1.419
16293 1658410762 0 1 0.372
16294 1658410763 0 5 0.04
16295 1658410763 0 6 0.11
16296 1658410763 0 8 4.997 12.220 11.89
16297 1658410763 0 0 28.78 8.20 136.5 67.56 124.9 7.53 15.5 0.0 357.5 0.92 45.90 1.2
16298 1658410763 0 7 $GNGGA,133922.000,4423.58513,N,00856.05761,E,1,16,0.7,5.7,M,44.7,M,,*4A
16299 1658410764 0 7 $GNGGA,133924.000,4423.58524,N,00856.05756,E,1,16,0.7,5.7,M,44.7,M,,*4C
16300 1658410765 0 3 2.585 4.978
16301 1658410765 0 1 0.438
16302 1658410765 0 4 2.547 1.464
16303 1658410766 0 5 0.04
16304 1658410766 0 6 0.12
16305 1658410766 0 8 4.997 12.201 11.89
16306 1658410766 0 0 28.77 8.20 136.2 67.56 123.0 7.42 15.6 0.0 360.5 0.85 45.90 1.2
16307 1658410766 0 7 $GNGGA,133925.000,4423.58530,N,00856.05751,E,1,16,0.7,5.7,M,44.7,M,,*4F
16308 1658410767 0 7 $GNGGA,133927.000,4423.58594,N,00856.05659,E,1,16,0.7,5.1,M,44.7,M,,*4C
16309 1658410768 0 3 2.583 4.978
16310 1658410768 0 4 2.547 1.386
16311 1658410768 0 1 0.650
16312 1658410768 0 5 0.04
16313 1658410769 0 6 0.12
16314 1658410769 0 8 4.997 12.248 11.89
16315 1658410769 0 0 28.78 8.20 135.9 67.50 122.8 7.41 15.6 0.0 361.6 0.70 45.86 1.2
16316 1658410769 0 7 $GNGGA,133928.000,4423.58615,N,00856.05630,E,1,16,0.7,5.1,M,44.7,M,,*46
16317 1658410769 0 7 $GNGGA,133929.000,4423.58618,N,00856.05631,E,1,16,0.7,5.2,M,44.7,M,,*48
16318 1658410770 0 7 $GNGGA,133930.000,4423.58620,N,00856.05635,E,1,16,0.7,5.1,M,44.7,M,,*4C
16319 1658410771 0 3 2.581 4.978
16320 1658410771 0 4 2.539 1.391
16321 1658410772 0 5 0.04
16322 1658410772 0 6 0.12
16323 1658410772 0 8 4.997 12.248 11.89
16324 1658410772 0 0 28.80 8.20 135.6 67.60 123.3 7.43 15.6 0.0 363.8 0.70 45.93 1.2
16325 1658410772 0 7 $GNGGA,133931.000,4423.58629,N,00856.05642,E,1,16,0.7,5.1,M,44.7,M,,*44
16326 1658410772 0 7 $GNGGA,133932.000,4423.58630,N,00856.05643,E,1,16,0.7,5.1,M,44.7,M,,*4E
16327 1658410773 0 7 $GNGGA,133933.000,4423.58635,N,00856.05643,E,1,16,0.7,5.1,M,44.7,M,,*4A
16328 1658410774 0 3 2.613 4.978
16329 1658410774 0 1 0.382
16330 1658410774 0 4 2.563 1.389
16331 1658410774 0 5 0.04
16332 1658410775 0 6 0.12
16333 1658410775 0 8 4.997 12.220 11.89
16334 1658410775 0 0 28.78 8.20 135.4 67.66 123.4 7.44 15.7 0.0 366.1 1.12 45.98 1.2
16335 1658410775 0 7 $GNGGA,133934.000,4423.58635,N,00856.05624,E,1,16,0.7,4.9,M,44.7,M,,*45
16336 1658410775 0 7 $GNGGA,133935.000,4423.58647,N,00856.05622,E,1,16,0.7,5.0,M,44.7,M,,*4F
16337 1658410777 0 7 $GNGGA,133936.000,4423.58654,N,00856.05620,E,1,16,0.7,5.0,M,44.7,M,,*4C
16338 1658410777 0 3 2.755 4.978
16339 1658410777 0 4 2.571 1.389
16340 1658410777 0 1 0.302
16341 1658410778 0 5 0.04
16342 1658410778 0 6 0.12
16343 1658410778 0 8 4.997 12.220 11.89
16344 1658410778 0 0 28.62 8.20 135.2 67.75 123.4 7.46 15.8 0.0 375.9 2.03 46.06 1.2
16345 1658410778 0 7 $GNGGA,133937.000,4423.58658,N,00856.05612,E,1,16,0.7,5.0,M,44.7,M,,*40
16346 1658410779 0 7 $GNGGA,133938.000,4423.58672,N,00856.05566,E,1,16,0.7,4.9,M,44.7,M,,*4F
16347 1658410779 0 7 $GNGGA,133939.000,4423.58676,N,00856.05564,E,1,16,0.7,4.9,M,44.7,M,,*48
16348 1658410780 0 3 2.782 4.978
16349 1658410780 0 1 0.297
16350 1658410780 0 4 2.574 1.386
16351 1658410780 0 5 0.04
16352 1658410781 0 6 0.12
16353 1658410781 0 8 4.997 11.957 11.87
16354 1658410781 0 0 28.41 8.20 135.0 67.79 123.7 7.50 15.9 0.0 389.3 2.76 46.09 1.2
16355 1658410781 0 7 $GNGGA,133940.000,4423.58680,N,00856.05557,E,1,16,0.7,4.9,M,44.7,M,,*4F
16356 1658410781 0 7 $GNGGA,133941.000,4423.58684,N,00856.05552,E,1,16,0.7,4.9,M,44.7,M,,*4F
16357 1658410782 0 7 $GNGGA,133942.000,4423.58687,N,00856.05548,E,1,16,0.7,4.9,M,44.7,M,,*44
16358 1658410783 0 3 2.782 4.978
16359 1658410783 0 4 2.575 1.394
16360 1658410783 0 1 0.322
16361 1658410784 0 5 0.04
16362 1658410784 0 6 0.12
16363 1658410784 0 8 4.997 11.872 11.89
16364 1658410784 0 0 28.11 8.21 135.0 67.80 123.8 7.54 16.0 0.0 401.4 3.22 46.11 1.2
16365 1658410784 0 7 $GNGGA,133943.000,4423.58690,N,00856.05546,E,1,16,0.7,4.9,M,44.7,M,,*4D
16366 1658410785 0 7 $GNGGA,133944.000,4423.58721,N,00856.05506,E,1,16,0.7,5.0,M,44.7,M,,*4D
16367 1658410785 0 7 $GNGGA,133945.000,4423.58744,N,00856.05456,E,1,16,0.7,4.8,M,44.7,M,,*42
16368 1658410786 0 3 2.782 4.978
16369 1658410786 0 1 0.291
16370 1658410786 0 4 2.575 1.399
16371 1658410786 0 5 0.04
16372 1658410787 0 6 0.12
16373 1658410787 0 8 4.997 12.126 11.89
16374 1658410787 0 0 27.91 8.20 134.9 67.69 123.7 7.56 16.1 0.0 403.7 3.32 46.03 1.2
16375 1658410787 0 7 $GNGGA,133946.000,4423.58762,N,00856.05399,E,1,16,0.7,4.9,M,44.7,M,,*40
16376 1658410787 0 7 $GNGGA,133947.000,4423.58786,N,00856.05339,E,1,16,0.7,5.0,M,44.7,M,,*49
16377 1658410788 0 7 $GNGGA,133948.000,4423.58817,N,00856.05274,E,1,16,0.7,4.9,M,44.7,M,,*41
16378 1658410789 0 4 2.574 1.389
16379 1658410789 0 1 0.344
16380 1658410789 0 5 0.04
16381 1658410789 0 6 0.12
16382 1658410790 0 8 4.997 11.947 11.87
16383 1658410790 0 0 27.77 8.21 134.9 67.67 123.7 7.57 16.1 0.0 407.5 3.87 46.03 1.2
16384 1658410790 0 7 $GNGGA,133949.000,4423.58844,N,00856.05219,E,1,16,0.7,4.8,M,44.7,M,,*4C
16385 1658410792 0 7 $GNGGA,133951.000,4423.58901,N,00856.05112,E,1,16,0.7,4.6,M,44.7,M,,*43
16386 1658410792 0 3 2.784 4.978
16387 1658410792 0 1 0.391
16388 1658410792 0 4 2.575 1.419
16389 1658410792 0 5 0.04
16390 1658410793 0 6 0.12
16391 1658410793 0 8 4.997 12.191 11.89
16392 1658410793 0 0 27.71 8.20 134.8 67.63 123.6 7.58 16.1 0.0 408.1 4.17 46.00 1.2
16393 1658410793 0 7 $GNGGA,133952.000,4423.58927,N,00856.05068,E,1,16,0.7,4.7,M,44.7,M,,*49
16394 1658410794 0 7 $GNGGA,133953.000,4423.58948,N,00856.05010,E,1,16,0.7,4.7,M,44.7,M,,*4E
16395 1658410795 0 7 $GNGGA,133954.000,4423.58974,N,00856.04965,E,1,16,0.7,4.9,M,44.7,M,,*42
16396 1658410795 0 3 2.784 4.978
16397 1658410795 0 4 2.575 1.431
16398 1658410795 0 1 0.362
16399 1658410796 0 5 0.04
16400 1658410796 0 6 0.12
16401 1658410796 0 8 4.997 12.173 11.89
16402 1658410796 0 0 27.63 8.21 134.8 67.66 123.6 7.59 16.1 0.0 408.5 4.39 46.03 1.2
16403 1658410796 0 7 $GNGGA,133955.000,4423.58978,N,00856.04951,E,1,16,0.7,4.9,M,44.7,M,,*48
16404 1658410796 0 7 $GNGGA,133956.000,4423.58986,N,00856.04933,E,1,16,0.7,5.0,M,44.7,M,,*46
16405 1658410797 0 7 $GNGGA,133957.000,4423.58991,N,00856.04924,E,1,16,0.7,5.0,M,44.7,M,,*47
16406 1658410798 0 3 2.784 4.978
16407 1658410798 0 1 0.855
16408 1658410798 0 4 2.575 1.429
16409 1658410798 0 5 0.04
16410 1658410799 0 6 0.12
16411 1658410799 0 8 4.997 11.863 11.89
16412 1658410799 0 0 27.57 8.21 134.7 67.61 123.6 7.60 16.1 0.0 409.5 4.58 45.98 1.2
16413 1658410799 0 7 $GNGGA,133958.000,4423.58993,N,00856.04916,E,1,16,0.7,5.1,M,44.7,M,,*4A
16414 1658410799 0 7 $GNGGA,133959.000,4423.59012,N,00856.04853,E,1,16,0.7,5.1,M,44.7,M,,*4A
16415 1658410800 0 7 $GNGGA,134000.000,4423.59039,N,00856.04800,E,1,16,0.7,5.1,M,44.7,M,,*47
16416 1658410801 0 3 2.784 4.978
16417 1658410801 0 1 0.357
16418 1658410801 0 4 2.575 1.429
16419 1658410801 0 5 0.04
16420 1658410802 0 6 0.12
16421 1658410802 0 8 4.997 12.098 11.89
16422 1658410802 0 0 27.63 8.21 134.6 67.64 123.6 7.59 16.0 0.0 405.7 4.81 46.01 1.2
16423 1658410802 0 7 $GNGGA,134001.000,4423.59060,N,00856.04739,E,1,16,0.7,5.0,M,44.7,M,,*4E
16424 1658410802 0 7 $GNGGA,134002.000,4423.59067,N,00856.04729,E,1,16,0.7,5.0,M,44.7,M,,*4B
16425 1658410803 0 7 $GNGGA,134003.000,4423.59078,N,00856.04722,E,1,16,0.7,5.0,M,44.7,M,,*4F
16426 1658410804 0 3 2.784 4.978
16427 1658410804 0 4 2.575 1.429
16428 1658410804 0 1 0.382
16429 1658410804 0 5 0.04
16430 1658410804 0 6 0.12
16431 1658410805 0 8 4.997 12.022 11.89
16432 1658410805 0 0 27.58 8.21 134.5 67.60 123.6 7.60 16.1 0.0 407.8 5.05 45.98 1.2
16433 1658410805 0 7 $GNGGA,134004.000,4423.59093,N,00856.04715,E,1,16,0.7,5.0,M,44.7,M,,*49
16434 1658410805 0 7 $GNGGA,134005.000,4423.59106,N,00856.04707,E,1,16,0.7,4.9,M,44.7,M,,*4E
16435 1658410806 0 7 $GNGGA,134006.000,4423.59119,N,00856.04704,E,1,16,0.7,4.9,M,44.7,M,,*40
16436 1658410807 0 3 2.784 4.978
16437 1658410807 0 1 0.357
16438 1658410807 0 4 2.576 1.431
16439 1658410807 0 5 0.04
16440 1658410808 0 6 0.12
16441 1658410808 0 8 4.997 12.069 11.89
16442 1658410808 0 0 27.60 8.21 134.5 67.65 123.7 7.60 16.0 0.0 405.4 5.31 46.01 1.2
16443 1658410808 0 7 $GNGGA,134007.000,4423.59148,N,00856.04674,E,1,16,0.7,5.1,M,44.7,M,,*4A
16444 1658410808 0 7 $GNGGA,134008.000,4423.59175,N,00856.04638,E,1,16,0.7,5.2,M,44.7,M,,*40
16445 1658410809 0 7 $GNGGA,134009.000,4423.59200,N,00856.04601,E,1,16,0.7,5.3,M,44.7,M,,*4B
16446 1658410810 0 3 2.786 4.978
16447 1658410810 0 4 2.576 1.431
16448 1658410810 0 1 0.404
16449 1658410810 0 5 0.04
16450 1658410810 0 6 0.12
16451 1658410811 0 8 4.997 12.069 11.91
16452 1658410811 0 0 27.57 8.21 134.5 67.73 123.8 7.61 16.0 0.0 405.6 5.83 46.08 1.2
16453 1658410811 0 7 $GNGGA,134010.000,4423.59226,N,00856.04559,E,1,16,0.7,5.3,M,44.7,M,,*49
16454 1658410811 0 7 $GNGGA,134011.000,4423.59245,N,00856.04515,E,1,16,0.7,5.3,M,44.7,M,,*45
16455 1658410812 0 7 $GNGGA,134012.000,4423.59249,N,00856.04511,E,1,16,0.7,5.3,M,44.7,M,,*4E
16456 1658410813 0 3 2.788 4.978
16457 1658410813 0 1 0.346
16458 1658410813 0 4 2.577 1.434
16459 1658410813 0 5 0.04
16460 1658410814 0 6 0.12
16461 1658410814 0 8 4.997 12.088 11.89
16462 1658410814 0 0 27.56 8.21 134.3 67.68 123.9 7.61 16.0 0.0 404.9 6.40 46.04 1.2
16463 1658410814 0 7 $GNGGA,134013.000,4423.59255,N,00856.04501,E,1,16,0.7,5.3,M,44.7,M,,*43
16464 1658410815 0 7 $GNGGA,134015.000,4423.59261,N,00856.04498,E,1,16,0.7,5.3,M,44.7,M,,*43
16465 1658410816 0 3 2.789 4.978
16466 1658410816 0 4 2.578 1.434
16467 1658410816 0 1 0.438
16468 1658410816 0 5 0.04
16469 1658410816 0 6 0.12
16470 1658410817 0 8 4.997 12.248 11.89
16471 1658410817 0 0 27.59 8.21 134.3 67.69 124.2 7.63 16.0 0.0 402.6 6.90 46.05 1.2
16472 1658410817 0 7 $GNGGA,134016.000,4423.59265,N,00856.04493,E,1,16,0.7,5.3,M,44.7,M,,*4F
16473 1658410817 0 7 $GNGGA,134017.000,4423.59268,N,00856.04490,E,1,16,0.7,5.3,M,44.7,M,,*40
16474 1658410818 0 7 $GNGGA,134018.000,4423.59289,N,00856.04460,E,1,16,0.7,5.5,M,44.7,M,,*49
16475 1658410819 0 3 2.791 4.978
16476 1658410819 0 4 2.578 1.434
16477 1658410819 0 5 0.04
16478 1658410820 0 6 0.11
16479 1658410820 0 8 4.997 12.266 11.89
16480 1658410820 0 0 27.37 8.21 134.3 67.84 124.4 7.66 16.1 0.0 410.5 7.47 46.17 1.2
16481 1658410820 0 7 $GNGGA,134019.000,4423.59293,N,00856.04454,E,1,16,0.7,5.5,M,44.7,M,,*44
16482 1658410820 0 7 $GNGGA,134020.000,4423.59296,N,00856.04447,E,1,16,0.7,5.5,M,44.7,M,,*49
16483 1658410821 0 7 $GNGGA,134021.000,4423.59300,N,00856.04440,E,1,16,0.7,5.6,M,44.7,M,,*42
16484 1658410822 0 3 2.792 4.978
16485 1658410822 0 4 2.578 1.434
16486 1658410822 0 1 1.028
16487 1658410822 0 5 0.04
16488 1658410823 0 6 0.11
16489 1658410823 0 8 4.997 12.276 11.89
16490 1658410823 0 0 26.42 8.21 134.4 67.75 124.6 7.80 16.5 0.0 451.5 8.27 46.13 1.1
16491 1658410823 0 7 $GNGGA,134022.000,4423.59301,N,00856.04436,E,1,16,0.7,5.6,M,44.7,M,,*41
16492 1658410823 0 7 $GNGGA,134023.000,4423.59312,N,00856.04392,E,1,16,0.7,5.5,M,44.7,M,,*48
16493 1658410824 0 7 $GNGGA,134024.000,4423.59313,N,00856.04390,E,1,16,0.7,5.5,M,44.7,M,,*4C
16494 1658410825 0 3 2.791 4.978
16495 1658410825 0 1 1.839
16496 1658410825 0 4 2.578 1.434
16497 1658410825 0 5 0.04
16498 1658410826 0 6 0.11
16499 1658410826 0 8 4.997 12.285 11.89
16500 1658410826 0 0 25.76 8.21 134.5 67.54 124.7 7.89 16.6 0.0 468.1 9.08 45.99 1.1
16501 1658410826 0 7 $GNGGA,134025.000,4423.59315,N,00856.04385,E,1,16,0.7,5.5,M,44.7,M,,*4F
16502 1658410827 0 7 $GNGGA,134027.000,4423.59319,N,00856.04375,E,1,16,0.7,5.5,M,44.7,M,,*4E
16503 1658410828 0 3 2.793 4.978
16504 1658410828 0 1 1.381
16505 1658410828 0 4 2.578 1.431
16506 1658410828 0 5 0.04
16507 1658410829 0 6 0.11
16508 1658410829 0 8 4.997 12.285 11.89
16509 1658410829 0 0 25.40 8.22 134.6 67.40 124.7 7.94 16.6 0.0 465.5 9.80 45.88 1.1
16510 1658410829 0 7 $GNGGA,134028.000,4423.59322,N,00856.04368,E,1,16,0.7,5.5,M,44.7,M,,*45
16511 1658410829 0 7 $GNGGA,134029.000,4423.59325,N,00856.04362,E,1,16,0.7,5.5,M,44.7,M,,*49
16512 1658410830 0 7 $GNGGA,134030.000,4423.59329,N,00856.04355,E,1,16,0.7,5.5,M,44.7,M,,*49
16513 1658410831 0 3 2.795 4.978
16514 1658410831 0 4 2.578 1.434
16515 1658410831 0 1 2.107
16516 1658410832 0 5 0.04
16517 1658410832 0 6 0.11
16518 1658410832 0 8 4.997 12.285 11.91
16519 1658410832 0 0 24.99 8.23 134.4 67.50 124.7 7.99 16.7 0.0 474.6 10.38 45.98 1.1
16520 1658410832 0 7 $GNGGA,134031.000,4423.59332,N,00856.04352,E,1,16,0.7,5.5,M,44.7,M,,*45
16521 1658410832 0 7 $GNGGA,134032.000,4423.59334,N,00856.04348,E,1,16,0.7,5.5,M,44.7,M,,*4B
16522 1658410833 0 7 $GNGGA,134033.000,4423.59336,N,00856.04345,E,1,16,0.7,5.6,M,44.7,M,,*46
16523 1658410834 0 3 2.795 4.978
16524 1658410834 0 1 2.365
16525 1658410834 0 4 2.578 1.436
16526 1658410834 0 5 0.04
16527 1658410835 0 6 0.11
16528 1658410835 0 8 4.997 12.295 11.89
16529 1658410835 0 0 24.64 8.23 134.4 67.42 124.7 8.04 16.7 0.0 476.1 11.00 45.92 1.1
16530 1658410835 0 7 $GNGGA,134034.000,4423.59356,N,00856.04302,E,1,16,0.7,6.0,M,44.7,M,,*41
16531 1658410835 0 7 $GNGGA,134035.000,4423.59385,N,00856.04260,E,1,16,0.7,6.3,M,44.7,M,,*48
16532 1658410836 0 7 $GNGGA,134036.000,4423.59413,N,00856.04225,E,1,16,0.7,6.3,M,44.7,M,,*42
16533 1658410837 0 3 2.795 4.978
16534 1658410837 0 4 2.577 1.441
16535 1658410837 0 1 2.342
16536 1658410837 0 5 0.04
16537 1658410838 0 6 0.11
16538 1658410838 0 8 4.997 12.266 11.89
16539 1658410838 0 0 24.48 8.23 134.4 67.21 124.8 8.08 16.6 0.0 465.9 11.07 45.76 1.0
16540 1658410838 0 2 0.06190000 4.67269992 1.57710003 0.03590000 2.75370001 0.00450000 0.06750000 0.27439999 1.00000000 85.60800170
16541 1658410838 0 7 $GNGGA,134037.000,4423.59427,N,00856.04193,E,1,16,0.7,6.5,M,44.7,M,,*4C
16542 1658410839 0 7 $GNGGA,134039.000,4423.59458,N,00856.04113,E,1,16,0.7,6.5,M,44.7,M,,*42
16543 1658410840 0 3 2.792 4.978
16544 1658410840 0 1 2.322
16545 1658410840 0 4 2.576 1.444
16546 1658410840 0 5 0.04
16547 1658410841 0 6 0.11
16548 1658410841 0 8 4.997 12.257 11.89
16549 1658410841 0 0 24.57 8.23 134.5 67.17 124.8 8.07 16.5 0.0 448.9 10.56 45.73 1.0
16550 1658410841 0 7 $GNGGA,134040.000,4423.59465,N,00856.04107,E,1,16,0.7,6.5,M,44.7,M,,*47
16551 1658410841 0 7 $GNGGA,134041.000,4423.59470,N,00856.04098,E,1,16,0.7,6.5,M,44.7,M,,*45
16552 1658410842 0 7 $GNGGA,134042.000,4423.59476,N,00856.04088,E,1,16,0.7,6.5,M,44.7,M,,*41
16553 1658410843 0 3 2.792 4.978
16554 1658410843 0 4 2.576 1.439
16555 1658410843 0 1 1.919
16556 1658410843 0 5 0.04
16557 1658410844 0 6 0.11
16558 1658410844 0 8 4.997 12.276 11.89
16559 1658410844 0 0 25.15 8.22 134.4 66.86 125.1 8.02 16.1 0.0 399.7 8.89 45.48 1.0
16560 1658410844 0 7 $GNGGA,134043.000,4423.59487,N,00856.04052,E,1,16,0.7,6.5,M,44.7,M,,*49
16561 1658410844 0 7 $GNGGA,134044.000,4423.59502,N,00856.04009,E,1,16,0.7,6.6,M,44.7,M,,*4F
16562 1658410845 0 7 $GNGGA,134045.000,4423.59526,N,00856.03958,E,1,16,0.7,6.6,M,44.7,M,,*42
16563 1658410846 0 3 2.792 4.978
16564 1658410846 0 1 1.336
16565 1658410846 0 4 2.575 1.439
16566 1658410846 0 5 0.04
16567 1658410847 0 6 0.11
16568 1658410847 0 8 4.997 12.257 11.89
16569 1658410847 0 0 25.96 8.21 134.4 67.01 125.5 7.93 15.8 0.0 376.9 8.16 45.57 1.1
16570 1658410847 0 7 $GNGGA,134046.000,4423.59536,N,00856.03942,E,1,16,0.7,6.6,M,44.7,M,,*4B
16571 1658410847 0 7 $GNGGA,134047.000,4423.59548,N,00856.03930,E,1,16,0.7,6.6,M,44.7,M,,*46
16572 1658410848 0 7 $GNGGA,134048.000,4423.59559,N,00856.03914,E,1,16,0.7,6.6,M,44.7,M,,*4F
16573 1658410849 0 3 2.793 4.978
16574 1658410849 0 4 2.575 1.439
16575 1658410849 0 1 1.269
16576 1658410849 0 5 0.04
16577 1658410850 0 6 0.10
16578 1658410850 0 8 4.997 12.257 11.89
16579 1658410850 0 0 26.26 8.21 134.2 67.20 126.1 7.93 15.7 0.0 368.2 7.89 45.70 1.1
16580 1658410850 0 7 $GNGGA,134049.000,4423.59565,N,00856.03902,E,1,16,0.7,6.6,M,44.7,M,,*46
16581 1658410850 0 7 $GNGGA,134050.000,4423.59571,N,00856.03890,E,1,16,0.7,6.6,M,44.7,M,,*41
16582 1658410851 0 7 $GNGGA,134051.000,4423.59576,N,00856.03877,E,1,16,0.7,6.6,M,44.7,M,,*4E
16583 1658410852 0 3 2.793 4.978
16584 1658410852 0 1 1.353
16585 1658410852 0 4 2.574 1.441
16586 1658410852 0 5 0.03
16587 1658410853 0 6 0.10
16588 1658410853 0 8 4.997 12.257 11.91
16589 1658410853 0 0 26.79 8.21 134.2 67.12 132.9 8.29 15.3 0.0 323.6 7.42 45.63 1.1
16590 1658410853 0 7 $GNGGA,134052.000,4423.59580,N,00856.03864,E,1,16,0.7,6.6,M,44.7,M,,*46
16591 1658410853 0 7 $GNGGA,134053.000,4423.59583,N,00856.03851,E,1,16,0.7,6.6,M,44.7,M,,*42
16592 1658410854 0 7 $GNGGA,134054.000,4423.59590,N,00856.03812,E,1,16,0.7,6.5,M,44.7,M,,*43
16593 1658410855 0 3 2.793 4.978
16594 1658410855 0 1 0.627
16595 1658410855 0 4 2.574 1.436
16596 1658410855 0 5 0.03
16597 1658410856 0 6 0.10
16598 1658410856 0 8 4.997 12.257 11.91
16599 1658410856 0 0 27.47 8.21 134.0 67.28 134.0 8.26 15.3 0.0 322.1 6.71 45.73 1.1
16600 1658410856 0 7 $GNGGA,134055.000,4423.59597,N,00856.03803,E,1,16,0.7,6.6,M,44.7,M,,*46
16601 1658410856 0 7 $GNGGA,134056.000,4423.59598,N,00856.03790,E,1,16,0.7,6.6,M,44.7,M,,*4F
16602 1658410857 0 7 $GNGGA,134057.000,4423.59599,N,00856.03776,E,1,16,0.7,6.6,M,44.7,M,,*47
16603 1658410858 0 3 2.792 4.978
16604 1658410858 0 4 2.573 1.434
16605 1658410858 0 1 0.469
16606 1658410858 0 5 0.03
16607 1658410859 0 6 0.10
16608 1658410859 0 8 4.997 12.248 11.89
16609 1658410859 0 0 27.63 8.21 133.8 67.44 134.1 8.24 15.4 0.0 319.9 5.92 45.85 1.2
16610 1658410859 0 7 $GNGGA,134058.000,4423.59603,N,00856.03759,E,1,16,0.7,6.6,M,44.7,M,,*45
16611 1658410859 0 7 $GNGGA,134059.000,4423.59608,N,00856.03743,E,1,16,0.7,6.6,M,44.7,M,,*44
16612 1658410860 0 7 $GNGGA,134100.000,4423.59612,N,00856.03727,E,1,16,0.7,6.6,M,44.7,M,,*40
16613 1658410861 0 3 2.791 4.978
16614 1658410861 0 1 0.334
16615 1658410861 0 4 2.574 1.434
16616 1658410861 0 5 0.03
16617 1658410862 0 6 0.10
16618 1658410862 0 8 4.997 12.276 11.89
16619 1658410862 0 0 27.71 8.21 133.7 67.66 134.1 8.22 15.4 0.0 314.6 5.03 46.02 1.2
16620 1658410862 0 7 $GNGGA,134101.000,4423.59615,N,00856.03715,E,1,16,0.7,6.6,M,44.7,M,,*47
16621 1658410862 0 7 $GNGGA,134102.000,4423.59617,N,00856.03707,E,1,16,0.7,6.6,M,44.7,M,,*45
16622 1658410863 0 7 $GNGGA,134103.000,4423.59621,N,00856.03700,E,1,16,0.7,6.6,M,44.7,M,,*46
16623 1658410864 0 3 2.787 4.978
16624 1658410864 0 4 2.573 1.434
16625 1658410864 0 1 0.382
16626 1658410864 0 5 0.03
16627 1658410865 0 6 0.10
16628 1658410865 0 8 4.997 12.257 11.89
16629 1658410865 0 0 27.78 8.21 133.6 67.75 134.1 8.21 15.4 0.0 310.0 4.11 46.09 1.2
16630 1658410865 0 7 $GNGGA,134104.000,4423.59627,N,00856.03691,E,1,16,0.7,6.6,M,44.7,M,,*4E
16631 1658410865 0 7 $GNGGA,134105.000,4423.59633,N,00856.03681,E,1,16,0.7,6.5,M,44.7,M,,*48
16632 1658410866 0 7 $GNGGA,134106.000,4423.59637,N,00856.03669,E,1,16,0.7,6.5,M,44.7,M,,*49
16633 1658410867 0 3 2.778 4.978
16634 1658410867 0 1 0.299
16635 1658410867 0 4 2.571 1.436
16636 1658410867 0 5 0.03
16637 1658410868 0 6 0.10
16638 1658410868 0 8 4.997 12.257 11.89
16639 1658410868 0 0 27.96 8.21 133.5 67.59 133.8 8.17 15.4 0.0 303.3 3.11 45.96 1.2
16640 1658410868 0 7 $GNGGA,134107.000,4423.59640,N,00856.03659,E,1,16,0.7,6.5,M,44.7,M,,*4B
16641 1658410868 0 7 $GNGGA,134108.000,4423.59647,N,00856.03649,E,1,16,0.7,6.5,M,44.7,M,,*42
16642 1658410869 0 7 $GNGGA,134109.000,4423.59648,N,00856.03641,E,1,16,0.7,6.5,M,44.7,M,,*44
16643 1658410870 0 3 2.702 4.978
16644 1658410870 0 4 2.566 1.434
16645 1658410870 0 1 0.337
16646 1658410870 0 5 0.03
16647 1658410871 0 6 0.10
16648 1658410871 0 8 4.997 12.257 11.89
16649 1658410871 0 0 28.27 8.20 133.3 67.52 133.7 8.13 15.2 0.0 288.0 1.86 45.89 1.2
16650 1658410871 0 7 $GNGGA,134110.000,4423.59653,N,00856.03631,E,1,16,0.7,6.5,M,44.7,M,,*41
16651 1658410871 0 7 $GNGGA,134111.000,4423.59657,N,00856.03621,E,1,16,0.7,6.5,M,44.7,M,,*45
16652 1658410872 0 7 $GNGGA,134112.000,4423.59662,N,00856.03611,E,1,16,0.7,6.6,M,44.7,M,,*40
16653 1658410873 0 3 2.612 4.978
16654 1658410873 0 1 0.598
16655 1658410873 0 4 2.559 1.436
16656 1658410873 0 5 0.03
16657 1658410874 0 6 0.10
16658 1658410874 0 8 4.997 12.257 11.89
16659 1658410874 0 0 28.64 8.20 133.1 67.54 133.6 8.08 15.3 0.0 278.9 1.12 45.89 1.2
16660 1658410874 0 7 $GNGGA,134113.000,4423.59667,N,00856.03603,E,1,16,0.7,6.6,M,44.7,M,,*47
16661 1658410874 0 7 $GNGGA,134114.000,4423.59672,N,00856.03595,E,1,16,0.7,6.6,M,44.7,M,,*48
16662 1658410875 0 7 $GNGGA,134115.000,4423.59675,N,00856.03585,E,1,16,0.7,6.6,M,44.7,M,,*4F
16663 1658410876 0 3 2.590 4.978
16664 1658410876 0 4 2.542 1.434
16665 1658410876 0 1 0.495
16666 1658410876 0 5 0.03
16667 1658410877 0 6 0.10
16668 1658410877 0 8 4.997 12.257 11.89
16669 1658410877 0 0 28.71 8.20 132.9 67.69 133.5 8.06 15.3 0.0 279.4 0.95 46.00 1.2
16670 1658410877 0 7 $GNGGA,134116.000,4423.59677,N,00856.03575,E,1,16,0.7,6.6,M,44.7,M,,*41
