/media/matrac-user/4835-A75D/grid_batimetria_grid_20.000000x20.000000x1.250000x.mesh
56 1627974075 0 4 2.47 -0.00
57 1627974075 0 5 0.31
58 1627974075 0 6 0.66
59 1627974075 0 8 4.97 12.33 11.89
60 1627974075 0 1 0.066
61 1627974076 0 0 25.67 8.16 235.2 0.006 101.6 8.04 133.8 22.9 153.6 0.39 0.01 11.6
62 1627974078 0 3 2.47 0.00
63 1627974078 0 4 2.47 -0.00
64 1627974078 0 5 0.29
65 1627974078 0 6 0.64
66 1627974078 0 8 4.97 12.33 11.89
67 1627974078 0 1 0.149
68 1627974079 0 0 25.68 8.16 235.1 0.006 101.6 8.03 134.1 22.9 152.9 0.40 0.01 11.6
69 1627974081 0 3 2.47 0.00
70 1627974081 0 4 2.47 -0.00
71 1627974081 0 5 0.27
72 1627974081 0 6 0.75
73 1627974081 0 8 4.97 12.34 11.89
74 1627974081 0 1 0.099
75 1627974082 0 0 25.70 8.16 235.0 0.006 101.7 8.03 134.2 22.9 151.7 0.40 0.01 11.7
76 1627974084 0 3 2.47 0.00
77 1627974084 0 4 2.47 -0.00
78 1627974084 0 5 0.26
79 1627974084 0 6 0.82
80 1627974084 0 8 4.97 12.34 11.87
81 1627974084 0 1 0.709
82 1627974085 0 0 25.71 8.16 234.9 0.006 101.6 8.03 134.1 22.9 150.9 0.39 0.01 11.7
83 1627974087 0 3 2.47 0.00
84 1627974087 0 4 2.47 -0.00
85 1627974087 0 5 0.25
86 1627974087 0 6 0.91
87 1627974087 0 8 4.97 12.34 11.89
88 1627974087 0 1 0.071
89 1627974088 0 0 25.72 8.17 234.8 0.006 101.6 8.03 134.5 23.0 150.5 0.39 0.01 11.8
90 1627974090 0 3 2.47 0.00
91 1627974090 0 4 2.47 -0.00
92 1627974090 0 5 0.24
93 1627974090 0 6 0.87
94 1627974090 0 8 4.97 12.34 11.89
95 1627974090 0 1 0.016
96 1627974091 0 0 25.73 8.17 234.8 0.006 101.6 8.02 134.4 23.0 150.0 0.40 0.01 11.8
97 1627974093 0 3 2.47 0.00
98 1627974093 0 4 2.47 -0.00
99 1627974093 0 5 0.23
100 1627974093 0 6 0.91
101 1627974093 0 8 4.97 12.34 11.89
102 1627974093 0 1 0.038
103 1627974094 0 0 25.74 8.17 234.7 0.006 101.6 8.02 134.6 23.1 149.3 0.39 0.01 11.8
104 1627974096 0 3 2.47 0.00
105 1627974096 0 4 2.48 -0.00
106 1627974096 0 5 0.22
107 1627974096 0 6 0.96
108 1627974096 0 8 4.97 12.34 11.89
109 1627974096 0 1 0.120
110 1627974097 0 0 25.76 8.17 234.6 0.006 101.6 8.02 134.5 23.1 148.9 0.39 0.01 11.9
111 1627974099 0 3 2.47 0.00
112 1627974099 0 4 2.47 -0.00
113 1627974099 0 5 0.21
114 1627974099 0 6 0.90
115 1627974099 0 8 4.97 12.34 11.89
116 1627974099 0 1 0.040
117 1627974100 0 0 25.77 8.17 234.6 0.006 101.6 8.02 134.4 23.1 148.9 0.39 0.01 11.9
118 1627974102 0 3 2.47 0.00
119 1627974102 0 4 2.48 -0.00
120 1627974102 0 5 0.21
121 1627974102 0 6 0.85
122 1627974102 0 8 4.97 12.35 11.89
123 1627974102 0 1 0.033
124 1627974103 0 0 25.78 8.17 234.4 0.006 101.6 8.01 134.4 23.1 149.0 0.40 0.01 11.9
125 1627974105 0 3 2.47 0.00
126 1627974105 0 4 2.47 1.18
127 1627974105 0 5 0.20
128 1627974105 0 6 0.88
129 1627974105 0 8 4.97 12.34 11.89
130 1627974105 0 1 0.200
131 1627974106 0 0 25.79 8.17 234.3 0.006 101.6 8.01 134.3 23.2 148.7 0.39 0.01 12.0
132 1627974108 0 3 2.47 0.00
133 1627974108 0 4 2.47 1.18
134 1627974108 0 5 0.20
135 1627974108 0 6 0.88
136 1627974108 0 8 4.97 12.34 11.89
137 1627974108 0 1 0.032
138 1627974109 0 0 25.80 8.17 234.2 0.006 101.5 8.01 134.7 23.2 149.0 0.40 0.01 12.0
139 1627974111 0 3 2.47 0.00
140 1627974111 0 4 2.47 1.18
141 1627974111 0 5 0.20
142 1627974111 0 6 0.90
143 1627974111 0 8 4.97 12.35 11.89
144 1627974111 0 1 0.878
145 1627974112 0 0 25.81 8.17 234.2 0.006 101.5 8.01 134.8 23.2 148.8 0.39 0.01 12.1
146 1627974114 0 3 2.47 0.00
147 1627974114 0 4 2.48 1.18
148 1627974114 0 5 0.19
149 1627974114 0 6 0.88
150 1627974114 0 8 4.97 12.35 11.89
151 1627974114 0 1 0.058
152 1627974115 0 0 25.82 8.17 234.1 0.006 101.5 8.00 134.6 23.2 148.7 0.39 0.01 12.1
153 1627974117 0 3 2.47 0.00
154 1627974117 0 4 2.48 1.18
155 1627974117 0 5 0.19
156 1627974117 0 6 0.87
157 1627974117 0 8 4.97 12.35 11.89
158 1627974117 0 1 0.093
159 1627974118 0 0 25.82 8.17 234.0 0.006 101.5 8.00 135.1 23.3 149.0 0.40 0.01 12.1
160 1627974120 0 3 2.47 0.00
161 1627974120 0 4 2.48 1.18
162 1627974120 0 5 0.18
163 1627974120 0 6 0.87
164 1627974120 0 8 4.97 12.35 11.89
165 1627974120 0 1 0.207
166 1627974121 0 0 25.83 8.17 233.9 0.006 101.5 8.00 134.8 23.4 148.7 0.40 0.01 12.1
167 1627974123 0 3 2.47 0.00
168 1627974123 0 4 2.48 1.18
169 1627974123 0 5 0.18
170 1627974123 0 6 0.90
171 1627974123 0 8 4.97 12.35 11.89
172 1627974123 0 1 0.230
173 1627974124 0 0 25.84 8.17 233.8 0.006 101.5 8.00 135.0 23.4 149.0 0.40 0.01 12.1
174 1627974126 0 3 2.47 0.00
175 1627974126 0 4 2.48 1.18
176 1627974126 0 5 0.17
177 1627974126 0 6 0.87
178 1627974126 0 8 4.97 12.35 11.89
179 1627974127 0 1 0.085
180 1627974127 0 0 25.85 8.17 233.8 0.006 101.4 7.99 135.0 23.4 149.0 0.39 0.01 12.2
181 1627974129 0 3 2.47 0.00
182 1627974129 0 4 2.48 1.21
183 1627974129 0 5 0.17
184 1627974129 0 6 0.89
185 1627974129 0 8 4.97 12.35 11.89
186 1627974129 0 1 0.086
187 1627974130 0 0 25.86 8.17 233.7 0.006 101.5 7.99 134.7 23.4 148.9 0.40 0.01 12.1
188 1627974132 0 3 2.47 0.00
189 1627974132 0 4 2.48 1.22
190 1627974132 0 5 0.17
191 1627974132 0 6 0.79
192 1627974132 0 8 4.97 12.35 11.89
193 1627974132 0 1 0.114
194 1627974133 0 0 25.87 8.17 233.6 0.006 101.5 7.99 134.7 23.4 149.0 0.39 0.01 12.1
195 1627974135 0 3 2.47 0.00
196 1627974135 0 4 2.48 1.23
197 1627974135 0 5 0.17
198 1627974135 0 6 0.80
199 1627974135 0 8 4.97 12.35 11.89
200 1627974135 0 1 0.136
201 1627974136 0 0 25.88 8.17 233.5 0.006 101.4 7.99 134.8 23.5 149.2 0.39 0.01 12.2
202 1627974138 0 3 2.47 0.00
203 1627974138 0 4 2.48 1.23
204 1627974138 0 5 0.16
205 1627974138 0 6 0.80
206 1627974138 0 8 4.97 12.35 11.89
207 1627974138 0 1 0.726
208 1627974139 0 0 25.89 8.17 233.5 0.006 101.4 7.99 134.6 23.5 149.0 0.39 0.01 12.1
209 1627974141 0 3 2.47 0.00
210 1627974141 0 4 2.48 1.22
211 1627974141 0 5 0.16
212 1627974141 0 6 0.81
213 1627974141 0 8 4.97 12.35 11.89
214 1627974141 0 1 0.140
215 1627974142 0 0 25.89 8.17 233.4 0.006 101.4 7.99 134.7 23.5 149.5 0.40 0.01 12.2
216 1627974144 0 3 2.47 0.00
217 1627974144 0 4 2.48 1.22
218 1627974144 0 5 0.16
219 1627974144 0 6 0.81
220 1627974144 0 8 4.97 12.35 11.89
221 1627974144 0 1 0.083
222 1627974145 0 0 25.90 8.17 233.3 0.006 101.4 7.99 134.7 23.6 149.5 0.40 0.01 12.1
223 1627974147 0 3 2.47 0.00
224 1627974147 0 4 2.48 1.22
225 1627974147 0 5 0.15
226 1627974147 0 6 0.82
227 1627974147 0 8 4.97 12.34 11.89
228 1627974147 0 1 0.111
229 1627974148 0 0 25.92 8.17 233.2 0.006 101.4 7.98 134.7 23.6 149.7 0.40 0.01 12.1
230 1627974150 0 3 2.47 0.00
231 1627974150 0 4 2.48 1.22
232 1627974150 0 5 0.15
233 1627974150 0 6 0.82
234 1627974150 0 8 4.97 12.35 11.89
235 1627974150 0 1 0.075
236 1627974151 0 0 25.93 8.17 233.2 0.006 101.4 7.98 134.7 23.6 150.0 0.40 0.01 12.2
237 1627974153 0 3 2.47 0.00
238 1627974153 0 4 2.48 1.22
239 1627974153 0 5 0.15
240 1627974153 0 6 0.81
241 1627974153 0 8 4.97 12.36 11.89
242 1627974153 0 1 0.072
243 1627974154 0 0 25.94 8.17 233.1 0.006 101.4 7.98 134.6 23.7 149.8 0.40 0.01 12.2
244 1627974156 0 3 2.47 0.00
245 1627974156 0 4 2.48 1.22
246 1627974156 0 5 0.15
247 1627974156 0 6 0.80
248 1627974156 0 8 4.97 12.35 11.89
249 1627974156 0 1 0.027
250 1627974157 0 0 25.95 8.17 233.1 0.006 101.4 7.98 134.7 23.7 150.2 0.39 0.01 12.1
251 1627974159 0 3 2.47 0.00
252 1627974159 0 4 2.48 1.22
253 1627974159 0 5 0.14
254 1627974159 0 6 0.80
255 1627974159 0 8 4.97 12.21 11.89
256 1627974159 0 1 0.100
257 1627974160 0 0 25.96 8.17 233.0 0.006 101.4 7.97 134.8 23.8 150.6 0.39 0.01 12.2
258 1627974162 0 3 2.47 0.00
259 1627974162 0 4 2.48 1.22
260 1627974162 0 5 0.14
261 1627974162 0 6 0.26
262 1627974162 0 8 4.97 12.20 11.89
263 1627974162 0 1 0.051
264 1627974163 0 0 25.97 8.17 232.9 0.006 101.4 7.97 134.6 23.9 150.8 0.40 0.01 12.1
265 1627974165 0 3 2.47 0.00
266 1627974165 0 4 2.48 1.22
267 1627974165 0 5 0.14
268 1627974165 0 6 0.26
269 1627974165 0 8 4.97 12.35 11.89
270 1627974165 0 1 0.739
271 1627974166 0 0 25.98 8.17 232.8 0.006 101.4 7.97 134.5 23.9 151.1 0.40 0.01 12.1
272 1627974168 0 3 2.47 0.00
273 1627974168 0 4 2.48 1.22
274 1627974168 0 5 0.14
275 1627974168 0 6 0.25
276 1627974168 0 8 4.97 12.21 11.87
277 1627974168 0 1 0.150
278 1627974169 0 0 25.99 8.17 232.7 0.006 101.4 7.97 134.7 24.0 151.2 0.40 0.01 12.1
279 1627974171 0 3 2.47 0.00
280 1627974171 0 4 2.48 1.22
281 1627974171 0 5 0.13
282 1627974172 0 6 0.25
283 1627974172 0 8 4.97 12.22 11.89
284 1627974172 0 1 0.044
285 1627974172 0 0 26.00 8.17 232.7 0.006 101.4 7.97 134.5 24.0 151.1 0.39 0.01 12.1
286 1627974174 0 3 2.47 0.00
287 1627974174 0 4 2.48 1.22
288 1627974174 0 5 0.13
289 1627974175 0 6 0.25
290 1627974175 0 8 4.97 12.35 11.89
291 1627974175 0 1 0.086
292 1627974175 0 0 26.01 8.17 232.6 0.006 101.4 7.96 134.7 24.1 151.1 0.39 0.01 12.1
293 1627974177 0 3 2.47 0.00
294 1627974177 0 4 2.48 1.28
295 1627974177 0 5 0.13
296 1627974178 0 6 0.25
297 1627974178 0 8 4.97 12.20 11.87
298 1627974178 0 1 0.142
299 1627974178 0 0 26.02 8.17 232.5 0.006 101.3 7.96 134.5 24.2 151.2 0.40 0.01 12.1
300 1627974180 0 3 2.47 0.00
301 1627974181 0 4 2.48 1.27
302 1627974181 0 5 0.13
303 1627974181 0 6 0.25
304 1627974181 0 8 4.97 12.36 11.89
305 1627974181 0 1 0.167
306 1627974181 0 0 26.03 8.17 232.4 0.006 101.4 7.96 134.5 24.2 151.5 0.40 0.01 12.1
307 1627974183 0 3 2.47 0.00
308 1627974184 0 4 2.48 1.27
309 1627974184 0 5 0.13
310 1627974184 0 6 0.25
311 1627974184 0 8 4.97 12.36 11.89
312 1627974184 0 1 0.619
313 1627974184 0 0 26.05 8.17 232.3 0.006 101.3 7.96 134.7 24.3 151.9 0.39 0.01 12.2
314 1627974186 0 3 2.47 0.00
315 1627974187 0 4 2.48 1.27
316 1627974187 0 5 0.12
317 1627974187 0 6 0.24
318 1627974187 0 8 4.97 12.34 11.89
319 1627974187 0 1 0.049
320 1627974187 0 0 26.06 8.17 232.3 0.006 101.3 7.95 134.6 24.3 151.9 0.39 0.01 12.1
321 1627974189 0 3 2.47 0.00
322 1627974190 0 4 2.48 1.27
323 1627974190 0 5 0.12
324 1627974190 0 6 0.24
325 1627974190 0 8 4.97 12.36 11.89
326 1627974190 0 1 0.065
327 1627974190 0 0 26.07 8.17 232.2 0.006 101.3 7.95 134.6 24.4 152.1 0.40 0.01 12.2
328 1627974192 0 3 2.47 0.00
329 1627974193 0 4 2.48 1.27
330 1627974193 0 5 0.12
331 1627974193 0 6 0.24
332 1627974193 0 8 4.97 12.34 11.89
333 1627974193 0 1 0.080
334 1627974193 0 0 26.08 8.17 232.1 0.006 101.3 7.95 134.6 24.5 152.1 0.39 0.01 12.2
335 1627974195 0 3 2.47 0.00
336 1627974196 0 4 2.48 1.27
337 1627974196 0 5 0.12
338 1627974196 0 6 0.24
339 1627974196 0 8 4.97 12.35 11.89
340 1627974196 0 1 0.057
341 1627974196 0 0 26.09 8.17 232.1 0.006 101.3 7.95 134.6 24.5 152.3 0.40 0.01 12.1
342 1627974198 0 3 2.47 0.00
343 1627974199 0 4 2.48 1.27
344 1627974199 0 5 0.12
345 1627974199 0 6 0.24
346 1627974199 0 8 4.97 12.35 11.91
347 1627974199 0 1 0.152
348 1627974199 0 0 26.10 8.17 232.1 0.006 101.3 7.95 134.7 24.6 152.7 0.39 0.01 12.2
349 1627974201 0 3 2.47 0.00
350 1627974202 0 4 2.48 1.27
351 1627974202 0 5 0.12
352 1627974202 0 6 0.24
353 1627974202 0 8 4.97 12.35 11.89
354 1627974202 0 1 0.165
355 1627974202 0 0 26.11 8.17 232.0 0.006 101.3 7.95 135.1 24.6 152.0 0.39 0.01 12.2
356 1627974204 0 3 2.47 0.00
357 1627974205 0 4 2.48 1.27
358 1627974205 0 5 0.12
359 1627974205 0 6 0.24
360 1627974205 0 8 4.97 12.36 11.91
361 1627974205 0 1 0.177
362 1627974205 0 0 26.12 8.17 231.9 0.006 101.3 7.95 135.1 24.7 152.1 0.39 0.01 12.2
363 1627974207 0 3 2.47 0.00
364 1627974208 0 4 2.48 1.27
365 1627974208 0 5 0.12
366 1627974208 0 6 0.11
367 1627974208 0 8 4.97 12.35 11.89
368 1627974208 0 1 0.090
369 1627974208 0 0 26.13 8.17 231.8 0.006 101.3 7.95 135.1 24.8 152.2 0.40 0.01 12.2
370 1627974210 0 3 2.47 0.00
371 1627974211 0 4 2.48 1.28
372 1627974211 0 5 0.12
373 1627974211 0 6 0.11
374 1627974211 0 8 4.97 12.35 11.89
375 1627974211 0 1 0.704
376 1627974211 0 0 26.14 8.17 231.8 0.006 101.4 7.94 134.9 24.8 151.9 0.40 0.01 12.2
377 1627974213 0 3 2.47 0.00
378 1627974214 0 4 2.48 1.28
379 1627974214 0 5 0.11
380 1627974214 0 6 0.11
381 1627974214 0 8 4.97 12.34 11.89
382 1627974214 0 1 0.049
383 1627974214 0 0 26.15 8.17 231.7 0.006 101.4 7.94 134.8 24.8 151.7 0.40 0.01 12.2
384 1627974216 0 3 2.47 0.00
385 1627974217 0 4 2.48 1.28
386 1627974217 0 5 0.11
387 1627974217 0 6 0.11
388 1627974217 0 8 4.97 12.35 11.89
389 1627974217 0 1 0.128
390 1627974217 0 0 26.16 8.17 231.7 0.006 101.4 7.94 134.9 24.9 152.3 0.40 0.01 12.2
391 1627974219 0 3 2.47 0.00
392 1627974220 0 4 2.48 1.28
393 1627974220 0 5 0.11
394 1627974220 0 6 0.11
395 1627974220 0 8 4.97 12.36 11.91
396 1627974220 0 1 0.080
397 1627974220 0 0 26.17 8.16 231.6 0.006 101.4 7.94 135.4 25.0 152.7 0.39 0.01 12.2
398 1627974222 0 3 2.47 0.00
399 1627974223 0 4 2.48 1.28
400 1627974223 0 5 0.11
401 1627974223 0 6 0.11
402 1627974223 0 8 4.97 12.36 11.89
403 1627974223 0 1 0.082
404 1627974223 0 0 26.18 8.16 231.6 0.006 101.4 7.94 135.0 25.0 153.3 0.40 0.01 12.2
405 1627974225 0 3 2.47 0.00
406 1627974226 0 4 2.48 1.28
407 1627974226 0 5 0.11
408 1627974226 0 6 0.11
409 1627974226 0 8 4.97 12.35 11.89
410 1627974226 0 1 0.074
411 1627974226 0 0 26.19 8.16 231.5 0.006 101.4 7.94 135.3 25.0 154.5 0.40 0.01 12.2
412 1627974228 0 3 2.47 0.00
413 1627974229 0 4 2.48 1.28
414 1627974229 0 5 0.11
415 1627974229 0 6 0.11
416 1627974229 0 8 4.97 12.36 11.89
417 1627974229 0 1 0.053
418 1627974229 0 0 26.20 8.16 231.4 0.006 101.4 7.94 135.3 25.1 155.0 0.40 0.01 12.2
427 1627974235 0 4 2.48 1.27
428 1627974235 0 5 0.11
429 1627974235 0 6 0.11
430 1627974235 0 8 4.97 12.36 11.89
431 1627974235 0 1 0.076
432 1627974235 0 0 26.22 8.16 231.4 0.006 101.4 7.94 135.5 25.2 154.9 0.40 0.01 12.2
433 1627974237 0 3 2.47 0.00
434 1627974238 0 4 2.48 1.27
435 1627974238 0 5 0.11
436 1627974238 0 6 0.11
437 1627974238 0 8 4.97 12.36 11.91
438 1627974238 0 1 0.778
439 1627974238 0 0 26.23 8.16 231.4 0.006 101.4 7.94 135.2 25.3 155.3 0.40 0.01 12.1
440 1627974240 0 3 2.47 0.00
441 1627974241 0 4 2.48 1.27
442 1627974241 0 5 0.11
443 1627974241 0 6 0.11
444 1627974241 0 8 4.97 12.36 11.89
445 1627974241 0 1 0.092
446 1627974241 0 0 26.24 8.16 231.3 0.006 101.4 7.94 135.1 25.3 155.1 0.40 0.01 12.1
447 1627974243 0 3 2.47 0.00
448 1627974244 0 4 2.48 1.27
449 1627974244 0 5 0.11
450 1627974244 0 6 0.11
451 1627974244 0 8 4.97 12.36 11.89
452 1627974244 0 1 0.026
453 1627974244 0 0 26.25 8.16 231.2 0.006 101.5 7.94 135.0 25.4 155.2 0.40 0.01 12.1
454 1627974246 0 3 2.47 0.00
455 1627974247 0 4 2.48 1.26
456 1627974247 0 5 0.11
457 1627974247 0 6 0.11
458 1627974247 0 8 4.97 12.35 11.89
459 1627974247 0 1 0.028
460 1627974247 0 0 26.26 8.16 231.2 0.006 101.5 7.94 135.1 25.5 155.6 0.40 0.01 12.1
461 1627974249 0 3 2.47 0.00
462 1627974250 0 4 2.48 1.26
463 1627974250 0 5 0.11
464 1627974250 0 6 0.11
465 1627974250 0 8 4.97 12.35 11.89
466 1627974250 0 1 0.193
467 1627974250 0 0 26.27 8.16 231.1 0.006 101.5 7.94 135.5 25.6 155.7 0.40 0.01 12.1
468 1627974252 0 3 2.47 0.00
469 1627974253 0 4 2.48 1.26
470 1627974253 0 5 0.11
471 1627974253 0 6 0.11
472 1627974253 0 8 4.97 12.36 11.91
473 1627974253 0 1 0.043
474 1627974253 0 0 26.28 8.16 231.0 0.006 101.5 7.93 135.4 25.6 156.1 0.40 0.01 12.1
475 1627974255 0 3 2.47 0.00
476 1627974256 0 4 2.48 1.26
477 1627974256 0 5 0.11
478 1627974256 0 6 0.11
479 1627974256 0 8 4.97 12.36 11.91
480 1627974256 0 1 0.090
481 1627974256 0 0 26.29 8.16 231.0 0.006 101.5 7.93 135.4 25.7 156.9 0.40 0.01 12.1
482 1627974258 0 3 2.47 0.00
483 1627974259 0 4 2.48 1.26
484 1627974259 0 5 0.10
485 1627974259 0 6 0.11
486 1627974259 0 8 4.97 12.36 11.91
487 1627974259 0 1 0.290
488 1627974259 0 0 26.30 8.16 231.0 0.006 101.5 7.93 135.3 25.8 157.3 0.40 0.01 12.1
489 1627974261 0 3 2.48 0.00
490 1627974262 0 4 2.48 1.27
491 1627974262 0 5 0.10
492 1627974262 0 6 0.11
493 1627974262 0 8 4.97 12.36 11.91
494 1627974262 0 1 0.081
495 1627974262 0 0 26.30 8.16 230.8 0.006 101.5 7.93 135.6 25.8 157.7 0.39 0.01 12.1
496 1627974264 0 3 2.48 0.00
497 1627974265 0 4 2.48 1.27
498 1627974265 0 5 0.10
499 1627974265 0 6 0.11
500 1627974265 0 8 4.97 12.36 11.89
501 1627974265 0 1 0.797
502 1627974265 0 0 26.31 8.16 230.8 0.006 101.5 7.93 135.4 25.9 157.6 0.39 0.01 12.1
503 1627974267 0 3 2.48 0.00
504 1627974268 0 4 2.48 1.27
505 1627974268 0 5 0.10
506 1627974268 0 6 0.11
507 1627974268 0 8 4.97 12.36 11.89
508 1627974268 0 1 0.090
509 1627974268 0 0 26.32 8.16 230.8 0.006 101.5 7.93 135.5 25.9 157.6 0.40 0.01 12.1
510 1627974270 0 3 2.47 0.00
511 1627974271 0 4 2.48 1.27
512 1627974271 0 5 0.10
513 1627974271 0 6 0.11
514 1627974271 0 8 4.97 12.36 11.89
515 1627974271 0 1 0.012
516 1627974271 0 0 26.33 8.16 230.7 0.006 101.5 7.93 135.9 26.0 158.3 0.40 0.01 12.1
517 1627974274 0 3 2.47 0.00
518 1627974274 0 4 2.48 1.27
519 1627974274 0 5 0.10
520 1627974274 0 6 0.11
521 1627974274 0 8 4.97 12.36 11.89
522 1627974274 0 1 0.063
523 1627974274 0 0 26.34 8.15 230.6 0.006 101.5 7.93 135.8 26.1 158.5 0.40 0.01 12.1
524 1627974276 0 3 2.47 0.00
525 1627974277 0 4 2.48 1.26
526 1627974277 0 5 0.10
527 1627974277 0 6 0.11
528 1627974277 0 8 4.97 12.36 11.89
529 1627974277 0 1 0.096
530 1627974277 0 0 26.34 8.15 230.5 0.006 101.5 7.93 135.9 26.1 159.1 0.39 0.01 12.1
531 1627974279 0 3 2.48 0.00
532 1627974280 0 4 2.48 1.28
533 1627974280 0 5 0.10
534 1627974280 0 6 0.11
535 1627974280 0 8 4.97 12.36 11.89
536 1627974280 0 1 0.036
537 1627974280 0 0 26.35 8.15 230.5 0.006 101.5 7.93 135.9 26.2 159.5 0.40 0.01 12.1
538 1627974282 0 3 2.47 0.00
539 1627974283 0 4 2.48 1.28
540 1627974283 0 5 0.10
541 1627974283 0 6 0.14
542 1627974283 0 8 4.97 12.36 11.91
543 1627974283 0 1 1.141
544 1627974283 0 0 26.36 8.15 230.5 0.006 101.5 7.93 135.5 26.2 160.0 0.40 0.01 12.0
545 1627974285 0 3 2.48 0.00
546 1627974286 0 4 2.48 1.28
547 1627974286 0 5 0.10
548 1627974286 0 6 0.13
549 1627974286 0 8 4.97 12.36 11.91
550 1627974286 0 1 0.230
551 1627974286 0 0 26.36 8.15 230.4 0.006 101.6 7.93 135.4 26.3 160.5 0.40 0.01 12.0
552 1627974288 0 3 2.48 0.00
553 1627974289 0 4 2.48 1.27
554 1627974289 0 5 0.10
555 1627974289 0 6 0.18
556 1627974289 0 8 4.97 12.36 11.89
557 1627974289 0 1 0.015
558 1627974289 0 0 26.37 8.15 230.4 0.006 101.6 7.93 135.4 26.4 160.8 0.40 0.01 11.9
559 1627974291 0 3 2.48 0.00
560 1627974292 0 4 2.48 1.29
561 1627974292 0 5 0.10
562 1627974292 0 6 0.13
563 1627974292 0 8 4.97 12.26 11.89
564 1627974292 0 1 0.793
565 1627974292 0 0 26.37 8.15 230.4 0.006 101.5 7.93 135.7 26.4 161.4 0.40 0.01 11.9
566 1627974294 0 3 2.48 0.00
567 1627974295 0 4 2.48 1.29
568 1627974295 0 5 0.10
569 1627974295 0 6 0.12
570 1627974295 0 8 4.97 12.21 11.87
571 1627974295 0 1 0.067
572 1627974295 0 0 26.38 8.14 230.3 0.006 101.6 7.93 136.1 26.5 161.3 0.40 0.01 11.9
573 1627974297 0 3 2.47 0.00
574 1627974298 0 4 2.48 1.29
575 1627974298 0 5 0.10
576 1627974298 0 6 0.13
577 1627974298 0 8 4.97 12.35 11.89
578 1627974298 0 1 0.151
579 1627974298 0 0 26.39 8.14 230.3 0.006 101.6 7.92 136.1 26.5 161.6 0.40 0.01 11.9
580 1627974300 0 3 2.48 0.00
581 1627974301 0 4 2.48 1.28
582 1627974301 0 5 0.10
583 1627974301 0 6 0.13
584 1627974301 0 8 4.97 12.22 11.89
585 1627974301 0 1 0.080
586 1627974301 0 0 26.39 8.13 230.7 0.006 101.5 7.92 140.1 26.9 171.3 0.40 0.01 11.8
587 1627974303 0 3 2.48 0.00
588 1627974304 0 4 2.48 1.28
589 1627974304 0 5 0.10
590 1627974304 0 6 0.19
591 1627974304 0 8 4.97 12.36 11.89
592 1627974304 0 1 0.037
593 1627974304 0 0 25.96 8.12 230.3 0.006 101.6 7.99 165.9 27.2 211.4 0.40 0.01 13.2
594 1627974306 0 3 2.48 0.00
595 1627974307 0 4 2.48 1.26
596 1627974307 0 5 0.09
597 1627974307 0 6 0.12
598 1627974307 0 8 4.97 12.35 11.89
599 1627974307 0 1 0.041
600 1627974307 0 0 25.35 7.96 232.3 0.006 101.5 8.07 187.9 30.1 230.2 0.40 0.01 10.0
601 1627974309 0 3 2.48 0.00
602 1627974310 0 4 2.48 1.28
603 1627974310 0 5 0.09
604 1627974310 0 6 0.11
605 1627974310 0 8 4.97 12.21 11.89
606 1627974310 0 1 0.055
607 1627974310 0 0 24.87 7.72 236.0 0.006 101.5 8.14 265.7 35.7 292.9 0.39 0.01 7.8
608 1627974312 0 3 2.47 0.00
609 1627974313 0 4 2.48 1.31
610 1627974313 0 5 0.09
611 1627974313 0 6 0.12
612 1627974313 0 8 4.97 12.36 11.91
613 1627974313 0 1 0.138
614 1627974313 0 0 24.50 7.44 244.3 0.006 101.4 8.20 374.0 46.9 405.5 0.40 0.01 5.7
615 1627974315 0 3 2.48 0.00
616 1627974316 0 4 2.48 1.31
617 1627974316 0 5 0.10
618 1627974316 0 6 0.08
619 1627974316 0 8 4.97 12.36 11.91
620 1627974316 0 1 0.182
621 1627974316 0 0 23.92 6.66 282.1 0.005 101.3 8.28 778.6 60.6 968.0 0.40 0.01 1.9
622 1627974318 0 3 2.48 0.00
623 1627974319 0 4 2.48 1.31
624 1627974319 0 5 0.09
625 1627974319 0 6 0.12
626 1627974319 0 8 4.97 12.35 11.89
627 1627974319 0 1 0.706
628 1627974319 0 0 23.65 6.24 310.0 0.004 101.3 8.31 1044 86.3 1422 0.40 0.01 0.9
629 1627974321 0 3 2.48 0.00
630 1627974322 0 4 2.48 1.31
631 1627974322 0 5 0.09
632 1627974322 0 6 0.10
633 1627974322 0 8 4.97 12.36 11.89
634 1627974322 0 1 0.075
635 1627974322 0 0 23.50 5.83 341.6 0.003 101.2 8.33 1309 99.7 1928 0.40 0.01 0.4
636 1627974324 0 3 2.48 0.00
637 1627974325 0 4 2.48 1.31
638 1627974325 0 5 0.09
639 1627974325 0 6 0.15
640 1627974325 0 8 4.97 12.35 11.89
641 1627974325 0 1 0.066
642 1627974325 0 0 23.40 5.80 349.1 0.002 99.2 8.18 1274 136.8 1699 0.40 0.01 0.4
643 1627974327 0 3 2.48 0.00
644 1627974328 0 4 2.48 1.31
645 1627974328 0 5 0.09
646 1627974328 0 6 0.10
647 1627974328 0 8 4.97 12.36 11.89
648 1627974328 0 1 0.034
649 1627974328 0 0 23.32 5.97 337.3 0.001 99.1 8.18 1336 147.2 1796 0.40 0.01 0.6
650 1627974330 0 3 2.48 0.00
651 1627974331 0 4 2.48 1.31
652 1627974331 0 5 0.09
653 1627974331 0 6 0.15
654 1627974331 0 8 4.97 12.36 11.89
655 1627974331 0 1 0.080
656 1627974331 0 0 23.22 5.56 363.8 0.001 99.1 8.20 1473 143.8 2228 0.40 0.01 0.2
657 1627974333 0 3 2.48 0.00
658 1627974334 0 4 2.48 1.31
659 1627974334 0 5 0.09
660 1627974334 0 6 0.10
661 1627974334 0 8 4.97 12.36 11.91
662 1627974334 0 1 0.055
663 1627974334 0 0 23.10 5.23 383.3 0.000 99.1 8.22 1567 141.3 2624 0.40 0.01 0.1
664 1627974336 0 3 2.48 0.00
665 1627974337 0 4 2.48 1.30
666 1627974337 0 5 0.09
667 1627974337 0 6 0.19
668 1627974337 0 8 4.97 12.36 11.91
669 1627974337 0 1 0.127
670 1627974337 0 0 23.09 5.87 346.9 0.000 99.1 8.22 1343 171.0 2220 0.40 0.01 0.4
671 1627974340 0 3 2.48 0.00
672 1627974340 0 4 2.48 1.31
673 1627974340 0 5 0.09
674 1627974340 0 6 0.11
675 1627974340 0 8 4.97 12.36 11.91
676 1627974340 0 1 0.203
677 1627974340 0 0 22.98 5.34 371.8 0.000 99.1 8.24 1617 163.3 2628 0.40 0.01 0.1
678 1627974343 0 3 2.48 0.00
679 1627974343 0 4 2.48 1.31
680 1627974343 0 5 0.08
681 1627974343 0 6 0.12
682 1627974343 0 8 4.97 12.36 11.89
683 1627974343 0 1 0.036
684 1627974344 0 0 22.90 5.03 396.4 0.000 99.1 8.25 1882 144.7 3411 0.40 0.01 0.0
685 1627974346 0 3 2.48 0.00
686 1627974346 0 4 2.48 1.31
687 1627974346 0 5 0.08
688 1627974346 0 6 0.19
689 1627974346 0 8 4.97 12.36 11.91
690 1627974346 0 1 0.724
691 1627974346 0 0 22.84 4.94 397.1 0.000 99.1 8.26 1831 156.7 3543 0.40 0.01 0.0
692 1627974349 0 3 2.48 0.00
693 1627974349 0 4 2.48 1.31
694 1627974349 0 5 0.08
695 1627974349 0 6 0.14
696 1627974349 0 8 4.97 12.36 11.89
697 1627974349 0 1 0.049
698 1627974349 0 0 22.82 4.95 391.5 0.000 99.2 8.27 1716 165.8 3159 0.40 0.01 0.0
699 1627974352 0 3 2.48 0.00
700 1627974352 0 4 2.48 1.31
701 1627974352 0 5 0.08
702 1627974352 0 6 0.11
703 1627974352 0 8 4.97 12.37 11.89
704 1627974352 0 1 0.084
705 1627974352 0 0 22.76 4.53 424.6 0.000 99.2 8.28 1862 165.4 3287 0.40 0.01 0.0
706 1627974355 0 3 2.48 0.00
707 1627974355 0 4 2.48 1.31
708 1627974355 0 5 0.08
709 1627974355 0 6 0.14
710 1627974355 0 8 4.97 12.36 11.91
711 1627974355 0 1 0.094
712 1627974356 0 0 22.78 4.73 405.1 0.000 99.2 8.28 1540 200.9 2340 0.40 0.01 0.0
713 1627974358 0 3 2.48 0.00
714 1627974358 0 4 2.48 1.31
715 1627974358 0 5 0.08
716 1627974358 0 6 0.11
717 1627974358 0 8 4.97 12.36 11.89
718 1627974358 0 1 0.164
719 1627974358 0 0 22.81 4.68 403.0 0.000 99.3 8.28 1461 195.4 2568 0.40 0.01 0.0
720 1627974361 0 3 2.48 0.00
721 1627974361 0 4 2.48 1.31
722 1627974361 0 5 0.08
723 1627974361 0 6 0.10
724 1627974361 0 8 4.97 12.37 11.91
725 1627974361 0 1 0.091
726 1627974361 0 0 22.81 4.53 412.0 0.000 99.5 8.30 1593 188.6 2862 0.40 0.01 0.0
727 1627974364 0 3 2.48 0.00
728 1627974364 0 4 2.48 1.31
729 1627974364 0 5 0.08
730 1627974364 0 6 0.09
731 1627974364 0 8 4.97 12.36 11.89
732 1627974364 0 1 0.104
733 1627974364 0 0 22.83 5.00 387.1 0.000 99.5 8.30 1363 207.8 2062 0.40 0.01 0.0
734 1627974367 0 3 2.48 0.00
735 1627974367 0 4 2.48 1.31
736 1627974367 0 5 0.08
737 1627974367 0 6 0.11
738 1627974367 0 8 4.97 12.35 11.89
739 1627974367 0 1 0.257
741 1627974370 0 3 2.48 0.00
742 1627974370 0 4 2.48 1.30
743 1627974370 0 5 0.08
744 1627974370 0 6 0.09
745 1627974370 0 8 4.97 12.36 11.91
746 1627974370 0 1 0.079
747 1627974370 0 0 22.87 4.46 418.0 0.000 99.7 8.30 1719 171.4 2816 0.40 0.01 0.0
81 1627974542 0 1 0.136
82 1627974543 0 0 24.60 3.03 508.4 0.000 101.3 8.17 2066 206.2 818.3 0.40 0.01 0.0
83 1627974545 0 3 2.48 0.00
84 1627974545 0 4 2.48 -0.00
85 1627974545 0 5 0.16
86 1627974545 0 6 0.08
87 1627974545 0 8 4.97 12.33 11.89
88 1627974545 0 1 0.111
89 1627974546 0 0 24.64 3.04 509.2 0.000 101.4 8.17 2111 187.4 985.9 0.39 0.01 0.0
90 1627974548 0 3 2.48 0.00
91 1627974548 0 4 2.48 -0.00
92 1627974548 0 5 0.16
93 1627974548 0 6 0.08
94 1627974548 0 8 4.97 12.35 11.89
95 1627974548 0 1 0.105
96 1627974549 0 0 24.63 2.92 526.5 0.000 101.4 8.17 2334 191.5 933.3 0.40 0.01 0.0
97 1627974551 0 3 2.48 0.00
98 1627974551 0 4 2.48 -0.00
99 1627974551 0 5 0.15
100 1627974551 0 6 0.13
101 1627974551 0 8 4.97 12.34 11.89
102 1627974551 0 1 0.138
103 1627974552 0 0 24.62 2.96 523.7 0.000 101.4 8.17 2280 182.1 933.8 0.40 0.01 0.0
104 1627974554 0 3 2.48 0.00
105 1627974554 0 4 2.48 -0.00
106 1627974554 0 5 0.15
107 1627974554 0 6 0.13
108 1627974554 0 8 4.97 12.34 11.89
109 1627974554 0 1 0.056
110 1627974555 0 0 24.68 2.98 519.0 0.000 101.4 8.16 2180 189.4 959.7 0.40 0.01 0.0
111 1627974557 0 3 2.48 0.00
112 1627974557 0 4 2.48 -0.00
113 1627974557 0 5 0.14
114 1627974557 0 6 0.15
115 1627974557 0 8 4.97 12.35 11.89
116 1627974557 0 1 0.217
117 1627974558 0 0 24.64 2.90 527.2 0.000 101.4 8.17 2556 171.6 995.0 0.39 0.01 0.0
118 1627974560 0 3 2.48 0.00
119 1627974560 0 4 2.49 -0.00
120 1627974560 0 5 0.14
121 1627974560 0 6 0.09
122 1627974560 0 8 4.97 12.35 11.89
123 1627974560 0 1 0.060
124 1627974561 0 0 24.64 2.93 525.0 0.000 101.4 8.17 2263 194.1 957.6 0.39 0.01 0.0
125 1627974563 0 3 2.48 0.00
126 1627974563 0 4 2.49 1.44
127 1627974563 0 5 0.14
128 1627974563 0 6 0.12
129 1627974563 0 8 4.97 12.35 11.89
130 1627974563 0 1 0.554
131 1627974564 0 0 24.61 2.97 523.4 0.000 101.4 8.17 2199 206.3 894.8 0.40 0.01 0.0
132 1627974566 0 3 2.49 0.00
133 1627974566 0 4 2.49 1.43
134 1627974566 0 5 0.13
135 1627974566 0 6 0.12
136 1627974566 0 8 4.97 12.35 11.89
137 1627974566 0 1 0.067
138 1627974567 0 0 24.63 3.02 520.2 0.000 101.4 8.17 2286 205.9 775.3 0.39 0.01 0.0
139 1627974569 0 3 2.49 0.00
140 1627974569 0 4 2.48 1.41
141 1627974569 0 5 0.13
142 1627974569 0 6 0.13
143 1627974569 0 8 4.97 12.35 11.89
144 1627974569 0 1 0.119
145 1627974570 0 0 24.70 3.08 513.4 0.000 101.4 8.16 1947 225.4 734.0 0.40 0.01 0.0
146 1627974572 0 3 2.49 0.00
147 1627974572 0 4 2.48 1.37
148 1627974572 0 5 0.13
149 1627974572 0 6 0.09
150 1627974572 0 8 4.97 12.35 11.89
151 1627974572 0 1 0.027
152 1627974573 0 0 24.75 3.08 512.4 0.000 101.4 8.15 2012 231.1 796.3 0.40 0.01 0.0
153 1627974575 0 3 2.49 0.00
154 1627974575 0 4 2.48 1.41
155 1627974575 0 5 0.12
156 1627974575 0 6 0.08
157 1627974575 0 8 4.97 12.36 11.89
158 1627974575 0 1 0.024
159 1627974576 0 0 24.80 3.04 514.2 0.000 101.4 8.14 2090 203.8 943.7 0.40 0.01 0.0
160 1627974578 0 3 2.49 0.00
161 1627974578 0 4 2.48 1.40
162 1627974578 0 5 0.12
163 1627974578 0 6 0.06
164 1627974578 0 8 4.97 12.35 11.89
165 1627974578 0 1 0.026
166 1627974579 0 0 24.79 3.07 517.8 0.000 101.4 8.14 2271 202.5 879.5 0.39 0.01 0.0
167 1627974581 0 3 2.49 0.00
168 1627974581 0 4 2.48 1.40
169 1627974581 0 5 0.12
170 1627974581 0 6 0.09
171 1627974581 0 8 4.97 12.35 11.89
172 1627974581 0 1 0.025
173 1627974582 0 0 24.75 3.01 524.7 0.000 101.4 8.15 2312 190.7 986.9 0.40 0.01 0.0
174 1627974584 0 3 2.49 0.00
175 1627974584 0 4 2.48 1.39
176 1627974584 0 5 0.11
177 1627974584 0 6 0.14
178 1627974584 0 8 4.97 12.35 11.89
179 1627974584 0 1 0.101
180 1627974585 0 0 24.80 3.01 523.4 0.000 101.4 8.14 2290 211.8 794.6 0.40 0.01 0.0
181 1627974587 0 3 2.49 0.00
182 1627974587 0 4 2.48 1.39
183 1627974587 0 5 0.11
184 1627974587 0 6 0.10
185 1627974587 0 8 4.97 12.35 11.89
186 1627974587 0 1 0.069
187 1627974588 0 0 24.81 3.05 518.9 0.000 101.4 8.14 2106 232.0 656.0 0.39 0.01 0.0
188 1627974590 0 3 2.49 0.00
189 1627974590 0 4 2.48 1.39
190 1627974590 0 5 0.11
191 1627974590 0 6 0.11
192 1627974590 0 8 4.97 12.35 11.89
193 1627974590 0 1 0.566
194 1627974591 0 0 24.85 3.13 513.5 0.000 101.4 8.14 1922 244.4 587.0 0.40 0.01 0.0
195 1627974593 0 3 2.49 0.00
196 1627974593 0 4 2.48 1.39
197 1627974593 0 5 0.11
198 1627974593 0 6 0.11
199 1627974593 0 8 4.97 12.36 11.89
200 1627974593 0 1 0.069
201 1627974594 0 0 24.92 3.05 515.7 0.000 101.4 8.13 2078 221.4 774.2 0.40 0.01 0.0
202 1627974596 0 3 2.49 0.00
203 1627974596 0 4 2.48 1.39
204 1627974596 0 5 0.10
205 1627974596 0 6 0.07
206 1627974596 0 8 4.97 12.36 11.89
207 1627974596 0 1 0.053
208 1627974597 0 0 24.87 2.93 530.7 0.000 101.3 8.13 2305 208.3 850.5 0.40 0.01 0.0
209 1627974599 0 3 2.49 0.00
210 1627974599 0 4 2.48 1.39
211 1627974599 0 5 0.10
212 1627974599 0 6 0.07
213 1627974599 0 8 4.97 12.36 11.89
214 1627974599 0 1 0.057
215 1627974600 0 0 24.78 2.90 534.3 0.000 101.3 8.14 2462 196.9 822.0 0.40 0.01 0.0
216 1627974601 0 7 $GNGGA,070959.300,,,,,0,00,25.5,,,,,,*7B
217 1627974601 0 7 $GNGGA,071000.303,4424.04562,N,00855.64688,E,6,04,15.0,-24.7,M,44.7,M,,*67
218 1627974601 0 7 $GNGGA,071001.000,4424.04595,N,00855.64710,E,6,05,1.5,-24.8,M,44.7,M,,*50
219 1627974602 0 3 2.49 0.00
220 1627974602 0 4 2.48 1.38
221 1627974602 0 5 0.10
222 1627974602 0 6 0.09
223 1627974602 0 8 4.97 12.36 11.89
224 1627974602 0 7 $GNGGA,071002.000,4424.04597,N,00855.64724,E,1,05,1.5,-24.6,M,44.7,M,,*5F
225 1627974602 0 1 0.026
226 1627974603 0 0 24.76 2.92 532.3 0.000 101.3 8.15 2383 196.8 902.7 0.40 0.01 0.0
227 1627974603 0 7 $GNGGA,071003.000,4424.04613,N,00855.64745,E,1,05,1.5,-24.7,M,44.7,M,,*57
228 1627974604 0 7 $GNGGA,071004.000,4424.04641,N,00855.64764,E,1,05,1.5,-24.7,M,44.7,M,,*54
229 1627974605 0 3 2.49 0.00
230 1627974605 0 4 2.48 1.37
231 1627974605 0 5 0.10
232 1627974605 0 6 0.09
233 1627974605 0 8 4.97 12.36 11.89
234 1627974605 0 1 0.078
235 1627974605 0 7 $GNGGA,071005.000,4424.04680,N,00855.64758,E,1,05,1.5,-24.6,M,44.7,M,,*56
236 1627974606 0 0 24.65 2.91 535.5 0.000 101.3 8.16 2456 200.1 837.2 0.40 0.01 0.0
237 1627974606 0 7 $GNGGA,071006.000,4424.04727,N,00855.64727,E,1,05,1.5,-25.7,M,44.7,M,,*51
238 1627974607 0 7 $GNGGA,071007.000,4424.04780,N,00855.64727,E,1,05,1.5,-26.2,M,44.7,M,,*5B
239 1627974608 0 3 2.49 0.00
240 1627974608 0 4 2.48 1.37
241 1627974608 0 5 0.09
242 1627974608 0 6 0.12
243 1627974608 0 8 4.97 12.35 11.89
244 1627974608 0 7 $GNGGA,071008.000,4424.04830,N,00855.64749,E,1,05,1.5,-25.9,M,44.7,M,,*50
245 1627974609 0 1 0.106
246 1627974609 0 0 24.60 2.93 526.4 0.000 101.3 8.17 2444 217.9 735.8 0.39 0.01 0.0
247 1627974609 0 7 $GNGGA,071009.000,4424.04880,N,00855.64756,E,1,05,1.5,-25.6,M,44.7,M,,*5B
248 1627974610 0 7 $GNGGA,071010.000,4424.04929,N,00855.64765,E,1,05,1.5,-25.2,M,44.7,M,,*55
249 1627974611 0 3 2.49 0.00
250 1627974611 0 4 2.48 1.33
251 1627974611 0 5 0.09
252 1627974611 0 6 0.11
253 1627974611 0 8 4.97 12.36 11.89
254 1627974611 0 1 0.088
255 1627974611 0 7 $GNGGA,071011.000,4424.04989,N,00855.64777,E,1,05,1.5,-25.3,M,44.7,M,,*5C
256 1627974612 0 0 24.63 3.06 520.0 0.000 101.3 8.17 2067 239.9 638.6 0.40 0.01 0.0
257 1627974612 0 7 $GNGGA,071012.000,4424.05025,N,00855.64790,E,1,05,1.5,-24.9,M,44.7,M,,*53
258 1627974613 0 7 $GNGGA,071013.000,4424.05061,N,00855.64805,E,1,05,1.5,-24.7,M,44.7,M,,*5F
259 1627974614 0 3 2.49 0.00
260 1627974614 0 4 2.48 1.35
261 1627974614 0 5 0.09
262 1627974614 0 6 0.11
263 1627974614 0 8 4.97 12.36 11.89
264 1627974614 0 7 $GNGGA,071014.000,4424.05097,N,00855.64822,E,1,05,1.5,-24.3,M,44.7,M,,*50
265 1627974615 0 1 0.063
266 1627974615 0 0 24.65 3.12 519.8 0.000 101.3 8.16 2096 235.7 706.0 0.40 0.01 0.0
267 1627974615 0 7 $GNGGA,071015.000,4424.05121,N,00855.64833,E,1,05,1.5,-24.1,M,44.7,M,,*5F
268 1627974616 0 7 $GNGGA,071016.000,4424.05146,N,00855.64845,E,1,05,1.5,-23.8,M,44.7,M,,*52
269 1627974617 0 3 2.49 0.00
270 1627974617 0 4 2.48 1.35
271 1627974617 0 5 0.09
272 1627974617 0 6 0.10
273 1627974617 0 8 4.97 12.21 11.87
274 1627974617 0 1 0.500
275 1627974617 0 7 $GNGGA,071017.000,4424.05171,N,00855.64858,E,1,05,1.5,-23.5,M,44.7,M,,*56
276 1627974618 0 0 24.65 3.03 521.6 0.000 101.3 8.16 2081 247.9 662.3 0.39 0.01 0.0
277 1627974618 0 7 $GNGGA,071018.000,4424.05195,N,00855.64872,E,1,05,1.5,-23.2,M,44.7,M,,*5C
278 1627974619 0 7 $GNGGA,071019.000,4424.05220,N,00855.64886,E,1,05,1.5,-22.9,M,44.7,M,,*51
279 1627974620 0 3 2.49 0.00
280 1627974620 0 4 2.48 1.34
281 1627974620 0 5 0.09
282 1627974620 0 6 0.09
283 1627974620 0 8 4.97 12.21 11.87
284 1627974620 0 7 $GNGGA,071020.000,4424.05212,N,00855.64912,E,1,05,1.5,-22.5,M,44.7,M,,*5A
285 1627974621 0 1 0.056
286 1627974621 0 0 24.68 3.06 519.1 0.000 101.3 8.16 2102 252.3 606.8 0.39 0.01 0.0
287 1627974621 0 7 $GNGGA,071021.000,4424.05199,N,00855.64943,E,1,05,1.5,-22.1,M,44.7,M,,*5B
288 1627974622 0 7 $GNGGA,071022.000,4424.05193,N,00855.64960,E,1,05,1.5,-21.7,M,44.7,M,,*56
289 1627974623 0 3 2.49 0.00
290 1627974623 0 4 2.48 1.34
291 1627974623 0 5 0.09
292 1627974623 0 6 0.06
293 1627974623 0 8 4.97 12.36 11.89
294 1627974623 0 7 $GNGGA,071023.000,4424.05226,N,00855.64977,E,1,05,1.5,-21.0,M,44.7,M,,*5B
295 1627974623 0 1 0.070
296 1627974624 0 0 24.63 3.01 529.7 0.000 101.3 8.17 2256 226.7 712.6 0.40 0.01 0.0
297 1627974624 0 7 $GNGGA,071024.000,4424.05260,N,00855.64988,E,1,05,1.5,-20.1,M,44.7,M,,*5E
298 1627974625 0 7 $GNGGA,071025.000,4424.05279,N,00855.64996,E,1,05,1.5,-19.6,M,44.7,M,,*55
299 1627974626 0 3 2.49 0.00
300 1627974626 0 4 2.48 1.34
301 1627974626 0 5 0.09
302 1627974626 0 6 0.11
303 1627974626 0 8 4.97 12.21 11.87
304 1627974626 0 7 $GNGGA,071026.000,4424.05306,N,00855.65003,E,1,05,1.5,-19.0,M,44.7,M,,*5D
305 1627974627 0 1 0.075
306 1627974627 0 0 24.61 3.04 520.1 0.000 101.3 8.17 2125 260.3 597.3 0.39 0.01 0.0
307 1627974627 0 7 $GNGGA,071027.000,4424.05263,N,00855.65064,E,1,05,1.5,-18.4,M,44.7,M,,*5A
308 1627974628 0 7 $GNGGA,071028.000,4424.05244,N,00855.65102,E,1,05,1.5,-17.6,M,44.7,M,,*5C
309 1627974629 0 3 2.49 0.00
310 1627974629 0 4 2.48 1.34
311 1627974629 0 5 0.09
312 1627974629 0 6 0.14
313 1627974630 0 8 4.97 12.23 11.89
314 1627974630 0 7 $GNGGA,071029.000,4424.05216,N,00855.65133,E,1,05,1.5,-17.0,M,44.7,M,,*5E
315 1627974630 0 1 0.113
316 1627974630 0 0 24.67 3.22 512.3 0.000 101.3 8.16 1912 285.0 520.3 0.39 0.01 0.0
317 1627974630 0 7 $GNGGA,071030.000,4424.05205,N,00855.65130,E,1,05,1.5,-17.0,M,44.7,M,,*57
318 1627974631 0 7 $GNGGA,071031.000,4424.05200,N,00855.65107,E,1,05,1.5,-17.2,M,44.7,M,,*55
319 1627974632 0 3 2.49 0.00
320 1627974632 0 4 2.48 1.34
321 1627974632 0 5 0.08
322 1627974632 0 6 0.10
323 1627974633 0 8 4.97 12.36 11.89
324 1627974633 0 7 $GNGGA,071032.000,4424.05199,N,00855.65088,E,1,05,1.5,-17.4,M,44.7,M,,*55
325 1627974633 0 1 0.050
326 1627974633 0 0 24.72 3.15 516.3 0.000 101.3 8.15 2077 252.9 681.6 0.39 0.01 0.0
327 1627974633 0 7 $GNGGA,071033.000,4424.05228,N,00855.65073,E,1,05,1.5,-17.6,M,44.7,M,,*5B
328 1627974634 0 7 $GNGGA,071034.000,4424.05283,N,00855.65071,E,1,05,1.5,-17.2,M,44.7,M,,*5B
329 1627974635 0 3 2.49 0.00
330 1627974635 0 4 2.48 1.33
331 1627974635 0 5 0.08
332 1627974635 0 6 0.08
333 1627974636 0 8 4.97 12.22 11.89
334 1627974636 0 7 $GNGGA,071035.000,4424.05333,N,00855.65068,E,1,05,1.5,-16.8,M,44.7,M,,*53
335 1627974636 0 1 0.726
336 1627974636 0 0 24.73 3.17 516.2 0.000 101.3 8.15 2286 255.4 642.6 0.40 0.01 0.0
337 1627974636 0 7 $GNGGA,071036.000,4424.05381,N,00855.65066,E,1,05,1.5,-16.4,M,44.7,M,,*5B
338 1627974637 0 7 $GNGGA,071037.000,4424.05425,N,00855.65066,E,1,05,1.5,-16.0,M,44.7,M,,*57
339 1627974638 0 3 2.49 0.00
340 1627974638 0 4 2.48 1.35
341 1627974638 0 5 0.08
342 1627974638 0 6 0.07
343 1627974639 0 8 4.97 12.36 11.89
344 1627974639 0 7 $GNGGA,071038.000,4424.05431,N,00855.65060,E,1,05,1.5,-16.0,M,44.7,M,,*5B
345 1627974639 0 1 0.028
346 1627974639 0 0 24.73 3.20 516.3 0.000 101.3 8.15 2226 264.0 611.6 0.40 0.01 0.0
347 1627974639 0 7 $GNGGA,071039.000,4424.05435,N,00855.65056,E,1,05,1.5,-16.0,M,44.7,M,,*5B
348 1627974640 0 7 $GNGGA,071040.000,4424.05438,N,00855.65054,E,1,05,1.5,-16.0,M,44.7,M,,*5A
349 1627974641 0 3 2.49 0.00
350 1627974642 0 4 2.48 1.35
351 1627974642 0 5 0.08
352 1627974642 0 6 0.10
353 1627974642 0 8 4.97 12.35 11.89
354 1627974642 0 1 0.056
355 1627974642 0 7 $GNGGA,071041.000,4424.05440,N,00855.65053,E,1,05,1.5,-15.9,M,44.7,M,,*59
356 1627974642 0 0 24.74 3.30 510.4 0.000 101.4 8.15 1873 283.0 581.6 0.40 0.01 0.0
357 1627974642 0 7 $GNGGA,071042.000,4424.05444,N,00855.65053,E,1,05,1.5,-15.9,M,44.7,M,,*5E
358 1627974643 0 7 $GNGGA,071043.000,4424.05448,N,00855.65053,E,1,05,1.5,-15.9,M,44.7,M,,*53
359 1627974644 0 3 2.49 0.00
360 1627974644 0 4 2.48 1.34
361 1627974644 0 5 0.08
362 1627974644 0 6 0.12
363 1627974645 0 8 4.97 12.35 11.89
364 1627974645 0 7 $GNGGA,071044.000,4424.05451,N,00855.65054,E,1,05,1.5,-15.8,M,44.7,M,,*5A
365 1627974645 0 1 0.017
366 1627974645 0 0 24.85 3.33 506.4 0.000 101.4 8.14 1836 302.4 514.3 0.40 0.01 0.0
367 1627974645 0 7 $GNGGA,071045.000,4424.05454,N,00855.65055,E,1,05,1.5,-15.8,M,44.7,M,,*5F
368 1627974646 0 7 $GNGGA,071046.000,4424.05458,N,00855.65055,E,1,05,1.5,-15.8,M,44.7,M,,*50
369 1627974647 0 3 2.49 0.00
370 1627974647 0 4 2.48 1.34
371 1627974647 0 5 0.08
372 1627974647 0 6 0.08
373 1627974648 0 8 4.97 12.37 11.89
374 1627974648 0 1 0.069
375 1627974648 0 7 $GNGGA,071047.000,4424.05463,N,00855.65055,E,1,05,1.5,-15.8,M,44.7,M,,*59
376 1627974648 0 0 24.90 3.33 505.6 0.000 101.4 8.13 1861 304.5 553.3 0.40 0.01 0.0
377 1627974648 0 7 $GNGGA,071048.000,4424.05467,N,00855.65054,E,1,05,1.5,-15.8,M,44.7,M,,*53
378 1627974649 0 7 $GNGGA,071049.000,4424.05473,N,00855.65051,E,1,05,1.5,-15.8,M,44.7,M,,*52
379 1627974650 0 3 2.49 0.00
380 1627974650 0 4 2.48 1.34
381 1627974650 0 5 0.08
382 1627974650 0 6 0.07
383 1627974651 0 8 4.97 12.36 11.89
384 1627974651 0 7 $GNGGA,071050.000,4424.05478,N,00855.65047,E,1,05,1.5,-15.8,M,44.7,M,,*56
385 1627974651 0 1 0.065
386 1627974651 0 0 24.94 3.41 501.6 0.000 101.4 8.13 1804 303.6 630.4 0.39 0.01 0.0
387 1627974651 0 7 $GNGGA,071051.000,4424.05509,N,00855.65050,E,1,05,1.5,-15.4,M,44.7,M,,*5A
388 1627974652 0 7 $GNGGA,071052.000,4424.05539,N,00855.65054,E,1,05,1.5,-14.9,M,44.7,M,,*52
389 1627974653 0 3 2.49 0.00
390 1627974653 0 4 2.48 1.33
391 1627974653 0 5 0.08
392 1627974653 0 6 0.08
393 1627974654 0 8 4.97 12.36 11.89
394 1627974654 0 7 $GNGGA,071053.000,4424.05552,N,00855.65069,E,1,05,1.5,-14.4,M,44.7,M,,*5D
395 1627974654 0 1 0.031
396 1627974654 0 0 24.98 3.60 494.4 0.000 101.4 8.12 1828 304.8 720.5 0.40 0.01 0.0
397 1627974654 0 7 $GNGGA,071054.000,4424.05572,N,00855.65060,E,1,05,1.5,-14.1,M,44.7,M,,*54
398 1627974655 0 7 $GNGGA,071055.000,4424.05601,N,00855.65047,E,1,05,1.5,-13.8,M,44.7,M,,*59
399 1627974656 0 3 2.49 0.00
400 1627974656 0 4 2.48 1.33
401 1627974656 0 5 0.08
402 1627974656 0 6 0.09
403 1627974657 0 8 4.97 12.36 11.91
404 1627974657 0 7 $GNGGA,071056.000,4424.05621,N,00855.65038,E,1,05,1.5,-13.5,M,44.7,M,,*5D
405 1627974657 0 1 0.103
406 1627974657 0 0 24.99 3.49 503.2 0.000 101.4 8.12 2012 291.3 692.9 0.40 0.01 0.0
407 1627974657 0 7 $GNGGA,071057.000,4424.05650,N,00855.65024,E,1,05,1.5,-13.2,M,44.7,M,,*50
408 1627974658 0 7 $GNGGA,071058.000,4424.05669,N,00855.65014,E,1,05,1.5,-12.9,M,44.7,M,,*5C
409 1627974659 0 3 2.49 0.00
410 1627974660 0 4 2.48 1.33
411 1627974660 0 5 0.08
412 1627974660 0 6 0.09
413 1627974660 0 8 4.97 12.36 11.89
414 1627974660 0 1 0.097
415 1627974660 0 7 $GNGGA,071059.000,4424.05688,N,00855.65003,E,1,05,1.5,-12.6,M,44.7,M,,*5B
416 1627974660 0 0 25.00 3.46 508.4 0.000 101.5 8.12 1829 306.5 616.7 0.40 0.01 0.0
417 1627974660 0 7 $GNGGA,071100.000,4424.05710,N,00855.64980,E,1,05,1.5,-12.3,M,44.7,M,,*50
418 1627974661 0 7 $GNGGA,071101.000,4424.05720,N,00855.64954,E,1,05,1.5,-12.2,M,44.7,M,,*5A
419 1627974662 0 3 2.49 0.00
420 1627974662 0 4 2.48 1.33
421 1627974663 0 5 0.07
422 1627974663 0 6 0.10
423 1627974663 0 8 4.97 12.36 11.89
424 1627974663 0 7 $GNGGA,071102.000,4424.05726,N,00855.64929,E,1,05,1.5,-12.1,M,44.7,M,,*56
425 1627974663 0 1 0.685
426 1627974663 0 0 25.03 3.63 497.7 0.000 101.5 8.12 1726 330.1 569.6 0.40 0.01 0.0
427 1627974663 0 7 $GNGGA,071103.000,4424.05733,N,00855.64899,E,1,05,1.5,-12.0,M,44.7,M,,*58
428 1627974664 0 7 $GNGGA,071104.000,4424.05737,N,00855.64883,E,1,05,1.5,-11.9,M,44.7,M,,*5A
429 1627974665 0 3 2.49 0.00
430 1627974665 0 4 2.48 1.32
431 1627974666 0 5 0.07
432 1627974666 0 6 0.11
433 1627974666 0 8 4.97 12.36 11.89
434 1627974666 0 7 $GNGGA,071105.000,4424.05745,N,00855.64870,E,1,05,1.5,-11.8,M,44.7,M,,*53
435 1627974666 0 1 0.072
436 1627974666 0 0 25.07 3.61 498.6 0.000 101.5 8.11 1642 334.5 622.7 0.40 0.01 0.0
437 1627974666 0 7 $GNGGA,071106.000,4424.05761,N,00855.64865,E,1,05,1.5,-11.6,M,44.7,M,,*5C
438 1627974667 0 7 $GNGGA,071107.000,4424.05769,N,00855.64856,E,1,05,1.5,-11.6,M,44.7,M,,*55
439 1627974668 0 3 2.49 0.00
440 1627974668 0 4 2.48 1.32
441 1627974669 0 5 0.07
442 1627974669 0 6 0.11
443 1627974669 0 8 4.97 12.36 11.89
444 1627974669 0 7 $GNGGA,071108.000,4424.05800,N,00855.64867,E,1,05,1.5,-10.9,M,44.7,M,,*56
445 1627974669 0 1 0.030
446 1627974669 0 0 25.09 3.64 496.7 0.000 101.5 8.11 1682 334.0 620.7 0.40 0.01 0.0
447 1627974669 0 7 $GNGGA,071109.000,4424.05804,N,00855.64863,E,1,05,1.5,-10.9,M,44.7,M,,*57
448 1627974670 0 7 $GNGGA,071110.000,4424.05808,N,00855.64860,E,1,05,1.5,-10.8,M,44.7,M,,*51
449 1627974671 0 3 2.49 0.00
450 1627974672 0 4 2.48 1.32
451 1627974672 0 5 0.07
452 1627974672 0 6 0.09
453 1627974672 0 8 4.97 12.36 11.89
454 1627974672 0 7 $GNGGA,071111.000,4424.05812,N,00855.64856,E,1,05,1.5,-10.8,M,44.7,M,,*5E
455 1627974672 0 1 0.019
456 1627974672 0 0 25.19 3.80 489.2 0.000 101.5 8.10 1672 322.8 608.2 0.39 0.01 0.0
457 1627974672 0 7 $GNGGA,071112.000,4424.05815,N,00855.64854,E,1,05,1.5,-10.8,M,44.7,M,,*58
458 1627974673 0 7 $GNGGA,071113.000,4424.05798,N,00855.64881,E,1,05,1.5,-10.5,M,44.7,M,,*56
459 1627974674 0 3 2.49 0.00
460 1627974675 0 4 2.48 1.31
461 1627974675 0 5 0.07
462 1627974675 0 6 0.07
463 1627974675 0 8 4.97 12.36 11.89
464 1627974675 0 7 $GNGGA,071114.000,4424.05801,N,00855.64879,E,1,05,1.5,-10.5,M,44.7,M,,*59
465 1627974675 0 1 0.049
466 1627974675 0 0 25.20 3.64 499.7 0.000 101.5 8.10 1854 308.1 669.5 0.40 0.01 0.0
467 1627974675 0 7 $GNGGA,071115.000,4424.05802,N,00855.64876,E,1,05,1.5,-10.6,M,44.7,M,,*57
468 1627974676 0 7 $GNGGA,071116.000,4424.05808,N,00855.64868,E,1,05,1.5,-11.1,M,44.7,M,,*57
469 1627974677 0 3 2.49 0.00
470 1627974678 0 4 2.48 1.31
471 1627974678 0 5 0.07
472 1627974678 0 6 0.07
473 1627974678 0 8 4.97 12.36 11.89
474 1627974678 0 7 $GNGGA,071117.000,4424.05809,N,00855.64866,E,1,05,1.5,-11.2,M,44.7,M,,*5A
475 1627974678 0 1 0.055
476 1627974678 0 0 25.18 3.59 504.9 0.000 101.5 8.10 1850 315.3 656.7 0.39 0.01 0.0
477 1627974678 0 7 $GNGGA,071118.000,4424.05811,N,00855.64864,E,1,05,1.5,-11.3,M,44.7,M,,*5F
478 1627974679 0 7 $GNGGA,071119.000,4424.05812,N,00855.64865,E,1,05,1.5,-11.3,M,44.7,M,,*5C
479 1627974680 0 3 2.49 0.00
480 1627974681 0 4 2.48 1.31
481 1627974681 0 5 0.07
482 1627974681 0 6 0.09
483 1627974681 0 8 4.97 12.36 11.89
484 1627974681 0 7 $GNGGA,071120.000,4424.05843,N,00855.64863,E,1,05,1.5,-11.9,M,44.7,M,,*5E
485 1627974681 0 1 0.054
486 1627974681 0 0 25.19 3.52 509.8 0.000 101.6 8.10 1832 319.4 641.7 0.40 0.01 0.0
487 1627974681 0 7 $GNGGA,071121.000,4424.05872,N,00855.64864,E,1,05,1.5,-12.3,M,44.7,M,,*53
488 1627974682 0 7 $GNGGA,071122.000,4424.05872,N,00855.64870,E,1,05,1.5,-12.2,M,44.7,M,,*54
489 1627974683 0 3 2.49 0.00
490 1627974684 0 4 2.48 1.31
491 1627974684 0 5 0.07
492 1627974684 0 6 0.08
493 1627974684 0 8 4.97 12.36 11.89
494 1627974684 0 7 $GNGGA,071123.000,4424.05871,N,00855.64879,E,1,05,1.5,-12.1,M,44.7,M,,*5C
495 1627974684 0 1 0.108
496 1627974684 0 0 25.21 3.57 507.6 0.000 101.6 8.10 1844 322.3 624.4 0.40 0.01 0.0
497 1627974684 0 7 $GNGGA,071124.000,4424.05867,N,00855.64886,E,1,05,1.5,-11.9,M,44.7,M,,*57
498 1627974685 0 7 $GNGGA,071125.000,4424.05864,N,00855.64893,E,1,05,1.5,-11.8,M,44.7,M,,*50
499 1627974686 0 3 2.49 0.00
500 1627974687 0 4 2.48 1.31
501 1627974687 0 5 0.07
502 1627974687 0 6 0.07
503 1627974687 0 8 4.97 12.36 11.89
504 1627974687 0 1 0.049
505 1627974687 0 7 $GNGGA,071126.000,4424.05905,N,00855.64876,E,1,05,1.5,-11.6,M,44.7,M,,*50
506 1627974687 0 0 25.23 3.66 503.3 0.000 101.6 8.10 1713 336.6 610.0 0.40 0.01 0.0
507 1627974687 0 7 $GNGGA,071127.000,4424.05919,N,00855.64892,E,1,05,1.5,-11.2,M,44.7,M,,*52
508 1627974688 0 7 $GNGGA,071128.000,4424.05932,N,00855.64908,E,1,05,1.5,-10.8,M,44.7,M,,*5D
509 1627974689 0 3 2.49 0.00
510 1627974690 0 4 2.48 1.25
511 1627974690 0 5 0.07
512 1627974690 0 6 0.09
513 1627974690 0 8 4.97 12.36 11.89
514 1627974690 0 7 $GNGGA,071129.000,4424.05932,N,00855.64916,E,1,05,1.5,-10.7,M,44.7,M,,*5C
515 1627974690 0 1 0.727
516 1627974690 0 0 25.22 3.46 514.3 0.000 101.6 8.10 2019 307.8 644.4 0.40 0.01 0.0
517 1627974690 0 7 $GNGGA,071130.000,4424.05931,N,00855.64923,E,1,05,1.5,-10.6,M,44.7,M,,*50
518 1627974691 0 7 $GNGGA,071131.000,4424.05928,N,00855.64933,E,1,05,1.5,-10.7,M,44.7,M,,*59
519 1627974692 0 3 2.49 0.00
520 1627974693 0 4 2.48 1.28
521 1627974693 0 5 0.07
522 1627974693 0 6 0.06
523 1627974693 0 8 4.97 12.37 11.89
524 1627974693 0 7 $GNGGA,071132.000,4424.05925,N,00855.64943,E,1,05,1.5,-10.6,M,44.7,M,,*51
525 1627974693 0 1 0.076
526 1627974693 0 0 25.16 3.36 519.8 0.000 101.7 8.11 2150 307.1 622.9 0.40 0.01 0.0
527 1627974693 0 7 $GNGGA,071133.000,4424.05923,N,00855.64953,E,1,05,1.5,-10.6,M,44.7,M,,*57
528 1627974694 0 7 $GNGGA,071134.000,4424.05920,N,00855.64964,E,1,05,1.5,-10.6,M,44.7,M,,*57
529 1627974695 0 3 2.49 0.00
530 1627974696 0 4 2.48 1.33
531 1627974696 0 5 0.07
532 1627974696 0 6 0.09
533 1627974696 0 8 4.97 12.36 11.89
534 1627974696 0 7 $GNGGA,071135.000,4424.05920,N,00855.64975,E,1,05,1.5,-10.6,M,44.7,M,,*56
535 1627974696 0 1 0.053
536 1627974696 0 0 25.08 3.32 522.6 0.000 101.7 8.13 2115 320.1 611.0 0.39 0.01 0.0
537 1627974696 0 7 $GNGGA,071136.000,4424.05921,N,00855.64982,E,1,05,1.5,-10.6,M,44.7,M,,*5C
538 1627974697 0 7 $GNGGA,071137.000,4424.05923,N,00855.64987,E,1,05,1.5,-10.6,M,44.7,M,,*5A
539 1627974698 0 3 2.49 0.00
540 1627974699 0 4 2.48 1.33
541 1627974699 0 5 0.07
542 1627974699 0 6 0.08
543 1627974699 0 8 4.97 12.37 11.91
544 1627974699 0 7 $GNGGA,071138.000,4424.05924,N,00855.64991,E,1,05,1.5,-10.6,M,44.7,M,,*55
545 1627974699 0 1 0.081
546 1627974699 0 0 25.06 3.35 519.8 0.000 101.7 8.13 2018 343.2 567.6 0.40 0.01 0.0
547 1627974699 0 7 $GNGGA,071139.000,4424.05926,N,00855.64996,E,1,05,1.5,-10.5,M,44.7,M,,*52
548 1627974700 0 7 $GNGGA,071140.000,4424.05928,N,00855.65001,E,1,05,1.5,-10.4,M,44.7,M,,*55
549 1627974701 0 3 2.49 0.00
550 1627974702 0 4 2.48 1.33
551 1627974702 0 5 0.07
552 1627974702 0 6 0.11
553 1627974702 0 8 4.97 12.36 11.91
554 1627974702 0 7 $GNGGA,071141.000,4424.05928,N,00855.65010,E,1,05,1.5,-10.3,M,44.7,M,,*53
555 1627974702 0 1 0.078
556 1627974702 0 0 25.08 3.41 514.3 0.000 101.7 8.13 1932 343.1 589.2 0.39 0.01 0.0
557 1627974702 0 7 $GNGGA,071142.000,4424.05941,N,00855.65018,E,1,05,1.5,-10.0,M,44.7,M,,*54
558 1627974703 0 7 $GNGGA,071143.000,4424.05951,N,00855.65024,E,1,05,1.5,-9.8,M,44.7,M,,*6B
559 1627974704 0 3 2.49 0.00
560 1627974705 0 4 2.48 1.32
561 1627974705 0 5 0.07
562 1627974705 0 6 0.08
563 1627974705 0 8 4.97 12.36 11.89
564 1627974705 0 7 $GNGGA,071144.000,4424.05954,N,00855.65026,E,1,05,1.5,-9.7,M,44.7,M,,*64
565 1627974705 0 1 0.107
566 1627974705 0 0 25.08 3.38 515.4 0.000 101.7 8.13 2114 323.1 647.7 0.40 0.01 0.0
567 1627974705 0 7 $GNGGA,071145.000,4424.05957,N,00855.65028,E,1,05,1.5,-9.6,M,44.7,M,,*69
568 1627974706 0 7 $GNGGA,071146.000,4424.05960,N,00855.65030,E,1,05,1.5,-9.6,M,44.7,M,,*67
569 1627974707 0 3 2.49 0.00
570 1627974708 0 4 2.48 1.32
571 1627974708 0 5 0.07
572 1627974708 0 6 0.09
573 1627974708 0 8 4.97 12.36 11.89
574 1627974708 0 7 $GNGGA,071147.000,4424.05963,N,00855.65033,E,1,05,1.5,-9.4,M,44.7,M,,*64
575 1627974708 0 1 0.071
576 1627974708 0 0 25.09 3.39 513.2 0.000 101.8 8.13 2002 345.7 632.2 0.40 0.01 0.0
577 1627974708 0 7 $GNGGA,071148.000,4424.05966,N,00855.65038,E,1,05,1.5,-9.2,M,44.7,M,,*63
578 1627974709 0 7 $GNGGA,071149.000,4424.05969,N,00855.65042,E,1,05,1.5,-9.0,M,44.7,M,,*62
579 1627974710 0 3 2.49 0.00
580 1627974711 0 4 2.48 1.32
581 1627974711 0 5 0.07
582 1627974711 0 6 0.08
583 1627974711 0 8 4.98 12.36 11.89
584 1627974711 0 7 $GNGGA,071150.000,4424.05973,N,00855.65045,E,1,05,1.5,-8.9,M,44.7,M,,*6E
585 1627974711 0 1 0.080
586 1627974711 0 0 25.12 3.42 510.6 0.000 101.8 8.13 2146 330.7 697.4 0.40 0.01 0.0
587 1627974711 0 7 $GNGGA,071151.000,4424.05976,N,00855.65049,E,1,05,1.5,-8.7,M,44.7,M,,*68
588 1627974712 0 7 $GNGGA,071152.000,4424.05976,N,00855.65050,E,1,05,1.5,-8.6,M,44.7,M,,*62
589 1627974713 0 3 2.49 0.00
590 1627974714 0 4 2.48 1.32
591 1627974714 0 5 0.07
592 1627974714 0 6 0.09
593 1627974714 0 8 4.97 12.36 11.89
594 1627974714 0 7 $GNGGA,071153.000,4424.05973,N,00855.65053,E,1,05,1.5,-8.4,M,44.7,M,,*67
595 1627974714 0 1 0.027
596 1627974714 0 0 25.15 3.42 512.1 0.000 101.8 8.13 2201 325.1 694.5 0.40 0.01 0.0
597 1627974714 0 7 $GNGGA,071154.000,4424.05964,N,00855.65067,E,1,05,1.5,-8.3,M,44.7,M,,*66
598 1627974715 0 7 $GNGGA,071155.000,4424.05961,N,00855.65070,E,1,05,1.5,-8.2,M,44.7,M,,*65
599 1627974716 0 3 2.49 0.00
600 1627974717 0 4 2.48 1.32
601 1627974717 0 5 0.06
602 1627974717 0 6 0.08
603 1627974717 0 8 4.97 12.36 11.87
604 1627974717 0 7 $GNGGA,071156.000,4424.05957,N,00855.65073,E,1,05,1.5,-8.1,M,44.7,M,,*63
605 1627974717 0 1 0.707
606 1627974717 0 0 25.18 3.39 516.8 0.000 101.9 8.12 2113 332.5 699.3 0.40 0.01 0.0
608 1627974718 0 7 $GNGGA,071158.000,4424.05946,N,00855.65076,E,1,05,1.5,-8.0,M,44.7,M,,*69
609 1627974719 0 3 2.49 0.00
610 1627974720 0 4 2.48 1.32
611 1627974720 0 5 0.07
612 1627974720 0 6 0.06
613 1627974720 0 8 4.98 12.37 11.89
614 1627974720 0 7 $GNGGA,071159.000,4424.05941,N,00855.65076,E,1,05,1.5,-7.9,M,44.7,M,,*69
615 1627974720 0 1 0.076
616 1627974720 0 0 25.16 3.36 517.4 0.000 101.9 8.13 2197 323.5 688.0 0.40 0.01 0.0
617 1627974720 0 7 $GNGGA,071200.000,4424.05938,N,00855.65074,E,1,05,1.5,-8.0,M,44.7,M,,*6C
618 1627974721 0 7 $GNGGA,071201.000,4424.05932,N,00855.65078,E,1,06,1.4,-7.8,M,44.7,M,,*6E
619 1627974722 0 3 2.49 0.00
620 1627974723 0 4 2.48 1.33
621 1627974723 0 5 0.06
622 1627974723 0 6 0.07
623 1627974723 0 8 4.97 12.36 11.89
624 1627974723 0 7 $GNGGA,071202.000,4424.05929,N,00855.65083,E,1,06,1.4,-7.5,M,44.7,M,,*6E
625 1627974723 0 1 0.056
626 1627974723 0 0 25.15 3.39 516.1 0.000 101.9 8.13 2333 312.3 702.9 0.39 0.01 0.0
627 1627974723 0 7 $GNGGA,071203.000,4424.05918,N,00855.65084,E,1,06,1.4,-7.2,M,44.7,M,,*6D
628 1627974724 0 7 $GNGGA,071204.000,4424.05909,N,00855.65084,E,1,06,1.4,-6.9,M,44.7,M,,*60
629 1627974725 0 3 2.49 0.00
630 1627974726 0 4 2.48 1.34
631 1627974726 0 5 0.06
632 1627974726 0 6 0.08
633 1627974726 0 8 4.97 12.37 11.89
634 1627974726 0 1 0.046
635 1627974726 0 7 $GNGGA,071205.000,4424.05901,N,00855.65084,E,1,06,1.4,-6.7,M,44.7,M,,*67
636 1627974726 0 0 25.13 3.28 524.5 0.000 101.9 8.14 2339 326.5 657.3 0.40 0.01 0.0
637 1627974726 0 7 $GNGGA,071206.000,4424.05894,N,00855.65087,E,1,06,1.4,-6.5,M,44.7,M,,*68
638 1627974727 0 7 $GNGGA,071207.000,4424.05888,N,00855.65090,E,1,06,1.4,-6.2,M,44.7,M,,*65
639 1627974728 0 3 2.49 0.00
640 1627974729 0 4 2.48 1.33
641 1627974729 0 5 0.06
642 1627974729 0 6 0.10
643 1627974729 0 8 4.97 12.36 11.89
644 1627974729 0 7 $GNGGA,071208.000,4424.05883,N,00855.65091,E,1,06,1.4,-6.2,M,44.7,M,,*60
645 1627974729 0 1 0.118
646 1627974729 0 0 25.12 3.32 522.6 0.000 101.9 8.14 2355 326.1 724.2 0.39 0.01 0.0
647 1627974729 0 7 $GNGGA,071209.000,4424.05878,N,00855.65091,E,1,06,1.4,-6.0,M,44.7,M,,*67
648 1627974730 0 7 $GNGGA,071210.000,4424.05873,N,00855.65091,E,1,06,1.4,-5.9,M,44.7,M,,*6E
