/home/matrac-user/Devel/SEPG_2021-08-03/tuttomatrac/apps/build-mokupUI-Desktop_Qt_5_15_0_GCC_64bit-Release/porto_grid.mesh
936 1627974818 0 7 $GNGGA,071337.000,4424.05737,N,00855.64965,E,1,07,1.4,-6.2,M,44.7,M,,*6F
937 1627974819 0 7 $GNGGA,071338.000,4424.05737,N,00855.64967,E,1,07,1.4,-6.1,M,44.7,M,,*61
938 1627974819 0 3 2.50 0.00
939 1627974819 0 4 2.49 1.31
940 1627974819 0 5 0.06
941 1627974820 0 6 0.05
942 1627974820 0 8 4.98 12.36 11.91
943 1627974820 0 1 0.646
944 1627974820 0 0 25.21 3.15 536.3 0.000 102.5 8.17 2518 412.8 606.0 0.40 0.01 0.0
945 1627974820 0 7 $GNGGA,071339.000,4424.05736,N,00855.64969,E,1,07,1.4,-6.1,M,44.7,M,,*6F
946 1627974821 0 7 $GNGGA,071340.000,4424.05736,N,00855.64972,E,1,07,1.4,-6.0,M,44.7,M,,*6A
947 1627974822 0 7 $GNGGA,071341.000,4424.05735,N,00855.64974,E,1,07,1.4,-6.0,M,44.7,M,,*6E
948 1627974822 0 3 2.50 0.00
949 1627974822 0 4 2.49 1.30
950 1627974822 0 5 0.06
951 1627974823 0 6 0.08
952 1627974823 0 8 4.98 12.37 11.89
953 1627974823 0 1 0.081
954 1627974823 0 0 25.19 3.15 535.3 0.000 102.5 8.17 2520 420.6 581.1 0.40 0.01 0.0
955 1627974823 0 7 $GNGGA,071342.000,4424.05735,N,00855.64977,E,1,07,1.4,-5.9,M,44.7,M,,*64
956 1627974824 0 7 $GNGGA,071343.000,4424.05735,N,00855.64979,E,1,07,1.4,-5.9,M,44.7,M,,*6B
957 1627974825 0 7 $GNGGA,071344.000,4424.05735,N,00855.64983,E,1,07,1.4,-5.8,M,44.7,M,,*68
958 1627974825 0 3 2.50 0.00
959 1627974825 0 4 2.49 1.30
960 1627974826 0 5 0.06
961 1627974826 0 6 0.06
962 1627974826 0 8 4.98 12.37 11.91
963 1627974826 0 1 0.044
964 1627974826 0 0 25.15 3.20 532.8 0.000 102.5 8.18 2522 408.1 615.5 0.40 0.01 0.0
965 1627974826 0 7 $GNGGA,071345.000,4424.05735,N,00855.64985,E,1,07,1.4,-5.8,M,44.7,M,,*6F
966 1627974827 0 7 $GNGGA,071346.000,4424.05735,N,00855.64988,E,1,07,1.4,-5.8,M,44.7,M,,*61
967 1627974828 0 7 $GNGGA,071347.000,4424.05735,N,00855.64990,E,1,07,1.4,-5.8,M,44.7,M,,*69
968 1627974828 0 3 2.50 0.00
969 1627974828 0 4 2.49 1.30
970 1627974828 0 5 0.06
971 1627974829 0 6 0.11
972 1627974829 0 8 4.98 12.36 11.89
973 1627974829 0 1 0.098
974 1627974829 0 0 25.10 3.27 535.1 0.000 102.5 8.19 2525 395.8 718.7 0.39 0.01 0.0
975 1627974829 0 7 $GNGGA,071348.000,4424.05735,N,00855.64993,E,1,07,1.4,-5.8,M,44.7,M,,*65
976 1627974830 0 7 $GNGGA,071349.000,4424.05735,N,00855.64996,E,1,07,1.4,-5.7,M,44.7,M,,*6E
977 1627974831 0 7 $GNGGA,071350.000,4424.05735,N,00855.64998,E,1,07,1.4,-5.7,M,44.7,M,,*68
978 1627974831 0 3 2.50 0.00
980 1627974832 0 5 0.06
981 1627974832 0 6 0.05
982 1627974832 0 8 4.98 12.37 11.89
983 1627974832 0 1 0.071
984 1627974832 0 0 25.04 3.18 541.6 0.000 102.5 8.20 2530 392.8 709.7 0.40 0.01 0.0
985 1627974832 0 7 $GNGGA,071351.000,4424.05736,N,00855.65001,E,1,07,1.4,-5.7,M,44.7,M,,*62
986 1627974833 0 7 $GNGGA,071352.000,4424.05736,N,00855.65004,E,1,07,1.4,-5.7,M,44.7,M,,*64
987 1627974834 0 7 $GNGGA,071353.000,4424.05736,N,00855.65007,E,1,07,1.4,-5.7,M,44.7,M,,*66
988 1627974834 0 3 2.50 0.00
989 1627974834 0 4 2.49 1.29
990 1627974834 0 5 0.06
991 1627974835 0 6 0.05
992 1627974835 0 8 4.98 12.36 11.89
993 1627974835 0 1 0.148
994 1627974835 0 0 25.02 3.16 541.5 0.000 102.5 8.21 2531 380.1 725.8 0.40 0.01 0.0
995 1627974835 0 7 $GNGGA,071354.000,4424.05739,N,00855.65028,E,1,07,1.4,-6.1,M,44.7,M,,*66
996 1627974836 0 7 $GNGGA,071355.000,4424.05744,N,00855.65058,E,1,07,1.4,-6.4,M,44.7,M,,*6F
997 1627974837 0 7 $GNGGA,071356.000,4424.05745,N,00855.65066,E,1,07,1.4,-6.4,M,44.7,M,,*60
998 1627974837 0 3 2.50 0.00
999 1627974837 0 4 2.49 1.30
1000 1627974837 0 5 0.06
1001 1627974838 0 6 0.05
1002 1627974838 0 8 4.98 12.37 11.89
1003 1627974838 0 1 0.112
1004 1627974838 0 0 25.01 3.16 541.8 0.000 102.6 8.21 2532 419.2 606.3 0.39 0.01 0.0
1005 1627974838 0 7 $GNGGA,071357.000,4424.05746,N,00855.65074,E,1,07,1.4,-6.4,M,44.7,M,,*61
1006 1627974839 0 7 $GNGGA,071358.000,4424.05749,N,00855.65086,E,1,07,1.4,-6.4,M,44.7,M,,*6C
1007 1627974840 0 7 $GNGGA,071359.000,4424.05751,N,00855.65094,E,1,07,1.4,-6.4,M,44.7,M,,*67
1008 1627974840 0 3 2.50 0.00
1009 1627974840 0 4 2.49 1.30
1010 1627974840 0 5 0.06
1011 1627974841 0 6 0.06
1012 1627974841 0 8 4.98 12.36 11.87
1013 1627974841 0 1 0.140
1014 1627974841 0 0 25.06 3.25 537.8 0.000 102.6 8.20 2528 382.0 705.3 0.39 0.01 0.0
1015 1627974841 0 7 $GNGGA,071400.000,4424.05752,N,00855.65102,E,1,07,1.4,-6.4,M,44.7,M,,*61
1016 1627974842 0 7 $GNGGA,071401.000,4424.05770,N,00855.65137,E,1,07,1.4,-6.9,M,44.7,M,,*6B
1017 1627974843 0 7 $GNGGA,071402.000,4424.05779,N,00855.65181,E,1,07,1.4,-7.3,M,44.7,M,,*67
1018 1627974843 0 3 2.50 0.00
1019 1627974843 0 4 2.49 1.30
1020 1627974843 0 5 0.06
1021 1627974844 0 6 0.09
1022 1627974844 0 8 4.98 12.37 11.89
1023 1627974844 0 1 0.117
1024 1627974844 0 0 25.02 3.12 544.5 0.000 102.6 8.21 2531 416.3 590.5 0.40 0.01 0.0
1025 1627974844 0 7 $GNGGA,071403.000,4424.05791,N,00855.65224,E,1,07,1.4,-7.5,M,44.7,M,,*6A
1026 1627974845 0 7 $GNGGA,071404.000,4424.05805,N,00855.65282,E,1,07,1.4,-7.6,M,44.7,M,,*60
1027 1627974846 0 7 $GNGGA,071405.000,4424.05821,N,00855.65328,E,1,07,1.4,-7.8,M,44.7,M,,*68
1028 1627974846 0 3 2.50 0.00
1029 1627974846 0 4 2.49 1.30
1030 1627974846 0 5 0.06
1031 1627974847 0 6 0.04
1032 1627974847 0 8 4.97 12.36 11.89
1033 1627974847 0 1 0.601
1034 1627974847 0 0 24.98 3.17 541.1 0.000 102.6 8.21 2534 438.1 569.3 0.40 0.01 0.0
1035 1627974847 0 7 $GNGGA,071406.000,4424.05843,N,00855.65381,E,1,07,1.4,-7.5,M,44.7,M,,*61
1036 1627974848 0 7 $GNGGA,071407.000,4424.05861,N,00855.65423,E,1,07,1.4,-7.4,M,44.7,M,,*6E
1037 1627974849 0 7 $GNGGA,071408.000,4424.05876,N,00855.65475,E,1,07,1.4,-7.4,M,44.7,M,,*64
1038 1627974849 0 3 2.50 0.00
1039 1627974849 0 4 2.49 1.30
1040 1627974849 0 5 0.06
1041 1627974850 0 6 0.05
1042 1627974850 0 8 4.98 12.37 11.89
1043 1627974850 0 1 0.036
1044 1627974850 0 0 24.94 3.17 540.4 0.000 102.6 8.22 2536 440.7 557.6 0.40 0.01 0.0
1045 1627974850 0 7 $GNGGA,071409.000,4424.05919,N,00855.65508,E,1,07,1.4,-7.0,M,44.7,M,,*62
1046 1627974851 0 7 $GNGGA,071410.000,4424.05947,N,00855.65574,E,1,07,1.4,-7.0,M,44.7,M,,*6A
1047 1627974852 0 7 $GNGGA,071411.000,4424.05970,N,00855.65677,E,1,07,1.4,-6.9,M,44.7,M,,*67
1048 1627974852 0 3 2.50 0.00
1049 1627974852 0 4 2.49 1.29
1050 1627974852 0 5 0.06
1051 1627974853 0 6 0.08
1052 1627974853 0 8 4.98 12.37 11.89
1053 1627974853 0 1 0.054
1054 1627974853 0 0 24.97 3.17 538.8 0.000 102.6 8.22 2534 432.1 598.4 0.40 0.01 0.0
1055 1627974853 0 7 $GNGGA,071412.000,4424.05984,N,00855.65747,E,1,07,1.4,-6.7,M,44.7,M,,*63
1056 1627974854 0 7 $GNGGA,071413.000,4424.06007,N,00855.65818,E,1,07,1.4,-6.4,M,44.7,M,,*65
1057 1627974855 0 7 $GNGGA,071414.000,4424.06043,N,00855.65874,E,1,07,1.4,-6.3,M,44.7,M,,*6F
1058 1627974855 0 3 2.50 0.00
1059 1627974855 0 4 2.49 1.30
1060 1627974855 0 5 0.06
1061 1627974856 0 6 0.05
1062 1627974856 0 8 4.98 12.37 11.89
1063 1627974856 0 1 0.088
1064 1627974856 0 0 25.05 3.30 531.3 0.000 102.7 8.21 2529 452.5 594.0 0.40 0.01 0.0
1065 1627974856 0 7 $GNGGA,071415.000,4424.06073,N,00855.65951,E,1,07,1.4,-6.2,M,44.7,M,,*6A
1066 1627974857 0 7 $GNGGA,071416.000,4424.06104,N,00855.66006,E,1,07,1.4,-6.1,M,44.7,M,,*63
1067 1627974858 0 7 $GNGGA,071417.000,4424.06131,N,00855.66057,E,1,07,1.4,-6.0,M,44.7,M,,*61
1068 1627974858 0 3 2.50 0.00
1069 1627974858 0 4 2.49 1.29
1070 1627974858 0 5 0.06
1071 1627974859 0 6 0.03
1072 1627974859 0 8 4.98 12.36 11.89
1073 1627974859 0 1 0.105
1074 1627974859 0 0 25.02 3.23 538.3 0.000 102.7 8.22 2531 413.2 658.1 0.40 0.01 0.0
1075 1627974859 0 7 $GNGGA,071418.000,4424.06157,N,00855.66100,E,1,07,1.4,-6.0,M,44.7,M,,*6D
1076 1627974860 0 7 $GNGGA,071419.000,4424.06184,N,00855.66152,E,1,07,1.4,-6.0,M,44.7,M,,*65
1077 1627974861 0 7 $GNGGA,071420.000,4424.06206,N,00855.66186,E,1,07,1.4,-6.1,M,44.7,M,,*6E
1078 1627974861 0 3 2.50 0.00
1079 1627974861 0 4 2.49 1.29
1080 1627974861 0 5 0.06
1081 1627974862 0 6 0.03
1082 1627974862 0 8 4.98 12.36 11.89
1083 1627974862 0 1 0.113
1084 1627974862 0 0 24.97 3.10 544.8 0.000 102.7 8.22 2534 423.1 642.1 0.40 0.01 0.0
1085 1627974862 0 7 $GNGGA,071421.000,4424.06236,N,00855.66220,E,1,07,1.4,-6.0,M,44.7,M,,*62
1086 1627974863 0 7 $GNGGA,071422.000,4424.06262,N,00855.66249,E,1,07,1.4,-5.9,M,44.7,M,,*65
1087 1627974864 0 7 $GNGGA,071423.000,4424.06294,N,00855.66287,E,1,07,1.4,-5.9,M,44.7,M,,*6F
1088 1627974864 0 3 2.50 0.00
1089 1627974864 0 4 2.49 1.29
1090 1627974864 0 5 0.06
1091 1627974865 0 6 0.05
1092 1627974865 0 8 4.98 12.36 11.89
1093 1627974865 0 1 0.224
1094 1627974865 0 0 24.93 3.11 543.2 0.000 102.7 8.23 2537 426.6 589.2 0.40 0.01 0.0
1095 1627974865 0 7 $GNGGA,071424.000,4424.06304,N,00855.66297,E,1,07,1.4,-5.7,M,44.7,M,,*6F
1096 1627974866 0 7 $GNGGA,071425.000,4424.06309,N,00855.66307,E,1,07,1.4,-5.6,M,44.7,M,,*6A
1097 1627974867 0 7 $GNGGA,071426.000,4424.06322,N,00855.66336,E,1,07,1.4,-5.4,M,44.7,M,,*60
1098 1627974867 0 3 2.50 0.00
1099 1627974867 0 4 2.49 1.29
1100 1627974867 0 5 0.06
1101 1627974868 0 6 0.12
1102 1627974868 0 8 4.98 12.36 11.89
1103 1627974868 0 1 0.172
1104 1627974868 0 0 24.93 3.16 540.5 0.000 102.7 8.23 2537 426.5 606.3 0.40 0.01 0.0
1105 1627974868 0 7 $GNGGA,071427.000,4424.06312,N,00855.66359,E,1,07,1.4,-5.3,M,44.7,M,,*6C
1106 1627974869 0 7 $GNGGA,071428.000,4424.06308,N,00855.66382,E,1,07,1.4,-5.1,M,44.7,M,,*6C
1107 1627974870 0 7 $GNGGA,071429.000,4424.06311,N,00855.66402,E,1,07,1.4,-5.1,M,44.7,M,,*6A
1108 1627974870 0 3 2.50 0.00
1109 1627974870 0 4 2.49 1.31
1110 1627974870 0 5 0.06
1111 1627974871 0 6 0.05
1112 1627974871 0 8 4.98 12.23 11.87
1113 1627974871 0 1 0.093
1114 1627974871 0 0 24.96 3.19 538.5 0.000 102.7 8.22 2535 446.3 552.4 0.40 0.01 0.0
1115 1627974871 0 7 $GNGGA,071430.000,4424.06326,N,00855.66421,E,1,07,1.4,-5.5,M,44.7,M,,*63
1116 1627974872 0 7 $GNGGA,071431.000,4424.06315,N,00855.66464,E,1,07,1.4,-5.4,M,44.7,M,,*62
1117 1627974873 0 7 $GNGGA,071432.000,4424.06303,N,00855.66485,E,1,07,1.4,-5.3,M,44.7,M,,*6E
1118 1627974873 0 3 2.50 0.00
1119 1627974873 0 4 2.49 1.29
1120 1627974873 0 5 0.06
1121 1627974874 0 6 0.06
1122 1627974874 0 8 4.98 12.23 11.89
1123 1627974874 0 1 0.597
1124 1627974874 0 0 24.98 3.21 537.3 0.000 102.7 8.22 2533 438.6 570.2 0.39 0.01 0.0
1125 1627974874 0 7 $GNGGA,071433.000,4424.06300,N,00855.66495,E,1,07,1.4,-5.2,M,44.7,M,,*6C
1126 1627974875 0 7 $GNGGA,071434.000,4424.06302,N,00855.66504,E,1,07,1.4,-5.2,M,44.7,M,,*60
1127 1627974876 0 7 $GNGGA,071435.000,4424.06294,N,00855.66527,E,1,07,1.4,-5.1,M,44.7,M,,*6D
1128 1627974876 0 3 2.50 0.00
1129 1627974876 0 4 2.49 1.31
1130 1627974876 0 5 0.06
1131 1627974877 0 6 0.07
1132 1627974877 0 8 4.98 12.36 11.89
1133 1627974877 0 1 0.050
1134 1627974877 0 0 24.97 3.17 537.8 0.000 102.7 8.22 2534 458.4 490.6 0.40 0.01 0.0
1135 1627974877 0 7 $GNGGA,071436.000,4424.06291,N,00855.66544,E,1,07,1.4,-5.0,M,44.7,M,,*6F
1136 1627974878 0 7 $GNGGA,071437.000,4424.06279,N,00855.66568,E,1,07,1.4,-4.9,M,44.7,M,,*6E
1137 1627974879 0 7 $GNGGA,071438.000,4424.06270,N,00855.66591,E,1,07,1.4,-4.9,M,44.7,M,,*6E
1138 1627974879 0 3 2.50 0.00
1139 1627974879 0 4 2.49 1.31
1140 1627974879 0 5 0.06
1141 1627974880 0 6 0.06
1142 1627974880 0 8 4.97 12.20 11.89
1143 1627974880 0 1 0.559
1144 1627974880 0 0 24.95 3.24 535.6 0.000 102.7 8.23 2536 435.4 566.6 0.40 0.01 0.0
1145 1627974880 0 7 $GNGGA,071439.000,4424.06270,N,00855.66599,E,1,07,1.4,-4.9,M,44.7,M,,*67
1146 1627974881 0 7 $GNGGA,071440.000,4424.06278,N,00855.66606,E,1,07,1.4,-4.9,M,44.7,M,,*64
1147 1627974882 0 7 $GNGGA,071441.000,4424.06296,N,00855.66616,E,1,07,1.4,-5.2,M,44.7,M,,*6E
1148 1627974882 0 3 2.50 0.00
1149 1627974882 0 4 2.49 1.30
1150 1627974882 0 5 0.06
1151 1627974883 0 6 0.05
1152 1627974883 0 8 4.98 12.37 11.89
1153 1627974883 0 1 -0.064
1154 1627974883 0 0 24.94 3.18 536.6 0.000 102.7 8.23 2536 452.5 531.9 0.40 0.01 0.0
1155 1627974883 0 7 $GNGGA,071442.000,4424.06310,N,00855.66628,E,1,07,1.4,-5.4,M,44.7,M,,*69
1156 1627974884 0 7 $GNGGA,071443.000,4424.06315,N,00855.66630,E,1,07,1.4,-5.5,M,44.7,M,,*65
1157 1627974885 0 7 $GNGGA,071444.000,4424.06311,N,00855.66633,E,1,07,1.4,-5.5,M,44.7,M,,*65
1158 1627974885 0 3 2.50 0.00
1159 1627974885 0 4 2.49 1.30
1160 1627974885 0 5 0.06
1161 1627974886 0 6 0.06
1162 1627974886 0 8 4.98 12.36 11.87
1163 1627974886 0 1 0.074
1164 1627974886 0 0 24.92 3.30 530.7 0.000 102.7 8.23 2538 436.3 634.1 0.40 0.01 0.0
1165 1627974886 0 7 $GNGGA,071445.000,4424.06311,N,00855.66635,E,1,07,1.4,-5.5,M,44.7,M,,*62
1166 1627974887 0 7 $GNGGA,071446.000,4424.06310,N,00855.66639,E,1,07,1.4,-5.4,M,44.7,M,,*6D
1167 1627974888 0 7 $GNGGA,071447.000,4424.06304,N,00855.66671,E,1,07,1.4,-6.1,M,44.7,M,,*63
1168 1627974888 0 3 2.50 0.00
1169 1627974888 0 4 2.49 1.30
1170 1627974888 0 5 0.06
1171 1627974889 0 6 0.07
1172 1627974889 0 8 4.97 12.22 11.89
1173 1627974889 0 1 0.092
1174 1627974889 0 0 24.93 3.28 529.9 0.000 102.7 8.23 2537 456.4 557.7 0.40 0.01 0.0
1175 1627974889 0 7 $GNGGA,071448.000,4424.06306,N,00855.66704,E,1,07,1.4,-6.8,M,44.7,M,,*64
1176 1627974890 0 7 $GNGGA,071449.000,4424.06292,N,00855.66740,E,1,07,1.4,-7.2,M,44.7,M,,*62
1177 1627974891 0 7 $GNGGA,071450.000,4424.06264,N,00855.66747,E,1,07,1.4,-7.3,M,44.7,M,,*65
1178 1627974891 0 3 2.50 0.00
1179 1627974891 0 4 2.48 1.30
1180 1627974891 0 5 0.06
1181 1627974892 0 6 0.05
1182 1627974892 0 8 4.98 12.36 11.89
1183 1627974892 0 1 0.015
1184 1627974892 0 0 24.97 3.36 525.5 0.000 102.6 8.22 2534 470.6 558.6 0.40 0.01 0.0
1185 1627974892 0 7 $GNGGA,071451.000,4424.06252,N,00855.66767,E,1,07,1.4,-7.0,M,44.7,M,,*60
1186 1627974893 0 7 $GNGGA,071452.000,4424.06244,N,00855.66784,E,1,07,1.4,-7.4,M,44.7,M,,*6D
1187 1627974894 0 7 $GNGGA,071453.000,4424.06250,N,00855.66797,E,1,07,1.4,-7.0,M,44.7,M,,*6F
1188 1627974894 0 3 2.50 0.00
1189 1627974894 0 4 2.48 1.29
1190 1627974894 0 5 0.06
1191 1627974895 0 6 0.05
1192 1627974895 0 8 4.98 12.36 11.89
1193 1627974895 0 1 0.101
1194 1627974895 0 0 24.92 3.25 532.4 0.000 102.6 8.23 2538 474.4 532.0 0.40 0.01 0.0
1195 1627974895 0 7 $GNGGA,071454.000,4424.06256,N,00855.66807,E,1,07,1.4,-6.8,M,44.7,M,,*61
1196 1627974896 0 7 $GNGGA,071455.000,4424.06259,N,00855.66813,E,1,07,1.4,-6.7,M,44.7,M,,*65
1197 1627974897 0 7 $GNGGA,071456.000,4424.06261,N,00855.66818,E,1,07,1.4,-6.6,M,44.7,M,,*67
1198 1627974897 0 3 2.50 0.00
1199 1627974897 0 4 2.49 1.30
1200 1627974897 0 5 0.06
1201 1627974898 0 6 0.06
1202 1627974898 0 8 4.98 12.36 11.91
1203 1627974898 0 1 0.043
1204 1627974898 0 0 24.93 3.23 531.7 0.000 102.6 8.23 2537 472.0 531.4 0.40 0.01 0.0
1205 1627974898 0 7 $GNGGA,071457.000,4424.06260,N,00855.66822,E,1,07,1.4,-6.6,M,44.7,M,,*6E
1206 1627974899 0 7 $GNGGA,071458.000,4424.06253,N,00855.66852,E,1,07,1.4,-7.1,M,44.7,M,,*60
1207 1627974900 0 7 $GNGGA,071459.000,4424.06255,N,00855.66857,E,1,07,1.4,-7.0,M,44.7,M,,*63
1208 1627974900 0 3 2.50 0.00
1209 1627974900 0 4 2.48 1.30
1210 1627974900 0 5 0.06
1211 1627974901 0 6 0.08
1212 1627974901 0 8 4.98 12.38 11.89
1213 1627974901 0 1 0.543
1214 1627974901 0 0 24.92 3.24 531.5 0.000 102.7 8.23 2538 484.1 519.8 0.40 0.01 0.0
1215 1627974901 0 7 $GNGGA,071500.000,4424.06259,N,00855.66865,E,1,07,1.4,-6.9,M,44.7,M,,*6B
1216 1627974902 0 7 $GNGGA,071501.000,4424.06260,N,00855.66873,E,1,08,1.1,-6.8,M,44.7,M,,*6C
1217 1627974903 0 7 $GNGGA,071502.000,4424.06262,N,00855.66882,E,1,08,1.1,-6.8,M,44.7,M,,*63
1218 1627974903 0 3 2.50 0.00
1219 1627974903 0 4 2.48 1.31
1220 1627974903 0 5 0.06
1221 1627974904 0 6 0.05
1222 1627974904 0 8 4.98 12.36 11.91
1223 1627974904 0 1 0.032
1224 1627974904 0 0 24.98 3.29 528.5 0.000 102.7 8.22 2533 500.6 496.0 0.40 0.01 0.0
1225 1627974904 0 7 $GNGGA,071503.000,4424.06262,N,00855.66891,E,1,08,1.1,-6.7,M,44.7,M,,*6F
1226 1627974905 0 7 $GNGGA,071504.000,4424.05910,N,00855.68211,E,1,08,1.1,6.3,M,44.7,M,,*40
1227 1627974906 0 7 $GNGGA,071505.000,4424.05925,N,00855.68256,E,1,08,1.1,5.9,M,44.7,M,,*4D
1228 1627974906 0 3 2.50 0.00
1229 1627974906 0 4 2.48 1.31
1230 1627974906 0 5 0.06
1231 1627974907 0 6 0.05
1232 1627974907 0 8 4.98 12.37 11.89
1233 1627974907 0 1 0.022
1234 1627974907 0 0 24.99 3.26 529.5 0.000 102.7 8.22 2533 505.3 506.5 0.40 0.01 0.0
1235 1627974907 0 7 $GNGGA,071506.000,4424.05934,N,00855.68280,E,1,08,1.1,5.8,M,44.7,M,,*44
1236 1627974908 0 7 $GNGGA,071507.000,4424.05940,N,00855.68288,E,1,08,1.1,5.7,M,44.7,M,,*41
1237 1627974909 0 7 $GNGGA,071508.000,4424.05949,N,00855.68309,E,1,08,1.1,5.4,M,44.7,M,,*4C
1238 1627974909 0 3 2.50 0.00
1239 1627974910 0 4 2.48 1.31
1240 1627974910 0 5 0.06
1241 1627974910 0 6 0.07
1242 1627974910 0 8 4.98 12.37 11.89
1243 1627974910 0 1 0.082
1244 1627974910 0 0 25.03 3.31 525.7 0.000 102.7 8.21 2530 513.4 497.1 0.39 0.01 0.0
1245 1627974910 0 7 $GNGGA,071509.000,4424.05955,N,00855.68312,E,1,08,1.1,5.4,M,44.7,M,,*4A
1246 1627974911 0 7 $GNGGA,071510.000,4424.05959,N,00855.68309,E,1,08,1.1,5.3,M,44.7,M,,*43
1247 1627974912 0 7 $GNGGA,071511.000,4424.05963,N,00855.68296,E,1,08,1.1,5.4,M,44.7,M,,*4B
1248 1627974912 0 3 2.50 0.00
1249 1627974912 0 4 2.48 1.30
1250 1627974912 0 5 0.06
1251 1627974913 0 6 0.07
1252 1627974913 0 8 4.98 12.37 11.89
1253 1627974913 0 1 0.025
1254 1627974913 0 0 25.03 3.31 524.0 0.000 102.7 8.21 2530 522.2 469.5 0.40 0.01 0.0
1255 1627974913 0 7 $GNGGA,071512.000,4424.05969,N,00855.68289,E,1,08,1.1,5.4,M,44.7,M,,*4C
1256 1627974914 0 7 $GNGGA,071513.000,4424.05966,N,00855.68234,E,1,08,1.1,5.8,M,44.7,M,,*48
1257 1627974915 0 7 $GNGGA,071514.000,4424.05971,N,00855.68224,E,1,08,1.1,5.8,M,44.7,M,,*48
1258 1627974915 0 3 2.50 0.00
1259 1627974915 0 4 2.48 1.30
1260 1627974916 0 5 0.06
1261 1627974916 0 6 0.04
1262 1627974916 0 8 4.98 12.36 11.89
1263 1627974916 0 1 0.011
1264 1627974916 0 0 25.08 3.37 520.9 0.000 102.7 8.20 2527 523.1 460.8 0.40 0.01 0.0
1265 1627974916 0 7 $GNGGA,071515.000,4424.05982,N,00855.68223,E,1,08,1.1,5.9,M,44.7,M,,*43
1266 1627974917 0 7 $GNGGA,071516.000,4424.05991,N,00855.68221,E,1,08,1.1,6.0,M,44.7,M,,*4A
1267 1627974918 0 7 $GNGGA,071517.000,4424.05992,N,00855.68212,E,1,08,1.1,6.1,M,44.7,M,,*49
1268 1627974918 0 3 2.50 0.00
1269 1627974918 0 4 2.48 1.30
1270 1627974918 0 5 0.06
1271 1627974919 0 6 0.05
1272 1627974919 0 8 4.98 12.37 11.89
1273 1627974919 0 1 0.085
1274 1627974919 0 0 25.11 3.30 522.5 0.000 102.7 8.20 2525 533.7 460.6 0.40 0.01 0.0
1275 1627974919 0 7 $GNGGA,071518.000,4424.05991,N,00855.68214,E,1,08,1.1,6.2,M,44.7,M,,*40
1276 1627974920 0 7 $GNGGA,071519.000,4424.05985,N,00855.68166,E,1,08,1.1,6.6,M,44.7,M,,*46
1277 1627974921 0 7 $GNGGA,071520.000,4424.05975,N,00855.68134,E,1,08,1.1,6.7,M,44.7,M,,*45
1278 1627974921 0 3 2.50 0.00
1279 1627974921 0 4 2.48 1.30
1280 1627974921 0 5 0.06
1281 1627974922 0 6 0.06
1282 1627974922 0 8 4.98 12.37 11.89
1283 1627974922 0 1 0.084
1284 1627974922 0 0 25.15 3.33 521.7 0.000 102.7 8.19 2522 540.8 475.7 0.40 0.01 0.0
1285 1627974922 0 7 $GNGGA,071521.000,4424.05968,N,00855.68106,E,1,08,1.1,7.1,M,44.7,M,,*4E
1286 1627974923 0 7 $GNGGA,071522.000,4424.05966,N,00855.68099,E,1,08,1.1,7.2,M,44.7,M,,*47
1287 1627974924 0 7 $GNGGA,071523.000,4424.05967,N,00855.68095,E,1,08,1.1,7.3,M,44.7,M,,*4A
1288 1627974924 0 3 2.50 0.00
1289 1627974924 0 4 2.48 1.30
1290 1627974924 0 5 0.06
1291 1627974925 0 6 0.06
1292 1627974925 0 8 4.98 12.36 11.89
1293 1627974925 0 1 0.082
1294 1627974925 0 0 25.18 3.34 520.9 0.000 102.7 8.19 2520 554.7 449.2 0.39 0.01 0.0
1295 1627974925 0 7 $GNGGA,071524.000,4424.05965,N,00855.68091,E,1,08,1.1,7.3,M,44.7,M,,*4B
1296 1627974926 0 7 $GNGGA,071525.000,4424.05967,N,00855.68085,E,1,08,1.1,7.3,M,44.7,M,,*4D
1297 1627974927 0 7 $GNGGA,071526.000,4424.05969,N,00855.68077,E,1,08,1.1,7.3,M,44.7,M,,*4D
1298 1627974927 0 3 2.50 0.00
1299 1627974927 0 4 2.48 1.30
1300 1627974927 0 5 0.06
1301 1627974928 0 6 0.05
1302 1627974928 0 8 4.98 12.37 11.89
1303 1627974928 0 1 0.700
1304 1627974928 0 0 25.18 3.28 522.2 0.000 102.7 8.19 2520 527.5 456.7 0.40 0.01 0.0
1305 1627974928 0 7 $GNGGA,071527.000,4424.05968,N,00855.68071,E,1,08,1.1,7.3,M,44.7,M,,*4B
1306 1627974929 0 7 $GNGGA,071528.000,4424.05969,N,00855.68064,E,1,08,1.1,7.3,M,44.7,M,,*41
1307 1627974930 0 2 nan 3.87859992 0.00000000 0.02980000 0.00630000 0.00830000 0.02030000 nan 1.00000000 95.42900085
1308 1627974930 0 7 $GNGGA,071529.000,4424.05970,N,00855.68055,E,1,08,1.1,7.3,M,44.7,M,,*4A
1309 1627974930 0 3 2.50 0.00
1310 1627974930 0 4 2.48 1.30
1311 1627974930 0 5 0.06
1312 1627974931 0 6 0.04
1313 1627974931 0 8 4.98 12.37 11.91
1314 1627974931 0 1 0.027
1315 1627974931 0 0 25.12 3.18 530.5 0.000 102.7 8.20 2524 516.3 487.2 0.40 0.01 0.0
1316 1627974931 0 7 $GNGGA,071530.000,4424.05975,N,00855.68018,E,1,08,1.1,6.9,M,44.7,M,,*45
1317 1627974932 0 7 $GNGGA,071531.000,4424.05974,N,00855.68008,E,1,08,1.1,7.0,M,44.7,M,,*4C
1318 1627974933 0 7 $GNGGA,071532.000,4424.05972,N,00855.67999,E,1,08,1.1,7.0,M,44.7,M,,*47
1319 1627974933 0 3 2.50 0.00
1320 1627974933 0 4 2.48 1.30
1321 1627974934 0 5 0.06
1322 1627974934 0 6 0.07
1323 1627974934 0 8 4.98 12.37 11.89
1324 1627974934 0 1 0.076
1325 1627974934 0 0 25.11 3.19 531.1 0.000 102.7 8.20 2525 508.6 472.5 0.40 0.01 0.0
1326 1627974934 0 7 $GNGGA,071533.000,4424.05969,N,00855.67993,E,1,08,1.1,7.0,M,44.7,M,,*46
1327 1627974935 0 7 $GNGGA,071534.000,4424.05967,N,00855.67986,E,1,08,1.1,7.0,M,44.7,M,,*4B
1328 1627974936 0 7 $GNGGA,071535.000,4424.05964,N,00855.67917,E,1,08,1.1,7.1,M,44.7,M,,*40
1329 1627974936 0 3 2.50 0.00
1330 1627974936 0 4 2.48 1.30
1331 1627974936 0 5 0.06
1332 1627974937 0 6 0.07
1333 1627974937 0 8 4.98 12.37 11.89
1334 1627974937 0 1 0.085
1335 1627974937 0 0 25.03 3.18 530.7 0.000 102.7 8.21 2530 558.0 425.5 0.40 0.01 0.0
1336 1627974937 0 7 $GNGGA,071536.000,4424.05962,N,00855.67860,E,1,08,1.1,7.3,M,44.7,M,,*46
1337 1627974938 0 7 $GNGGA,071537.000,4424.05962,N,00855.67854,E,1,08,1.1,7.4,M,44.7,M,,*47
1338 1627974939 0 7 $GNGGA,071538.000,4424.05964,N,00855.67841,E,1,08,1.1,7.4,M,44.7,M,,*4A
1339 1627974939 0 3 2.50 0.00
1340 1627974939 0 4 2.48 1.30
1341 1627974939 0 5 0.06
1342 1627974940 0 6 0.07
1343 1627974940 0 8 4.98 12.36 11.89
1344 1627974940 0 1 0.013
1345 1627974940 0 0 24.97 3.19 530.2 0.000 102.7 8.22 2534 589.2 412.7 0.40 0.01 0.0
1346 1627974940 0 7 $GNGGA,071539.000,4424.05966,N,00855.67829,E,1,08,1.1,7.4,M,44.7,M,,*47
1347 1627974941 0 7 $GNGGA,071540.000,4424.05968,N,00855.67819,E,1,08,1.1,7.5,M,44.7,M,,*45
1348 1627974942 0 7 $GNGGA,071541.000,4424.05985,N,00855.67775,E,1,08,1.1,8.1,M,44.7,M,,*49
1349 1627974942 0 3 2.50 0.00
1350 1627974942 0 4 2.48 1.30
1351 1627974942 0 5 0.06
1352 1627974943 0 6 0.06
1353 1627974943 0 8 4.98 12.37 11.89
1354 1627974943 0 1 0.054
1355 1627974943 0 0 24.92 3.18 528.8 0.000 102.7 8.23 2537 585.1 406.9 0.40 0.01 0.0
1356 1627974943 0 7 $GNGGA,071542.000,4424.06006,N,00855.67736,E,1,08,1.1,8.5,M,44.7,M,,*48
1357 1627974944 0 7 $GNGGA,071543.000,4424.06009,N,00855.67721,E,1,08,1.1,8.5,M,44.7,M,,*40
1358 1627974945 0 7 $GNGGA,071544.000,4424.06012,N,00855.67705,E,1,08,1.1,8.5,M,44.7,M,,*4B
1359 1627974945 0 3 2.50 0.00
1360 1627974945 0 4 2.48 1.29
1361 1627974945 0 5 0.06
1362 1627974946 0 6 0.07
1363 1627974946 0 8 4.98 12.38 11.89
1364 1627974946 0 1 0.088
1365 1627974946 0 0 24.92 3.21 526.7 0.000 102.7 8.23 2537 596.5 423.6 0.40 0.01 0.0
1366 1627974946 0 7 $GNGGA,071545.000,4424.06015,N,00855.67690,E,1,08,1.1,8.5,M,44.7,M,,*40
1367 1627974947 0 7 $GNGGA,071546.000,4424.06046,N,00855.67666,E,1,08,1.1,8.2,M,44.7,M,,*4B
1368 1627974948 0 7 $GNGGA,071547.000,4424.06049,N,00855.67649,E,1,08,1.1,8.2,M,44.7,M,,*48
1369 1627974948 0 3 2.50 0.00
1370 1627974948 0 4 2.48 1.29
1371 1627974948 0 5 0.06
1372 1627974949 0 6 0.07
1373 1627974949 0 8 4.98 12.37 11.89
1374 1627974949 0 1 0.255
1375 1627974949 0 0 24.92 3.20 526.9 0.000 102.7 8.23 2537 566.3 425.4 0.40 0.01 0.0
1376 1627974949 0 7 $GNGGA,071548.000,4424.06054,N,00855.67626,E,1,08,1.1,8.3,M,44.7,M,,*43
1377 1627974950 0 7 $GNGGA,071549.000,4424.06058,N,00855.67610,E,1,08,1.1,8.3,M,44.7,M,,*4B
1378 1627974951 0 7 $GNGGA,071550.000,4424.06063,N,00855.67597,E,1,08,1.1,8.2,M,44.7,M,,*46
1379 1627974951 0 3 2.50 0.00
1380 1627974951 0 4 2.48 1.29
1381 1627974951 0 5 0.06
1382 1627974952 0 6 0.07
1383 1627974952 0 8 4.98 12.38 11.89
1384 1627974952 0 1 0.042
1385 1627974952 0 0 24.96 3.16 527.4 0.000 102.7 8.23 2535 559.5 454.1 0.39 0.01 0.0
1386 1627974952 0 7 $GNGGA,071551.000,4424.06066,N,00855.67581,E,1,08,1.1,8.2,M,44.7,M,,*45
1387 1627974953 0 7 $GNGGA,071552.000,4424.06069,N,00855.67565,E,1,08,1.1,8.1,M,44.7,M,,*40
1388 1627974954 0 7 $GNGGA,071553.000,4424.06091,N,00855.67543,E,1,08,1.1,8.4,M,44.7,M,,*47
1389 1627974954 0 3 2.50 0.00
1390 1627974954 0 4 2.48 1.29
1391 1627974954 0 5 0.06
1392 1627974955 0 6 0.06
1393 1627974955 0 8 4.98 12.37 11.89
1394 1627974955 0 1 0.582
1395 1627974955 0 0 25.04 3.19 525.9 0.000 102.8 8.22 2529 563.7 450.5 0.40 0.01 0.0
1396 1627974955 0 7 $GNGGA,071554.000,4424.06096,N,00855.67528,E,1,08,1.1,8.3,M,44.7,M,,*4D
1397 1627974956 0 7 $GNGGA,071555.000,4424.06101,N,00855.67513,E,1,08,1.1,8.3,M,44.7,M,,*4B
1398 1627974957 0 7 $GNGGA,071556.000,4424.06104,N,00855.67495,E,1,08,1.1,8.3,M,44.7,M,,*42
1399 1627974957 0 3 2.50 0.00
1400 1627974957 0 4 2.48 1.29
1401 1627974957 0 5 0.06
1402 1627974958 0 6 0.07
1403 1627974958 0 8 4.98 12.37 11.91
1404 1627974958 0 1 0.088
1405 1627974958 0 0 25.17 3.20 526.4 0.000 102.8 8.20 2521 559.2 429.4 0.40 0.01 0.0
1406 1627974958 0 7 $GNGGA,071557.000,4424.06140,N,00855.67463,E,1,08,1.1,8.6,M,44.7,M,,*4F
1407 1627974959 0 7 $GNGGA,071558.000,4424.06176,N,00855.67428,E,1,08,1.1,8.6,M,44.7,M,,*4A
1408 1627974960 0 7 $GNGGA,071559.000,4424.06202,N,00855.67404,E,1,08,1.1,8.9,M,44.7,M,,*4A
1409 1627974960 0 3 2.50 0.00
1410 1627974960 0 4 2.48 1.29
1411 1627974960 0 5 0.06
1412 1627974961 0 6 0.05
1413 1627974961 0 8 4.98 12.37 11.89
1414 1627974961 0 1 0.053
1415 1627974961 0 0 25.29 3.20 526.9 0.000 102.8 8.19 2513 520.7 457.6 0.40 0.01 0.0
1416 1627974961 0 7 $GNGGA,071600.000,4424.06209,N,00855.67375,E,1,08,1.1,9.8,M,44.7,M,,*4F
1417 1627974962 0 7 $GNGGA,071601.000,4424.06235,N,00855.67344,E,1,08,1.1,10.4,M,44.7,M,,*77
1418 1627974963 0 7 $GNGGA,071602.000,4424.06299,N,00855.67307,E,1,08,1.1,9.6,M,44.7,M,,*4F
1419 1627974963 0 3 2.50 0.00
1420 1627974963 0 4 2.48 1.28
1421 1627974963 0 5 0.06
1422 1627974964 0 6 0.05
1423 1627974964 0 8 4.98 12.35 11.89
1424 1627974964 0 1 0.054
1425 1627974964 0 0 25.39 3.20 527.1 0.000 102.8 8.17 2507 544.7 448.8 0.40 0.01 0.0
1426 1627974964 0 7 $GNGGA,071603.000,4424.06354,N,00855.67275,E,1,08,1.1,9.3,M,44.7,M,,*4F
1427 1627974965 0 7 $GNGGA,071604.000,4424.06351,N,00855.67249,E,1,08,1.1,9.3,M,44.7,M,,*42
1428 1627974966 0 7 $GNGGA,071605.000,4424.06352,N,00855.67229,E,1,08,1.1,9.3,M,44.7,M,,*46
1429 1627974966 0 3 2.50 0.00
1430 1627974966 0 4 2.48 1.27
1431 1627974966 0 5 0.06
1432 1627974967 0 6 0.07
1433 1627974967 0 8 4.98 12.37 11.89
