/home/matrac-user/Devel/SEPG_2021-08-03/tuttomatrac/apps/build-mokupUI-Desktop_Qt_5_15_0_GCC_64bit-Release/porto_grid.mesh
1599 1627975017 0 3 2.50 0.00
1600 1627975017 0 4 2.49 1.24
1601 1627975017 0 5 0.06
1602 1627975018 0 6 0.05
1603 1627975018 0 8 4.98 12.38 11.89
1604 1627975018 0 1 0.018
1605 1627975018 0 0 25.18 3.04 546.3 0.000 103.3 8.24 2520 543.3 491.1 0.40 0.01 0.0
1606 1627975018 0 7 $GNGGA,071657.000,4424.09302,N,00855.64966,E,1,07,1.1,2.5,M,44.7,M,,*4A
1607 1627975019 0 7 $GNGGA,071658.000,4424.09367,N,00855.64912,E,1,07,1.1,2.5,M,44.7,M,,*45
1608 1627975020 0 7 $GNGGA,071659.000,4424.09414,N,00855.64859,E,1,07,1.1,2.7,M,44.7,M,,*4B
1609 1627975020 0 3 2.50 0.00
1610 1627975020 0 4 2.49 1.24
1611 1627975020 0 5 0.06
1612 1627975021 0 6 0.08
1613 1627975021 0 8 4.98 12.37 11.89
1614 1627975021 0 1 0.062
1615 1627975021 0 0 25.04 3.02 547.4 0.000 103.3 8.26 2529 557.5 501.6 0.40 0.01 0.0
1616 1627975021 0 7 $GNGGA,071700.000,4424.09457,N,00855.64803,E,1,07,1.1,2.6,M,44.7,M,,*4F
1617 1627975022 0 7 $GNGGA,071701.000,4424.09501,N,00855.64760,E,1,07,1.1,2.7,M,44.7,M,,*47
1618 1627975023 0 7 $GNGGA,071702.000,4424.09541,N,00855.64711,E,1,07,1.1,2.7,M,44.7,M,,*46
1619 1627975023 0 3 2.50 0.00
1620 1627975023 0 4 2.49 1.23
1621 1627975023 0 5 0.06
1622 1627975024 0 6 0.05
1623 1627975024 0 8 4.98 12.36 11.89
1624 1627975024 0 1 0.060
1625 1627975024 0 0 24.98 3.07 544.7 0.000 103.3 8.27 2533 492.0 560.8 0.40 0.01 0.0
1626 1627975024 0 7 $GNGGA,071703.000,4424.09587,N,00855.64653,E,1,08,1.1,2.8,M,44.7,M,,*4A
1627 1627975025 0 7 $GNGGA,071704.000,4424.09641,N,00855.64592,E,1,08,1.1,3.0,M,44.7,M,,*43
1628 1627975026 0 7 $GNGGA,071705.000,4424.09697,N,00855.64532,E,1,08,1.1,3.0,M,44.7,M,,*43
1629 1627975026 0 3 2.50 0.00
1630 1627975026 0 4 2.48 1.24
1631 1627975026 0 5 0.06
1632 1627975027 0 6 0.07
1633 1627975027 0 8 4.98 12.37 11.89
1634 1627975027 0 1 0.068
1635 1627975027 0 0 24.95 3.07 544.7 0.000 103.3 8.27 2536 538.4 554.4 0.39 0.01 0.0
1636 1627975027 0 7 $GNGGA,071706.000,4424.09752,N,00855.64480,E,1,08,1.1,3.0,M,44.7,M,,*40
1637 1627975028 0 7 $GNGGA,071707.000,4424.09809,N,00855.64426,E,1,08,1.1,3.1,M,44.7,M,,*4D
1638 1627975029 0 7 $GNGGA,071708.000,4424.09854,N,00855.64362,E,1,08,1.1,3.0,M,44.7,M,,*4C
1639 1627975029 0 3 2.50 0.00
1640 1627975029 0 4 2.48 1.24
1641 1627975029 0 5 0.06
1642 1627975030 0 6 0.08
1643 1627975030 0 8 4.98 12.38 11.89
1644 1627975030 0 1 0.212
1645 1627975030 0 0 24.96 3.09 545.9 0.000 103.3 8.27 2535 521.5 502.3 0.40 0.01 0.0
1646 1627975030 0 7 $GNGGA,071709.000,4424.09897,N,00855.64287,E,1,08,1.1,3.0,M,44.7,M,,*48
1647 1627975031 0 7 $GNGGA,071710.000,4424.09946,N,00855.64225,E,1,08,1.1,3.4,M,44.7,M,,*41
1648 1627975032 0 7 $GNGGA,071711.000,4424.10004,N,00855.64163,E,1,08,1.1,3.7,M,44.7,M,,*45
1649 1627975032 0 3 2.50 0.00
1650 1627975032 0 4 2.48 1.24
1651 1627975032 0 5 0.05
1652 1627975033 0 6 0.08
1653 1627975033 0 8 4.98 12.37 11.89
1654 1627975033 0 1 0.042
1655 1627975033 0 0 24.96 3.15 540.2 0.000 103.3 8.27 2535 579.5 439.5 0.40 0.01 0.0
1656 1627975033 0 7 $GNGGA,071712.000,4424.10066,N,00855.64109,E,1,08,1.1,4.0,M,44.7,M,,*4E
1657 1627975034 0 7 $GNGGA,071713.000,4424.10121,N,00855.64050,E,1,08,1.1,4.2,M,44.7,M,,*42
1658 1627975035 0 7 $GNGGA,071714.000,4424.10166,N,00855.63983,E,1,08,1.1,4.5,M,44.7,M,,*41
1659 1627975035 0 3 2.50 0.00
1660 1627975035 0 4 2.48 1.23
1661 1627975035 0 5 0.06
1662 1627975036 0 6 0.07
1663 1627975036 0 8 4.98 12.37 11.91
1664 1627975036 0 1 0.682
1665 1627975036 0 0 24.95 3.15 536.6 0.000 103.2 8.27 2536 679.0 350.3 0.40 0.01 0.0
1666 1627975036 0 7 $GNGGA,071715.000,4424.10208,N,00855.63922,E,1,08,1.1,4.6,M,44.7,M,,*43
1667 1627975037 0 7 $GNGGA,071716.000,4424.10252,N,00855.63869,E,1,08,1.1,4.8,M,44.7,M,,*4F
1668 1627975038 0 7 $GNGGA,071717.000,4424.10297,N,00855.63820,E,1,08,1.1,5.0,M,44.7,M,,*43
1669 1627975038 0 3 2.50 0.00
1670 1627975039 0 4 2.48 1.24
1671 1627975039 0 5 0.06
1672 1627975039 0 6 0.05
1673 1627975039 0 8 4.98 12.37 11.89
1674 1627975039 0 1 0.044
1675 1627975039 0 0 24.88 3.10 538.2 0.000 103.2 8.28 2540 662.7 333.9 0.40 0.01 0.0
1676 1627975039 0 7 $GNGGA,071718.000,4424.10343,N,00855.63768,E,1,08,1.1,5.3,M,44.7,M,,*44
1677 1627975040 0 7 $GNGGA,071719.000,4424.10385,N,00855.63708,E,1,08,1.1,5.5,M,44.7,M,,*4F
1678 1627975041 0 7 $GNGGA,071720.000,4424.10431,N,00855.63648,E,1,08,1.1,5.7,M,44.7,M,,*4A
1679 1627975041 0 3 2.50 0.00
1680 1627975042 0 4 2.48 1.24
1681 1627975042 0 5 0.06
1682 1627975042 0 6 0.06
1683 1627975042 0 8 4.98 12.38 11.89
1684 1627975042 0 1 0.038
1685 1627975042 0 0 24.76 3.10 537.6 0.000 103.2 8.29 2548 730.4 313.6 0.40 0.01 0.0
1686 1627975042 0 7 $GNGGA,071721.000,4424.10479,N,00855.63585,E,1,08,1.1,5.9,M,44.7,M,,*4B
1687 1627975043 0 7 $GNGGA,071722.000,4424.10526,N,00855.63517,E,1,08,1.1,6.2,M,44.7,M,,*40
1688 1627975044 0 7 $GNGGA,071723.000,4424.10569,N,00855.63449,E,1,08,1.1,6.3,M,44.7,M,,*41
1689 1627975044 0 3 2.49 0.00
1690 1627975045 0 4 2.48 1.24
1691 1627975045 0 5 0.05
1692 1627975045 0 6 0.06
1693 1627975045 0 8 4.98 12.37 11.89
1694 1627975045 0 1 0.024
1695 1627975045 0 0 24.73 3.15 534.9 0.000 103.1 8.29 2550 729.0 342.1 0.40 0.01 0.0
1696 1627975045 0 7 $GNGGA,071724.000,4424.10615,N,00855.63391,E,1,07,1.1,6.5,M,44.7,M,,*45
1697 1627975046 0 7 $GNGGA,071725.000,4424.10683,N,00855.63329,E,1,07,1.1,6.7,M,44.7,M,,*4A
1698 1627975047 0 7 $GNGGA,071726.000,4424.10748,N,00855.63249,E,1,07,1.1,6.9,M,44.7,M,,*46
1699 1627975047 0 3 2.49 0.00
1700 1627975048 0 4 2.48 1.24
1701 1627975048 0 5 0.06
1702 1627975048 0 6 0.07
1703 1627975048 0 8 4.98 12.37 11.89
1704 1627975048 0 1 0.041
1705 1627975048 0 0 24.76 3.15 534.0 0.000 103.1 8.29 2548 727.6 328.6 0.40 0.01 0.0
1706 1627975048 0 7 $GNGGA,071727.000,4424.10797,N,00855.63155,E,1,07,1.1,7.1,M,44.7,M,,*42
1707 1627975049 0 7 $GNGGA,071728.000,4424.10842,N,00855.63060,E,1,07,1.1,7.1,M,44.7,M,,*4D
1708 1627975050 0 2 nan 3.90989990 0.00000000 0.03010000 0.00460000 0.00880000 0.01920000 nan 1.00000000 95.67500305
1709 1627975050 0 7 $GNGGA,071729.000,4424.10885,N,00855.62962,E,1,08,1.1,7.1,M,44.7,M,,*42
1710 1627975050 0 3 2.49 0.00
1711 1627975051 0 4 2.48 1.24
1712 1627975051 0 5 0.06
1713 1627975051 0 6 0.06
1714 1627975051 0 8 4.98 12.37 11.89
1715 1627975051 0 1 0.089
1716 1627975051 0 0 24.77 3.19 530.8 0.000 103.0 8.28 2547 773.6 302.4 0.40 0.01 0.0
1717 1627975052 0 7 $GNGGA,071730.000,4424.10936,N,00855.62880,E,1,08,1.1,7.1,M,44.7,M,,*4E
1718 1627975052 0 7 $GNGGA,071731.000,4424.10992,N,00855.62798,E,1,08,1.1,7.1,M,44.7,M,,*47
1719 1627975053 0 7 $GNGGA,071732.000,4424.11041,N,00855.62740,E,1,08,1.1,7.2,M,44.7,M,,*44
1720 1627975053 0 3 2.49 0.00
1721 1627975054 0 4 2.48 1.24
1722 1627975054 0 5 0.05
1723 1627975054 0 6 0.04
1724 1627975054 0 8 4.98 12.37 11.89
1725 1627975054 0 1 0.030
1726 1627975054 0 0 24.76 3.23 528.8 0.000 102.9 8.27 2548 694.4 361.4 0.40 0.01 0.0
1727 1627975054 0 7 $GNGGA,071733.000,4424.11095,N,00855.62680,E,1,07,1.1,7.1,M,44.7,M,,*4D
1728 1627975055 0 7 $GNGGA,071734.000,4424.11150,N,00855.62626,E,1,07,1.1,7.0,M,44.7,M,,*4F
1729 1627975056 0 7 $GNGGA,071735.000,4424.11205,N,00855.62565,E,1,07,1.1,7.0,M,44.7,M,,*49
1730 1627975056 0 3 2.49 0.00
1731 1627975057 0 4 2.48 1.24
1732 1627975057 0 5 0.05
1733 1627975057 0 6 0.06
1734 1627975057 0 8 4.98 12.37 11.89
1735 1627975057 0 1 0.273
1736 1627975057 0 0 24.78 3.15 531.6 0.000 102.9 8.27 2547 660.4 355.1 0.40 0.01 0.0
1737 1627975057 0 7 $GNGGA,071736.000,4424.11270,N,00855.62502,E,1,07,1.1,7.1,M,44.7,M,,*48
1738 1627975058 0 7 $GNGGA,071737.000,4424.11350,N,00855.62449,E,1,07,1.1,6.7,M,44.7,M,,*43
1739 1627975059 0 7 $GNGGA,071738.000,4424.11427,N,00855.62393,E,1,07,1.1,6.6,M,44.7,M,,*4A
1740 1627975059 0 3 2.49 0.00
1741 1627975060 0 4 2.48 1.24
1742 1627975060 0 5 0.05
1743 1627975060 0 6 0.05
1744 1627975060 0 8 4.98 12.37 11.89
1745 1627975060 0 1 0.053
1746 1627975060 0 0 24.75 3.20 530.0 0.000 102.8 8.27 2549 694.8 337.1 0.40 0.01 0.0
1747 1627975060 0 7 $GNGGA,071739.000,4424.11498,N,00855.62338,E,1,07,1.1,6.4,M,44.7,M,,*4C
1748 1627975061 0 7 $GNGGA,071740.000,4424.11561,N,00855.62272,E,1,08,1.1,6.2,M,44.7,M,,*43
1749 1627975062 0 7 $GNGGA,071741.000,4424.11628,N,00855.62217,E,1,08,1.1,5.8,M,44.7,M,,*46
1750 1627975062 0 3 2.49 0.00
1751 1627975063 0 4 2.48 1.24
1752 1627975063 0 5 0.05
1753 1627975063 0 6 0.07
1754 1627975063 0 8 4.98 12.37 11.91
1755 1627975063 0 1 0.708
1756 1627975063 0 0 24.74 3.25 526.6 0.000 102.7 8.26 2549 694.7 344.5 0.40 0.01 0.0
1757 1627975063 0 7 $GNGGA,071742.000,4424.11694,N,00855.62167,E,1,08,1.1,5.4,M,44.7,M,,*4A
1758 1627975064 0 7 $GNGGA,071743.000,4424.11751,N,00855.62103,E,1,08,1.1,5.1,M,44.7,M,,*44
1759 1627975065 0 7 $GNGGA,071744.000,4424.11802,N,00855.62039,E,1,08,1.1,4.7,M,44.7,M,,*45
1760 1627975065 0 3 2.49 0.00
1761 1627975066 0 4 2.48 1.24
1762 1627975066 0 5 0.05
1763 1627975066 0 6 0.05
1764 1627975066 0 8 4.98 12.37 11.89
1765 1627975066 0 1 0.036
1766 1627975066 0 0 24.75 3.25 526.8 0.000 102.6 8.25 2549 658.5 359.9 0.40 0.01 0.0
1767 1627975066 0 7 $GNGGA,071745.000,4424.11859,N,00855.62014,E,1,08,1.1,4.3,M,44.7,M,,*41
1768 1627975067 0 7 $GNGGA,071746.000,4424.11934,N,00855.61987,E,1,08,1.1,3.8,M,44.7,M,,*44
1769 1627975068 0 7 $GNGGA,071747.000,4424.12000,N,00855.61934,E,1,08,1.1,3.4,M,44.7,M,,*4C
1770 1627975068 0 3 2.49 0.00
1771 1627975069 0 4 2.48 1.23
1772 1627975069 0 5 0.05
1773 1627975069 0 6 0.06
1774 1627975069 0 8 4.98 12.37 11.91
1775 1627975069 0 1 0.096
1776 1627975069 0 0 24.75 3.18 530.5 0.000 102.6 8.25 2549 720.0 309.0 0.40 0.01 0.0
1780 1627975071 0 3 2.49 0.00
1781 1627975072 0 4 2.48 1.23
1782 1627975072 0 5 0.05
1783 1627975072 0 6 0.07
1784 1627975072 0 8 4.98 12.36 11.89
1785 1627975072 0 1 0.065
1786 1627975072 0 0 24.77 3.24 527.9 0.000 102.6 8.25 2547 667.5 357.4 0.40 0.01 0.0
1787 1627975072 0 7 $GNGGA,071751.000,4424.12212,N,00855.61697,E,1,08,1.1,1.8,M,44.7,M,,*42
1788 1627975073 0 7 $GNGGA,071752.000,4424.12273,N,00855.61650,E,1,08,1.1,1.6,M,44.7,M,,*43
1789 1627975074 0 7 $GNGGA,071753.000,4424.12333,N,00855.61597,E,1,08,1.1,1.1,M,44.7,M,,*48
1790 1627975074 0 3 2.49 0.00
1791 1627975075 0 4 2.48 1.23
1792 1627975075 0 5 0.05
1793 1627975075 0 6 0.07
1794 1627975075 0 8 4.98 12.37 11.89
1795 1627975075 0 1 0.060
1796 1627975075 0 0 24.82 3.28 526.5 0.000 102.6 8.24 2536 688.6 325.3 0.40 0.01 0.0
1797 1627975075 0 7 $GNGGA,071754.000,4424.12389,N,00855.61537,E,1,08,1.1,0.7,M,44.7,M,,*43
1798 1627975076 0 7 $GNGGA,071755.000,4424.12442,N,00855.61474,E,1,08,1.1,0.2,M,44.7,M,,*41
1799 1627975077 0 7 $GNGGA,071756.000,4424.12486,N,00855.61435,E,1,08,1.1,-0.0,M,44.7,M,,*60
1800 1627975077 0 3 2.49 0.00
1801 1627975078 0 4 2.48 1.23
1802 1627975078 0 5 0.05
1803 1627975078 0 6 0.05
1804 1627975078 0 8 4.98 12.37 11.89
1805 1627975078 0 1 0.089
1806 1627975078 0 0 24.85 3.28 525.7 0.000 102.6 8.23 2542 652.6 357.0 0.40 0.01 0.0
1807 1627975078 0 7 $GNGGA,071757.000,4424.12527,N,00855.61389,E,1,08,1.1,-0.4,M,44.7,M,,*6F
1808 1627975079 0 7 $GNGGA,071758.000,4424.12568,N,00855.61333,E,1,08,1.1,-0.9,M,44.7,M,,*67
1809 1627975080 0 7 $GNGGA,071759.000,4424.12610,N,00855.61280,E,1,08,1.1,-0.9,M,44.7,M,,*63
1810 1627975080 0 3 2.49 0.00
1811 1627975081 0 4 2.48 1.23
1812 1627975081 0 5 0.05
1813 1627975081 0 6 0.04
1814 1627975081 0 8 4.98 12.37 11.91
1815 1627975081 0 1 0.071
1816 1627975081 0 0 24.87 3.25 529.3 0.000 102.6 8.23 2541 617.1 351.6 0.40 0.01 0.0
1818 1627975082 0 7 $GNGGA,071801.000,4424.12696,N,00855.61178,E,1,08,1.1,-1.5,M,44.7,M,,*66
1819 1627975083 0 7 $GNGGA,071802.000,4424.12736,N,00855.61123,E,1,08,1.1,-1.2,M,44.7,M,,*67
1820 1627975083 0 3 2.49 0.00
1821 1627975084 0 4 2.48 1.23
1822 1627975084 0 5 0.05
1823 1627975084 0 6 0.05
1824 1627975084 0 8 4.98 12.36 11.89
1825 1627975084 0 1 0.234
1826 1627975084 0 0 24.73 3.11 535.8 0.000 102.6 8.25 2550 701.7 304.6 0.40 0.01 0.0
1827 1627975084 0 7 $GNGGA,071803.000,4424.12770,N,00855.61077,E,1,08,1.1,-1.6,M,44.7,M,,*60
1828 1627975085 0 7 $GNGGA,071804.000,4424.12807,N,00855.61040,E,1,08,1.1,-1.6,M,44.7,M,,*6C
1829 1627975086 0 7 $GNGGA,071805.000,4424.12842,N,00855.61014,E,1,08,1.1,-1.3,M,44.7,M,,*68
1830 1627975086 0 3 2.49 0.00
1831 1627975087 0 4 2.48 1.23
1832 1627975087 0 5 0.05
1833 1627975087 0 6 0.06
1834 1627975087 0 8 4.98 12.37 11.89
1835 1627975087 0 1 0.042
1836 1627975087 0 0 24.66 3.15 534.6 0.000 102.6 8.26 2555 748.6 297.1 0.40 0.01 0.0
1837 1627975087 0 7 $GNGGA,071806.000,4424.12864,N,00855.60973,E,1,08,1.1,-1.1,M,44.7,M,,*64
1838 1627975088 0 7 $GNGGA,071807.000,4424.12904,N,00855.60909,E,1,08,1.1,-1.1,M,44.7,M,,*6F
1839 1627975089 0 7 $GNGGA,071808.000,4424.12948,N,00855.60862,E,1,08,1.1,-1.3,M,44.7,M,,*66
1840 1627975089 0 3 2.49 0.00
1841 1627975090 0 4 2.48 1.23
1842 1627975090 0 5 0.05
1843 1627975090 0 6 0.06
1844 1627975090 0 8 4.98 12.37 11.89
1845 1627975090 0 1 0.736
1846 1627975090 0 0 24.60 3.13 535.4 0.000 102.6 8.27 2558 725.3 313.3 0.40 0.01 0.0
1847 1627975090 0 7 $GNGGA,071809.000,4424.12989,N,00855.60817,E,1,08,1.1,-0.9,M,44.7,M,,*63
1848 1627975091 0 7 $GNGGA,071810.000,4424.13028,N,00855.60780,E,1,08,1.1,-0.7,M,44.7,M,,*67
1849 1627975092 0 7 $GNGGA,071811.000,4424.13068,N,00855.60736,E,1,08,1.1,-0.7,M,44.7,M,,*6F
1850 1627975092 0 3 2.49 0.00
1851 1627975093 0 4 2.48 1.23
1852 1627975093 0 5 0.05
1853 1627975093 0 6 0.20
1854 1627975093 0 8 4.98 12.36 11.89
1855 1627975093 0 1 0.074
1856 1627975093 0 0 24.62 3.16 534.6 0.000 102.6 8.27 2557 718.9 298.6 0.40 0.01 0.0
1857 1627975093 0 7 $GNGGA,071812.000,4424.13109,N,00855.60688,E,1,08,1.1,-0.5,M,44.7,M,,*6C
1858 1627975094 0 7 $GNGGA,071813.000,4424.13148,N,00855.60639,E,1,08,1.1,-0.3,M,44.7,M,,*64
1859 1627975095 0 7 $GNGGA,071814.000,4424.13167,N,00855.60603,E,1,08,1.1,-0.4,M,44.7,M,,*60
1860 1627975095 0 3 2.49 0.00
1861 1627975096 0 4 2.48 1.23
1862 1627975096 0 5 0.05
1863 1627975096 0 6 0.25
1864 1627975096 0 8 4.98 12.36 11.87
1865 1627975096 0 1 0.055
1866 1627975096 0 0 24.65 3.20 533.3 0.000 102.6 8.27 2556 706.0 313.3 0.40 0.01 0.0
1867 1627975096 0 7 $GNGGA,071815.000,4424.13169,N,00855.60602,E,1,08,1.1,-0.3,M,44.7,M,,*69
1868 1627975097 0 7 $GNGGA,071816.000,4424.13171,N,00855.60604,E,1,08,1.1,-0.3,M,44.7,M,,*65
1869 1627975098 0 7 $GNGGA,071817.000,4424.13174,N,00855.60604,E,1,08,1.1,-0.2,M,44.7,M,,*60
1870 1627975098 0 3 2.49 0.00
1871 1627975098 0 4 2.48 1.23
1872 1627975099 0 5 0.05
1873 1627975099 0 6 -0.00
1874 1627975099 0 8 4.98 12.35 11.89
1875 1627975099 0 1 0.069
1876 1627975099 0 0 24.63 3.14 537.6 0.000 102.6 8.27 2557 693.3 302.5 0.40 0.01 0.0
1877 1627975099 0 7 $GNGGA,071818.000,4424.13199,N,00855.60581,E,1,08,1.1,0.0,M,44.7,M,,*4D
1878 1627975100 0 7 $GNGGA,071819.000,4424.13204,N,00855.60581,E,1,08,1.1,0.0,M,44.7,M,,*4B
1879 1627975101 0 7 $GNGGA,071820.000,4424.13209,N,00855.60583,E,1,08,1.1,0.1,M,44.7,M,,*4F
1880 1627975101 0 3 2.49 0.00
1881 1627975101 0 4 2.48 1.23
1882 1627975102 0 5 0.05
1883 1627975102 0 6 0.03
1884 1627975102 0 8 4.98 12.36 11.89
1885 1627975102 0 1 0.644
1886 1627975102 0 0 24.61 3.13 538.5 0.000 102.6 8.27 2502 742.1 273.7 0.40 0.01 0.0
1887 1627975102 0 7 $GNGGA,071821.000,4424.13214,N,00855.60584,E,1,08,1.1,0.1,M,44.7,M,,*45
1888 1627975103 0 7 $GNGGA,071822.000,4424.13234,N,00855.60536,E,1,08,1.1,-0.0,M,44.7,M,,*61
1889 1627975104 0 7 $GNGGA,071823.000,4424.13267,N,00855.60489,E,1,08,1.1,-0.1,M,44.7,M,,*62
1890 1627975104 0 3 2.49 0.00
1891 1627975104 0 4 2.48 1.22
1892 1627975105 0 5 0.05
1893 1627975105 0 6 0.10
1894 1627975105 0 8 4.98 12.36 11.89
1895 1627975105 0 1 0.059
1896 1627975105 0 0 24.71 3.15 537.9 0.000 102.6 8.26 2551 709.8 333.0 0.40 0.01 0.0
1897 1627975105 0 7 $GNGGA,071824.000,4424.13311,N,00855.60458,E,1,08,1.1,-0.3,M,44.7,M,,*6B
1898 1627975106 0 7 $GNGGA,071825.000,4424.13352,N,00855.60430,E,1,08,1.1,-0.6,M,44.7,M,,*66
1899 1627975107 0 7 $GNGGA,071826.000,4424.13388,N,00855.60406,E,1,08,1.1,-0.6,M,44.7,M,,*67
1900 1627975107 0 3 2.49 0.00
1901 1627975107 0 4 2.48 1.22
1902 1627975108 0 5 0.05
1903 1627975108 0 6 0.09
1904 1627975108 0 8 4.98 12.36 11.89
1905 1627975108 0 1 -0.275
1906 1627975108 0 0 24.74 3.17 536.2 0.000 102.6 8.25 2549 693.4 329.4 0.39 0.01 0.0
1907 1627975108 0 7 $GNGGA,071827.000,4424.13426,N,00855.60386,E,1,08,1.1,-0.5,M,44.7,M,,*69
1908 1627975109 0 7 $GNGGA,071828.000,4424.13464,N,00855.60363,E,1,08,1.1,-0.3,M,44.7,M,,*6D
1909 1627975110 0 7 $GNGGA,071829.000,4424.13518,N,00855.60314,E,1,08,1.1,-0.3,M,44.7,M,,*66
1910 1627975110 0 3 2.49 0.00
1911 1627975110 0 4 2.48 1.22
1912 1627975111 0 5 0.05
1913 1627975111 0 6 0.08
1914 1627975111 0 8 4.98 12.22 11.89
1915 1627975111 0 1 0.949
1916 1627975111 0 0 24.74 3.14 538.4 0.000 102.6 8.25 2550 675.5 361.1 0.40 0.01 0.0
1917 1627975111 0 7 $GNGGA,071830.000,4424.13579,N,00855.60255,E,1,08,1.1,-0.4,M,44.7,M,,*6A
1918 1627975112 0 7 $GNGGA,071831.000,4424.13638,N,00855.60203,E,1,08,1.1,-0.4,M,44.7,M,,*6E
1919 1627975113 0 7 $GNGGA,071832.000,4424.13690,N,00855.60134,E,1,08,1.1,-0.7,M,44.7,M,,*6B
1920 1627975113 0 3 2.49 0.00
1921 1627975113 0 4 2.48 1.22
1922 1627975114 0 5 0.05
1923 1627975114 0 6 0.06
1924 1627975114 0 8 4.98 12.22 11.89
1925 1627975114 0 1 0.034
1926 1627975114 0 0 24.66 3.07 545.2 0.000 102.6 8.27 2555 649.4 325.9 0.40 0.01 0.0
1927 1627975114 0 7 $GNGGA,071833.000,4424.13727,N,00855.60056,E,1,08,1.1,-0.9,M,44.7,M,,*6C
1928 1627975115 0 7 $GNGGA,071834.000,4424.13750,N,00855.60020,E,1,08,1.1,-1.1,M,44.7,M,,*63
1929 1627975116 0 7 $GNGGA,071835.000,4424.13785,N,00855.59996,E,1,08,1.1,-1.4,M,44.7,M,,*61
1930 1627975116 0 3 2.49 0.00
1931 1627975116 0 4 2.48 1.22
1932 1627975117 0 5 0.05
1933 1627975117 0 6 0.09
1934 1627975117 0 8 4.98 12.36 11.89
1935 1627975117 0 1 0.659
1936 1627975117 0 0 24.61 3.12 541.5 0.000 102.6 8.27 2558 664.3 316.3 0.40 0.01 0.0
1937 1627975117 0 7 $GNGGA,071836.000,4424.13822,N,00855.59963,E,1,08,1.1,-1.7,M,44.7,M,,*69
1938 1627975118 0 7 $GNGGA,071837.000,4424.13864,N,00855.59929,E,1,08,1.1,-2.0,M,44.7,M,,*60
1939 1627975119 0 7 $GNGGA,071838.000,4424.13909,N,00855.59891,E,1,08,1.1,-2.2,M,44.7,M,,*65
1940 1627975119 0 3 2.49 0.00
1941 1627975119 0 4 2.48 1.23
1942 1627975120 0 5 0.05
1943 1627975120 0 6 0.08
1944 1627975120 0 8 4.98 12.22 11.89
1945 1627975120 0 1 0.116
1946 1627975120 0 0 24.57 3.12 541.9 0.000 102.6 8.28 2561 692.6 330.8 0.40 0.01 0.0
1947 1627975120 0 7 $GNGGA,071839.000,4424.13956,N,00855.59850,E,1,08,1.1,-2.5,M,44.7,M,,*64
1948 1627975121 0 7 $GNGGA,071840.000,4424.13971,N,00855.59828,E,1,08,1.1,-2.1,M,44.7,M,,*64
1949 1627975122 0 7 $GNGGA,071841.000,4424.13970,N,00855.59821,E,1,08,1.1,-1.4,M,44.7,M,,*6B
1950 1627975122 0 3 2.49 0.00
1951 1627975122 0 4 2.48 1.23
1952 1627975123 0 5 0.05
1953 1627975123 0 6 0.01
1954 1627975123 0 8 4.98 12.41 11.89
1955 1627975123 0 0 24.50 3.12 544.0 0.000 102.6 8.29 2566 558.9 482.9 0.40 0.01 0.0
1956 1627975123 0 7 $GNGGA,071842.000,4424.13968,N,00855.59817,E,1,08,1.1,-1.2,M,44.7,M,,*62
1957 1627975124 0 7 $GNGGA,071843.000,4424.13966,N,00855.59813,E,1,08,1.1,-0.9,M,44.7,M,,*63
1958 1627975125 0 7 $GNGGA,071844.000,4424.13967,N,00855.59810,E,1,08,1.1,-0.8,M,44.7,M,,*67
1959 1627975125 0 3 2.54 0.00
1960 1627975125 0 4 2.52 1.22
1961 1627975126 0 5 0.04
1962 1627975126 0 6 0.17
1963 1627975126 0 8 4.98 12.40 11.89
1964 1627975126 0 0 25.95 8.17 302.4 17.16 102.6 7.62 192.6 136.1 259.2 0.59 10.08 12.5
1965 1627975126 0 7 $GNGGA,071845.000,4424.13970,N,00855.59806,E,1,08,1.1,-0.9,M,44.7,M,,*66
1966 1627975127 0 7 $GNGGA,071846.000,4424.13973,N,00855.59803,E,1,08,1.1,-0.8,M,44.7,M,,*62
1967 1627975128 0 7 $GNGGA,071847.000,4424.14010,N,00855.59772,E,1,08,1.1,-1.1,M,44.7,M,,*69
1968 1627975128 0 3 2.58 0.00
1969 1627975128 0 4 2.56 1.32
1970 1627975129 0 5 0.05
1971 1627975129 0 6 0.17
1972 1627975129 0 8 4.98 12.24 11.89
1973 1627975129 0 0 26.19 8.24 279.6 60.63 102.7 6.39 188.5 64.1 226.1 1.36 40.66 14.2
1974 1627975129 0 7 $GNGGA,071848.000,4424.14026,N,00855.59734,E,1,08,1.1,-1.2,M,44.7,M,,*62
1975 1627975130 0 7 $GNGGA,071849.000,4424.14052,N,00855.59692,E,1,08,1.1,-1.3,M,44.7,M,,*6C
1976 1627975131 0 7 $GNGGA,071850.000,4424.14091,N,00855.59665,E,1,08,1.1,-0.5,M,44.7,M,,*64
1977 1627975131 0 3 2.57 0.00
1978 1627975132 0 4 2.56 1.17
1979 1627975132 0 5 0.05
1980 1627975132 0 6 0.13
1981 1627975132 0 8 4.98 12.40 11.89
1982 1627975132 0 0 26.20 8.25 274.2 61.16 102.8 6.39 186.5 47.3 220.8 1.48 41.06 14.2
1983 1627975132 0 7 $GNGGA,071851.000,4424.14117,N,00855.59634,E,1,08,1.1,-0.4,M,44.7,M,,*6F
1984 1627975132 0 1 5.190
1985 1627975133 0 7 $GNGGA,071852.000,4424.14139,N,00855.59608,E,1,07,1.1,-0.3,M,44.7,M,,*67
1986 1627975134 0 7 $GNGGA,071853.000,4424.14141,N,00855.59604,E,1,07,1.1,-0.3,M,44.7,M,,*65
1987 1627975134 0 3 2.57 0.00
1988 1627975134 0 4 2.56 1.23
1989 1627975135 0 5 0.05
1990 1627975135 0 6 0.11
1991 1627975135 0 8 4.98 12.35 11.89
1992 1627975135 0 1 4.777
1993 1627975135 0 0 26.20 8.25 270.8 61.28 105.4 6.54 185.0 39.8 219.0 1.48 41.15 14.1
1994 1627975135 0 7 $GNGGA,071854.000,4424.14145,N,00855.59597,E,1,07,1.1,-0.3,M,44.7,M,,*6F
1995 1627975136 0 7 $GNGGA,071855.000,4424.14147,N,00855.59594,E,1,07,1.1,-0.4,M,44.7,M,,*68
1996 1627975137 0 7 $GNGGA,071856.000,4424.14172,N,00855.59535,E,1,07,1.1,-0.6,M,44.7,M,,*64
1997 1627975137 0 3 2.57 0.00
1998 1627975137 0 4 2.56 1.24
1999 1627975138 0 5 0.05
2000 1627975138 0 6 0.11
2001 1627975138 0 8 4.98 12.36 11.89
2002 1627975138 0 1 5.188
2003 1627975138 0 0 26.20 8.25 268.6 61.35 106.9 6.64 184.3 35.8 218.2 1.48 41.20 14.0
2004 1627975138 0 7 $GNGGA,071857.000,4424.14196,N,00855.59470,E,1,07,1.1,-0.7,M,44.7,M,,*6E
2005 1627975139 0 7 $GNGGA,071858.000,4424.14223,N,00855.59412,E,1,07,1.1,-0.9,M,44.7,M,,*66
